288
0 0.04829
1 0.04829
2 0.04829
3 0.04829
4 0.04829
5 0.04829
6 0.04088
7 0.04088
8 0.04088
9 0.04088
10 0.04088
11 0.04088
12 0.04088
13 0.04088
14 0.04088
15 0.04088
16 0.04088
17 0.04088
18 0.04088
19 0.04088
20 0.04088
21 0.04088
22 0.04088
23 0.04088
24 0.03579
25 0.03579
26 0.03579
27 0.03579
28 0.03579
29 0.03579
30 0.03579
31 0.03579
32 0.03579
33 0.03579
34 0.03579
35 0.03579
36 0.03579
37 0.03579
38 0.03579
39 0.03579
40 0.03579
41 0.03579
42 0.03512
43 0.03512
44 0.03512
45 0.03512
46 0.03512
47 0.03512
48 0.03512
49 0.03512
50 0.03512
51 0.03512
52 0.03512
53 0.03512
54 0.03512
55 0.03512
56 0.03512
57 0.03512
58 0.03512
59 0.03512
60 0.03512
61 0.03512
62 0.03512
63 0.03512
64 0.03512
65 0.03512
66 0.03579
67 0.03579
68 0.03579
69 0.03579
70 0.03579
71 0.03579
72 0.06453
73 0.06453
74 0.06453
75 0.06453
76 0.06453
77 0.06453
78 0.06453
79 0.06453
80 0.06453
81 0.06453
82 0.06453
83 0.06453
84 0.07384
85 0.07384
86 0.07384
87 0.07384
88 0.07384
89 0.07384
90 0.07504
91 0.07504
92 0.07504
93 0.07504
94 0.07504
95 0.07504
96 0.07504
97 0.07504
98 0.07504
99 0.07504
100 0.07504
101 0.07504
102 0.07504
103 0.07504
104 0.07504
105 0.07504
106 0.07504
107 0.07504
108 0.07490
109 0.07490
110 0.07490
111 0.07490
112 0.07490
113 0.07490
114 0.07490
115 0.07490
116 0.07490
117 0.07490
118 0.07490
119 0.07490
120 0.07490
121 0.07490
122 0.07490
123 0.07490
124 0.07490
125 0.07490
126 0.07490
127 0.07490
128 0.07490
129 0.07490
130 0.07490
131 0.07490
132 0.07459
133 0.07459
134 0.07459
135 0.07459
136 0.07459
137 0.07459
138 0.07116
139 0.07116
140 0.07116
141 0.07116
142 0.07116
143 0.07116
144 0.06543
145 0.06543
146 0.06543
147 0.06543
148 0.06543
149 0.06543
150 0.06543
151 0.06543
152 0.06543
153 0.06543
154 0.06543
155 0.06543
156 0.06453
157 0.06453
158 0.06453
159 0.06453
160 0.06453
161 0.06453
162 0.06453
163 0.06453
164 0.06453
165 0.06453
166 0.06453
167 0.06453
168 0.06429
169 0.06429
170 0.06429
171 0.06429
172 0.06429
173 0.06429
174 0.06429
175 0.06429
176 0.06429
177 0.06429
178 0.06429
179 0.06429
180 0.06429
181 0.06429
182 0.06429
183 0.06429
184 0.06429
185 0.06429
186 0.06429
187 0.06429
188 0.06429
189 0.06429
190 0.06429
191 0.06429
192 0.06429
193 0.06429
194 0.06429
195 0.06429
196 0.06429
197 0.06429
198 0.06453
199 0.06453
200 0.06453
201 0.06453
202 0.06453
203 0.06453
204 0.06543
205 0.06543
206 0.06543
207 0.06543
208 0.06543
209 0.06543
210 0.06543
211 0.06543
212 0.06543
213 0.06543
214 0.06543
215 0.06543
216 0.07096
217 0.07096
218 0.07096
219 0.07096
220 0.07096
221 0.07096
222 0.07428
223 0.07428
224 0.07428
225 0.07428
226 0.07428
227 0.07428
228 0.06867
229 0.06867
230 0.06867
231 0.06867
232 0.06867
233 0.06867
234 0.06516
235 0.06516
236 0.06516
237 0.06516
238 0.06516
239 0.06516
240 0.06453
241 0.06453
242 0.06453
243 0.06453
244 0.06453
245 0.06453
246 0.06429
247 0.06429
248 0.06429
249 0.06429
250 0.06429
251 0.06429
252 0.06318
253 0.06318
254 0.06318
255 0.06318
256 0.06318
257 0.06318
258 0.04807
259 0.04807
260 0.04807
261 0.04807
262 0.04807
263 0.04807
264 0.04710
265 0.04710
266 0.04710
267 0.04710
268 0.04710
269 0.04710
270 0.04395
271 0.04395
272 0.04395
273 0.04395
274 0.04395
275 0.04395
276 0.04807
277 0.04807
278 0.04807
279 0.04807
280 0.04807
281 0.04807
282 0.04807
283 0.04807
284 0.04807
285 0.04807
286 0.04807
287 0.04807
