5
2
25
0 150 0.1 0.1
3292 3203
1 190 0.1 0.0
3284 3152
2 150 0.1 0.1
3205 3306
3 120 0.1 0.1
3122 3272
4 190 0.1 0.0
3197 3300
5 130 0.0 0.1
3275 3257
6 190 0.1 0.0
3169 3268
7 190 0.1 0.0
3268 3445
8 150 0.1 0.1
3202 3300
9 130 0.0 0.1
3212 3188
10 170 0.1 0.1
3298 3175
11 120 0.1 0.1
3300 3127
12 170 0.1 0.1
3261 3182
13 150 0.1 0.1
3247 3203
14 170 0.1 0.1
3232 3268
15 120 0.1 0.1
3206 3115
16 150 0.1 0.1
3381 3312
17 120 0.1 0.1
3257 3084
18 120 0.1 0.1
3264 3246
19 150 0.1 0.1
3259 3210
20 190 0.1 0.0
3227 3115
21 120 0.1 0.1
3204 3268
22 120 0.1 0.1
3185 3231
23 170 0.1 0.1
3327 3224
24 120 0.1 0.1
3180 3416
200
0 100 13 167 27.21
103 19
1 55 165 250 390.06
1476 274
2 97 37 226 91.06
339 90
3 29 39 273 18.41
51 100
4 128 7 248 2.58
5 24
5 5 113 152 222.26
843 147
6 25 28 240 218.00
814 204
7 4 247 287 338.92
972 1687
8 123 48 287 313.47
1048 865
9 17 0 94 405.56
1513 386
10 34 41 203 348.34
1164 964
11 62 5 288 148.88
217 1721
12 32 27 162 50.89
95 491
13 148 93 284 101.19
141 1200
14 36 3 117 91.84
182 837
15 104 31 212 620.33
2085 1660
16 71 86 248 612.47
2128 1315
17 37 24 280 21.95
30 263
18 192 62 288 413.06
1517 505
19 139 1 208 27.19
59 224
20 57 22 272 12.87
29 101
21 72 20 187 238.42
484 2119
22 12 232 286 98.14
159 1060
23 72 32 252 37.11
68 364
24 144 30 276 200.17
431 1664
25 180 64 288 18.68
54 91
26 18 259 287 49.67
96 464
27 121 134 288 157.38
214 1891
28 13 27 167 130.35
215 1390
29 50 76 287 111.96
403 175
30 12 81 288 103.37
246 750
31 57 128 280 63.79
119 616
32 74 8 204 114.01
428 96
33 86 71 282 548.60
1695 2163
34 224 17 274 123.47
315 797
35 61 195 287 25.23
53 216
36 42 59 287 701.46
2515 1143
37 115 2 284 45.24
88 420
38 152 61 287 217.69
411 2079
39 13 231 288 9.73
22 76
40 13 3 106 368.33
1083 1709
41 22 2 49 157.71
592 133
42 15 3 195 213.49
342 2324
43 75 31 218 151.64
539 269
44 170 39 267 46.96
101 391
45 18 159 288 111.34
422 75
46 73 51 265 113.86
433 70
47 25 2 268 420.54
1195 2145
48 23 23 285 481.81
1627 1254
49 50 190 285 170.81
647 117
50 120 0 244 49.00
184 41
51 11 135 288 426.64
1624 255
52 116 41 271 19.08
71 19
53 31 48 151 24.02
33 287
54 26 31 277 11.96
16 145
55 68 6 275 391.40
1489 238
56 31 5 119 513.24
1630 1817
57 92 50 280 106.09
402 72
58 19 3 80 536.53
1613 2324
59 25 67 288 699.66
2347 1894
60 58 3 234 491.69
1818 544
61 117 32 247 168.82
640 113
62 26 1 245 29.12
49 306
63 101 85 288 735.12
2575 1481
64 19 38 257 572.58
2180 340
65 140 18 276 266.00
1011 166
66 124 0 233 324.92
780 2326
67 87 3 195 82.49
121 950
68 46 3 94 67.53
108 736
69 28 98 287 666.02
2187 2023
70 88 166 288 111.88
374 309
71 134 89 288 255.19
973 145
72 73 63 288 48.71
182 45
73 42 68 192 527.94
2008 323
74 211 7 286 545.44
2070 355
75 27 63 220 57.11
100 582
76 28 6 110 351.56
1023 1681
77 13 207 287 195.01
433 1560
78 1 132 287 590.10
2226 447
79 89 57 177 337.99
1284 214
80 3 109 281 51.21
197 21
81 50 79 258 27.45
36 336
82 64 17 155 711.90
2285 2408
83 59 69 267 549.64
1686 2224
84 7 98 271 559.84
1796 1898
85 42 3 120 25.05
96 12
86 45 12 198 370.49
1378 372
87 85 180 284 159.14
606 94
88 2 239 265 317.08
1212 166
89 41 78 287 32.28
67 280
90 240 41 288 40.21
152 29
91 23 7 287 636.70
1849 3062
92 5 121 288 147.76
555 123
93 11 6 188 18.21
29 199
94 58 18 217 586.42
2249 272
95 124 21 216 341.19
1015 1528
96 119 40 265 131.35
247 1259
97 98 3 192 175.48
354 1570
98 23 183 287 402.79
1522 293
99 16 2 116 273.17
967 503
100 102 66 264 159.72
607 100
101 23 0 41 195.19
444 1512
102 159 126 287 113.41
233 995
103 156 33 254 179.85
296 1921
104 93 119 286 363.25
1387 197
105 13 124 287 106.17
407 50
106 30 80 288 12.31
18 142
107 102 133 284 375.01
1429 217
108 35 38 288 35.11
52 402
109 50 117 287 684.20
2203 2282
110 66 53 240 16.57
23 197
111 43 191 282 7.30
15 64
112 48 11 129 290.63
815 1533
113 35 3 243 244.36
910 240
114 85 50 281 230.12
416 2284
115 10 1 85 28.65
51 288
116 12 19 148 305.86
1128 352
117 125 22 249 528.98
1825 1196
118 92 35 190 141.89
239 1490
119 30 205 287 372.11
1391 341
120 159 81 285 229.38
868 161
121 9 117 288 115.71
256 930
122 226 9 252 45.73
70 513
123 9 276 288 345.40
888 2198
124 39 214 275 111.50
221 1016
125 4 2 108 481.76
1642 1183
126 159 67 265 37.40
64 388
127 120 0 287 371.87
1359 486
128 70 26 257 576.36
1978 1352
129 13 1 51 91.62
134 1057
130 129 120 258 38.38
145 28
131 172 83 287 5.81
13 46
132 23 107 284 40.08
69 414
133 63 25 269 716.02
2553 1233
134 133 23 250 41.63
158 27
135 83 156 287 374.70
1425 230
136 47 21 288 12.27
26 104
137 122 75 288 24.34
90 27
138 58 37 227 82.47
152 805
139 215 24 284 585.27
2087 1007
140 73 35 230 307.44
1071 647
141 85 88 271 83.20
313 67
142 47 25 285 120.42
456 83
143 88 31 180 329.30
1250 213
144 36 54 207 45.42
75 484
145 13 13 287 337.92
844 2266
146 84 15 128 5.32
10 51
147 207 22 286 151.97
251 1619
148 40 7 288 38.58
143 41
149 78 30 287 166.82
621 165
150 12 20 288 134.30
336 898
151 120 138 274 343.93
1323 141
152 70 57 288 17.36
67 6
153 43 14 204 158.54
606 83
154 59 43 256 312.00
997 1076
155 120 0 258 146.20
554 99
156 15 0 277 626.08
2044 1957
157 10 0 163 400.37
1061 2400
158 55 194 263 286.71
917 985
159 56 73 287 393.02
1493 249
160 99 43 287 131.65
503 70
161 121 10 207 440.40
1322 1917
162 35 21 204 33.44
129 12
163 15 212 288 473.52
1793 327
164 102 0 111 11.27
24 95
165 168 53 271 119.89
209 1226
166 214 8 249 129.33
478 144
167 115 58 257 8.84
17 83
168 61 0 172 156.76
230 1805
169 62 16 117 801.24
2812 1589
170 31 187 285 412.77
1551 341
171 82 2 263 520.84
1595 2120
172 80 13 252 12.16
20 130
173 7 156 288 664.70
2236 1770
174 58 132 239 62.81
218 136
175 20 127 242 46.31
80 477
176 119 29 287 89.39
152 932
177 170 0 215 133.20
502 103
178 128 109 275 183.81
708 71
179 44 35 287 542.12
1719 1932
180 52 50 287 55.41
98 560
181 158 3 288 19.84
74 19
182 227 10 288 117.26
435 123
183 27 28 244 36.58
49 443
184 95 33 273 351.25
1034 1624
185 6 0 287 79.79
156 737
186 123 100 288 195.25
243 2451
187 26 19 285 153.49
584 93
188 109 4 282 30.99
117 23
189 33 209 288 17.17
26 194
190 15 97 144 74.50
279 66
191 96 88 287 48.34
85 491
192 142 10 288 238.20
886 239
193 69 112 288 626.08
2257 963
194 174 0 239 47.13
176 44
195 71 154 244 791.89
2754 1688
196 14 82 264 35.56
51 415
197 18 8 211 241.83
917 161
198 50 159 240 285.37
1066 265
199 119 3 283 496.48
1653 1402
