288
0 0.05349
1 0.05349
2 0.05349
3 0.05349
4 0.05349
5 0.05349
6 0.05349
7 0.05349
8 0.05349
9 0.05349
10 0.05349
11 0.05349
12 0.05349
13 0.05349
14 0.05349
15 0.05349
16 0.05349
17 0.05349
18 0.05349
19 0.05349
20 0.05349
21 0.05349
22 0.05349
23 0.05349
24 0.05138
25 0.05138
26 0.05138
27 0.05138
28 0.05138
29 0.05138
30 0.05138
31 0.05138
32 0.05138
33 0.05138
34 0.05138
35 0.05138
36 0.05138
37 0.05138
38 0.05138
39 0.05138
40 0.05138
41 0.05138
42 0.05138
43 0.05138
44 0.05138
45 0.05138
46 0.05138
47 0.05138
48 0.05430
49 0.05430
50 0.05430
51 0.05430
52 0.05430
53 0.05430
54 0.05430
55 0.05430
56 0.05430
57 0.05430
58 0.05430
59 0.05430
60 0.05430
61 0.05430
62 0.05430
63 0.05430
64 0.05430
65 0.05430
66 0.05580
67 0.05580
68 0.05580
69 0.05580
70 0.05580
71 0.05580
72 0.05594
73 0.05594
74 0.05594
75 0.05594
76 0.05594
77 0.05594
78 0.04558
79 0.04558
80 0.04558
81 0.04558
82 0.04558
83 0.04558
84 0.05713
85 0.05713
86 0.05713
87 0.05713
88 0.05713
89 0.05713
90 0.08000
91 0.08000
92 0.08000
93 0.08000
94 0.08000
95 0.08000
96 0.11851
97 0.11851
98 0.11851
99 0.11851
100 0.11851
101 0.11851
102 0.04921
103 0.04921
104 0.04921
105 0.04921
106 0.04921
107 0.04921
108 0.04921
109 0.04921
110 0.04921
111 0.04921
112 0.04921
113 0.04921
114 0.11851
115 0.11851
116 0.11851
117 0.11851
118 0.11851
119 0.11851
120 0.04923
121 0.04923
122 0.04923
123 0.04923
124 0.04923
125 0.04923
126 0.05680
127 0.05680
128 0.05680
129 0.05680
130 0.05680
131 0.05680
132 0.05680
133 0.05680
134 0.05680
135 0.05680
136 0.05680
137 0.05680
138 0.05680
139 0.05680
140 0.05680
141 0.05680
142 0.05680
143 0.05680
144 0.18023
145 0.18023
146 0.18023
147 0.18023
148 0.18023
149 0.18023
150 0.11851
151 0.11851
152 0.11851
153 0.11851
154 0.11851
155 0.11851
156 0.11851
157 0.11851
158 0.11851
159 0.11851
160 0.11851
161 0.11851
162 0.11851
163 0.11851
164 0.11851
165 0.11851
166 0.11851
167 0.11851
168 0.11851
169 0.11851
170 0.11851
171 0.11851
172 0.11851
173 0.11851
174 0.11851
175 0.11851
176 0.11851
177 0.11851
178 0.11851
179 0.11851
180 0.11851
181 0.11851
182 0.11851
183 0.11851
184 0.11851
185 0.11851
186 0.06442
187 0.06442
188 0.06442
189 0.06442
190 0.06442
191 0.06442
192 0.06442
193 0.06442
194 0.06442
195 0.06442
196 0.06442
197 0.06442
198 0.19862
199 0.19862
200 0.19862
201 0.19862
202 0.19862
203 0.19862
204 0.24614
205 0.24614
206 0.24614
207 0.24614
208 0.24614
209 0.24614
210 0.23948
211 0.23948
212 0.23948
213 0.23948
214 0.23948
215 0.23948
216 0.27384
217 0.27384
218 0.27384
219 0.27384
220 0.27384
221 0.27384
222 0.26295
223 0.26295
224 0.26295
225 0.26295
226 0.26295
227 0.26295
228 0.23884
229 0.23884
230 0.23884
231 0.23884
232 0.23884
233 0.23884
234 0.19862
235 0.19862
236 0.19862
237 0.19862
238 0.19862
239 0.19862
240 0.19862
241 0.19862
242 0.19862
243 0.19862
244 0.19862
245 0.19862
246 0.06442
247 0.06442
248 0.06442
249 0.06442
250 0.06442
251 0.06442
252 0.04923
253 0.04923
254 0.04923
255 0.04923
256 0.04923
257 0.04923
258 0.04923
259 0.04923
260 0.04923
261 0.04923
262 0.04923
263 0.04923
264 0.04922
265 0.04922
266 0.04922
267 0.04922
268 0.04922
269 0.04922
270 0.04561
271 0.04561
272 0.04561
273 0.04561
274 0.04561
275 0.04561
276 0.04874
277 0.04874
278 0.04874
279 0.04874
280 0.04874
281 0.04874
282 0.04761
283 0.04761
284 0.04761
285 0.04761
286 0.04761
287 0.04761
