5
3
40
0 120 0.1 0.1
2454 2507 2544
1 130 0.0 0.1
2508 2528 2603
2 170 0.1 0.1
2439 2541 2459
3 120 0.1 0.1
2485 2476 2441
4 150 0.1 0.1
2418 2543 2426
5 120 0.1 0.1
2538 2530 2565
6 190 0.1 0.0
2391 2387 2574
7 120 0.1 0.1
2533 2561 2469
8 170 0.1 0.1
2488 2504 2401
9 130 0.0 0.1
2400 2532 2496
10 190 0.1 0.0
2553 2467 2407
11 130 0.0 0.1
2488 2513 2435
12 120 0.1 0.1
2517 2487 2423
13 170 0.1 0.1
2519 2506 2437
14 170 0.1 0.1
2505 2471 2564
15 190 0.1 0.0
2477 2568 2571
16 170 0.1 0.1
2472 2481 2490
17 190 0.1 0.0
2537 2431 2525
18 190 0.1 0.0
2536 2500 2521
19 190 0.1 0.0
2464 2466 2512
20 150 0.1 0.1
2526 2477 2504
21 170 0.1 0.1
2465 2617 2411
22 190 0.1 0.0
2501 2477 2487
23 170 0.1 0.1
2529 2468 2476
24 150 0.1 0.1
2421 2494 2578
25 120 0.1 0.1
2494 2391 2482
26 120 0.1 0.1
2495 2496 2572
27 150 0.1 0.1
2478 2582 2421
28 170 0.1 0.1
2495 2484 2473
29 120 0.1 0.1
2656 2508 2487
30 150 0.1 0.1
2468 2518 2650
31 190 0.1 0.0
2489 2589 2486
32 130 0.0 0.1
2465 2508 2471
33 130 0.0 0.1
2457 2435 2540
34 120 0.1 0.1
2541 2516 2532
35 150 0.1 0.1
2557 2433 2425
36 190 0.1 0.0
2517 2478 2543
37 170 0.1 0.1
2504 2501 2433
38 130 0.0 0.1
2518 2493 2531
39 130 0.0 0.1
2446 2456 2449
500
0 139 108 288 333.60
1058 196 204
1 239 1 266 31.51
56 49 281
2 39 62 283 18.19
58 10 10
3 117 9 248 116.83
213 220 947
4 66 140 287 253.64
442 943 1501
5 2 0 42 786.00
2041 2181 1064
6 48 55 117 590.45
1696 1145 400
7 34 151 288 178.54
565 116 101
8 26 12 86 32.48
53 57 313
9 69 53 288 402.82
1279 228 249
10 172 9 255 336.07
529 1511 1993
11 10 255 288 24.12
38 183 31
12 7 0 47 369.46
594 1701 2044
13 4 1 17 63.52
114 118 530
14 24 2 144 605.18
1526 2011 640
15 1 78 145 46.20
75 73 460
16 34 73 193 309.76
470 1460 1859
17 60 3 245 39.91
71 81 327
18 63 19 142 30.77
53 60 268
19 87 6 191 771.14
2033 2221 708
20 114 7 226 436.29
843 1606 2027
21 165 14 195 385.92
1233 193 223
22 31 54 182 221.33
389 554 1690
23 74 0 79 515.94
1502 870 405
24 63 0 280 48.77
84 81 446
25 34 2 159 30.43
53 52 272
26 48 0 239 177.29
305 285 1638
27 4 0 286 516.00
1648 291 253
28 63 1 163 158.97
499 111 107
29 124 71 288 18.15
30 30 175
30 52 11 266 506.50
1306 1575 496
31 85 173 287 73.55
123 131 685
32 148 71 287 106.45
340 56 58
33 43 218 287 582.90
1608 1371 498
34 181 101 287 298.72
472 1255 1891
35 166 72 278 329.49
1053 161 194
36 66 16 260 187.63
332 697 1076
37 64 14 288 630.23
1368 2190 2071
38 99 72 224 189.32
607 95 94
39 80 2 250 205.53
447 1013 221
40 71 8 214 200.02
418 1030 268
41 134 74 240 168.32
529 110 120
42 74 199 288 44.74
141 30 28
43 135 32 287 304.10
630 1648 323
44 12 27 149 172.31
428 619 158
45 41 1 198 51.68
94 87 436
46 98 99 288 59.85
104 88 558
47 98 1 213 280.19
430 1127 1938
48 67 199 287 408.58
1104 1077 337
49 42 122 287 156.59
494 110 87
50 30 81 244 286.12
427 1932 892
51 43 74 219 34.10
61 62 288
52 50 21 262 13.30
42 8 9
53 108 73 287 761.77
2081 1975 519
54 20 63 269 30.14
95 18 22
55 84 14 288 19.46
33 30 185
56 125 7 285 863.98
2267 2032 1553
57 176 78 287 608.96
1823 878 350
58 22 10 287 235.89
362 1244 1189
59 103 38 288 127.82
210 901 207
60 85 10 287 304.29
447 1477 1865
61 21 42 87 19.96
35 32 180
62 11 1 228 125.42
210 259 1113
63 174 2 182 435.51
1391 251 205
64 148 8 249 29.82
49 51 287
65 147 128 288 237.65
762 115 124
66 55 37 189 5.40
10 10 43
67 8 24 245 291.42
709 1123 257
68 113 6 233 335.92
1068 198 186
69 16 122 287 676.62
1562 2172 1839
70 41 115 240 316.62
514 1707 1343
71 88 86 287 80.85
255 49 57
72 117 16 280 323.39
1015 212 239
73 36 13 284 178.03
289 756 1061
74 148 1 276 287.43
730 952 272
75 13 1 53 9.75
15 18 99
76 44 61 253 83.04
262 53 54
77 40 5 260 229.27
724 148 142
78 63 71 283 89.73
125 742 138
79 3 89 213 29.78
47 59 288
80 14 1 142 589.25
1332 1778 1970
81 12 163 288 560.99
1556 1301 448
82 9 213 288 52.23
84 81 528
83 176 94 286 23.97
30 214 37
84 30 5 90 345.55
984 688 267
85 119 67 284 518.66
1658 275 270
86 82 37 214 66.96
215 33 32
87 1 48 274 5.53
9 8 56
88 56 4 83 288.25
418 1739 1295
89 9 0 110 20.49
66 9 10
90 24 60 266 468.54
1502 230 242
91 74 150 271 251.03
405 905 1755
92 57 33 111 85.47
274 42 44
93 16 19 109 649.80
1551 2015 1516
94 53 88 287 40.69
68 68 386
95 120 156 288 83.00
132 139 834
96 13 51 273 340.69
1079 194 228
97 45 212 287 33.60
58 62 297
98 105 2 195 61.47
95 105 634
99 21 5 110 390.81
867 1685 663
100 91 12 235 153.76
263 542 989
101 68 193 287 232.20
746 117 104
102 86 1 131 186.03
587 125 111
103 36 49 203 9.86
16 17 96
104 143 94 273 82.51
260 54 54
105 35 0 175 348.00
761 1674 407
106 78 1 169 531.36
1117 1923 1886
107 57 7 253 1.50
4 3 3
108 92 26 268 71.29
226 44 41
109 123 61 269 191.66
473 704 174
110 9 0 273 514.46
1624 370 266
111 170 28 209 599.27
1705 1243 399
112 20 0 54 35.66
61 60 328
113 39 107 288 10.07
17 19 91
114 2 40 269 164.27
245 654 1196
115 17 72 280 420.89
803 1772 1693
116 37 30 206 91.78
131 733 158
117 146 26 205 34.04
59 59 305
118 237 41 288 105.45
173 189 1004
119 39 82 201 432.33
1266 740 271
120 121 6 282 68.04
103 108 729
121 123 2 244 692.57
2011 1216 508
122 39 28 288 89.31
146 148 872
123 40 0 154 104.53
180 165 969
124 147 18 244 104.15
331 61 59
125 168 11 282 67.87
116 110 631
126 99 15 241 5.61
10 10 48
127 60 2 161 198.25
317 634 1527
128 184 21 288 307.31
500 1400 1681
129 80 101 206 267.44
531 1531 323
130 123 89 288 436.82
1295 669 281
131 9 91 276 59.87
95 451 77
132 72 84 261 119.38
178 791 396
133 94 47 287 164.44
524 88 96
134 35 122 287 158.74
469 240 118
135 89 38 270 125.52
195 940 199
136 84 61 271 98.85
178 156 862
137 25 118 256 650.34
1879 1221 424
138 129 20 287 77.75
125 128 775
139 41 37 103 316.66
609 1595 847
140 81 15 218 317.21
566 1715 981
141 55 8 256 9.54
15 16 97
142 92 18 252 16.90
54 9 9
143 76 0 260 323.35
510 1358 2054
144 108 37 275 283.80
864 302 223
145 65 101 288 180.60
323 394 1427
146 78 20 279 0.99
3 1 1
147 54 38 287 222.75
330 661 1976
148 17 22 90 248.41
789 153 133
149 185 0 261 81.14
106 707 120
150 13 17 148 23.78
40 45 216
151 146 73 288 10.02
19 21 73
152 35 94 287 112.10
355 68 69
153 37 1 166 186.09
590 114 108
154 121 3 275 274.96
448 1111 1712
155 12 47 281 224.27
663 359 134
156 70 92 258 539.02
1271 1640 1414
157 158 24 216 234.21
347 812 1902
158 2 9 188 22.03
40 40 182
159 48 16 255 720.13
1900 1962 819
160 59 108 277 674.13
1690 1932 1244
161 3 21 284 16.17
51 10 11
162 7 248 287 169.50
288 276 1586
163 37 47 288 670.16
1620 1906 1679
164 33 3 130 183.87
308 371 1644
165 81 40 272 382.18
1221 194 217
166 74 97 287 849.90
2077 2433 1948
167 30 32 200 404.53
1289 225 224
168 6 22 250 61.58
93 484 82
169 35 83 275 12.13
37 11 12
170 45 4 261 190.27
323 664 1251
171 7 0 74 268.94
848 176 172
172 45 70 203 524.99
1036 2211 1870
173 42 82 283 428.08
1361 261 224
174 43 24 129 294.22
939 152 170
175 71 105 225 167.88
458 415 149
176 22 32 183 404.66
1280 257 242
177 32 12 44 581.74
1650 1238 376
178 96 3 180 138.88
437 87 101
179 64 33 285 16.61
52 11 13
180 72 15 287 643.34
1640 2157 527
181 79 32 269 265.48
429 1628 845
182 136 40 219 119.34
202 229 1070
183 23 117 261 421.54
1354 201 208
184 45 177 287 176.80
310 302 1566
185 19 8 273 84.54
152 240 579
186 169 3 288 666.93
1933 1203 466
187 248 1 288 30.35
51 58 275
188 27 191 287 448.01
1434 217 251
189 83 153 287 756.28
1834 2255 1698
190 160 3 287 201.52
335 715 1357
191 68 7 79 10.78
34 7 7
192 19 1 42 862.14
2154 2393 1759
193 16 14 273 341.50
583 1584 1634
194 75 2 89 358.86
1142 197 213
195 113 29 200 10.45
15 85 15
196 105 14 278 152.32
237 770 795
197 10 9 157 270.31
864 151 130
198 36 23 113 301.34
732 1127 325
199 208 21 287 618.10
1834 923 422
200 147 31 238 325.65
696 1585 466
201 14 52 284 237.33
392 1218 1052
202 8 0 274 309.59
756 1178 276
203 32 130 288 168.55
259 911 814
204 179 55 288 280.84
508 1768 446
205 8 38 249 267.11
653 991 271
206 163 8 231 329.89
1051 182 186
207 105 69 287 288.91
493 1716 820
208 49 19 258 591.47
1597 1577 469
209 88 4 153 398.43
1250 316 216
210 47 48 288 299.12
957 154 157
211 4 0 54 337.34
535 1697 1702
212 38 0 140 97.69
169 161 890
213 196 20 280 175.81
313 271 1568
214 83 19 187 6.46
11 10 61
215 9 3 96 370.05
641 1543 1966
216 62 19 263 162.14
291 267 1404
217 94 9 238 376.93
861 1489 670
218 54 17 282 280.65
441 1285 1635
219 25 141 279 238.89
418 1538 427
220 80 9 187 141.14
215 620 909
221 6 82 109 405.90
635 1966 2223
222 43 38 251 37.37
69 61 311
223 192 74 287 673.35
1845 1695 496
224 87 35 267 51.47
164 27 31
225 225 6 280 142.91
233 232 1407
226 149 51 288 758.06
1931 1953 1514
227 159 0 288 577.52
1787 562 331
228 68 119 259 484.13
1043 2033 1120
229 72 54 285 182.19
509 411 137
230 132 22 194 180.73
279 404 1723
231 44 222 288 789.71
1938 2193 1855
232 7 253 261 510.26
1483 867 408
233 18 185 288 49.38
81 120 423
234 100 1 268 123.58
198 234 1191
235 37 9 209 114.19
363 63 70
236 85 6 208 50.10
93 90 401
237 16 184 249 229.48
686 312 167
238 28 168 287 639.58
1821 1269 503
239 16 10 243 89.08
226 301 77
240 83 4 284 199.24
324 555 1620
241 27 139 288 307.46
669 1461 410
242 94 47 220 154.33
240 753 847
243 48 100 171 6.31
10 11 63
244 51 1 245 31.25
100 15 18
245 12 79 246 96.25
147 531 455
246 84 155 257 128.48
409 70 76
247 93 4 200 15.45
49 10 8
248 114 157 287 766.62
1916 2067 1651
249 147 137 288 217.85
689 137 133
250 73 0 134 92.90
159 186 809
251 17 158 267 109.13
349 53 63
252 8 96 288 176.66
292 401 1540
253 56 188 270 100.85
147 817 135
254 54 92 253 173.79
516 255 123
255 92 1 288 41.72
130 31 32
256 105 7 184 530.94
1264 1805 1024
257 17 1 44 810.18
2185 1827 1160
258 164 23 274 189.38
323 374 1665
259 235 52 288 136.39
233 233 1251
260 134 68 254 124.34
185 898 304
261 26 55 194 552.28
1461 1558 521
262 142 133 287 932.77
2312 2432 2268
263 2 31 285 403.01
1277 235 257
264 22 0 202 504.65
1143 1843 1191
265 14 30 239 77.11
136 120 695
266 23 11 191 71.54
113 118 727
267 6 0 286 431.40
988 1826 566
268 37 0 187 19.61
35 29 176
269 26 174 287 211.92
340 1140 931
270 12 154 248 530.27
1470 1205 466
271 136 103 287 637.01
1451 2069 1832
272 23 7 264 464.87
1006 1774 1311
273 16 242 288 91.82
287 61 75
274 86 7 287 482.72
941 1942 1937
275 136 1 192 121.62
188 767 415
276 22 81 267 53.64
171 32 26
277 12 13 287 250.81
396 853 1891
278 14 2 80 282.39
903 153 140
279 22 0 62 70.82
126 122 613
280 18 22 215 6.31
8 57 8
281 40 6 224 30.09
53 48 270
282 47 26 199 10.13
18 18 87
283 2 0 158 131.73
206 200 1379
284 61 94 232 617.13
1680 1611 445
285 79 0 255 641.90
1793 1409 544
286 37 34 120 12.47
21 25 111
287 172 94 287 71.54
112 132 713
288 14 1 143 251.57
397 1095 1539
289 19 185 288 74.71
129 120 687
290 76 53 220 1.18
2 2 11
291 92 2 216 145.00
245 225 1383
292 33 33 287 515.85
1519 794 398
293 33 35 278 110.27
191 197 980
294 69 7 148 656.97
1836 1463 519
295 61 5 133 669.13
1804 1767 575
296 9 9 158 485.93
1527 380 254
297 66 71 285 106.23
336 68 63
298 35 126 287 644.41
1365 2426 2074
299 197 6 251 158.32
268 252 1497
300 16 85 287 66.50
110 113 636
301 105 9 269 8.93
16 15 77
302 19 2 163 214.50
679 126 140
303 87 3 227 377.41
562 2126 1819
304 66 3 181 450.90
1397 412 286
305 18 148 256 305.37
503 1448 1542
306 72 2 281 366.78
548 1912 1986
307 39 59 261 16.14
26 119 22
308 2 2 240 276.62
508 1698 451
309 179 28 263 108.64
345 58 72
310 11 176 278 316.02
504 1519 1681
311 74 148 283 531.30
1464 1294 399
312 77 11 154 113.18
358 71 69
313 121 87 286 185.71
296 914 957
314 63 68 271 524.40
1462 1193 401
315 11 29 236 91.84
141 698 142
316 52 151 280 104.99
164 193 1050
317 97 82 285 71.63
135 448 80
318 40 171 276 279.60
560 1513 435
319 38 144 279 451.38
995 1693 1190
320 4 0 85 31.78
101 20 16
321 26 136 249 307.69
674 1448 400
322 33 0 259 81.25
260 44 39
323 182 5 284 432.07
1370 278 230
324 94 8 242 111.57
188 205 1020
325 54 4 137 10.55
16 82 15
326 33 15 261 472.30
1491 304 297
327 40 11 258 344.39
988 649 270
328 139 70 288 361.40
596 1933 1491
329 39 12 227 286.31
911 175 144
330 166 55 284 135.61
427 88 92
331 9 0 77 360.78
1141 206 252
332 61 3 207 88.63
141 650 138
333 13 0 165 95.01
135 604 400
334 108 16 236 97.01
162 151 938
335 125 16 186 60.48
190 44 37
336 108 90 288 226.80
717 149 131
337 24 36 274 31.13
98 19 23
338 60 1 192 29.95
53 53 259
339 179 3 261 554.35
1545 1292 381
340 32 2 52 836.84
1985 2410 2317
341 15 257 287 86.14
130 662 138
342 124 86 275 604.40
1453 2186 870
343 39 5 206 482.30
1533 284 270
344 3 84 188 141.54
239 299 1232
345 13 60 240 43.28
73 75 402
346 69 9 254 94.80
301 52 61
347 105 6 254 329.32
1022 259 260
348 54 7 177 121.83
162 1039 194
349 9 17 275 558.54
1647 865 407
350 204 69 288 341.50
1087 200 182
351 156 42 288 34.80
111 17 22
352 80 17 230 481.81
1003 1841 1633
353 118 148 287 146.82
469 77 80
354 46 159 287 450.96
974 1743 1252
355 122 2 279 225.93
723 108 130
356 55 56 268 10.51
18 16 99
357 152 94 287 91.21
126 758 142
358 146 9 223 18.47
59 9 11
359 129 0 159 77.11
137 138 661
360 68 13 235 739.51
1812 1958 1900
361 18 0 212 84.71
211 302 77
362 80 84 228 16.14
52 7 8
363 36 21 230 758.80
1864 1982 1957
364 278 4 288 30.47
97 18 16
365 214 29 288 34.63
111 19 15
366 108 0 193 409.74
1265 386 274
367 50 2 255 171.76
545 107 94
368 159 10 252 163.68
516 110 101
369 9 153 288 108.26
175 198 1043
370 29 54 287 227.56
332 1005 1560
371 91 0 253 92.54
145 147 957
372 20 260 288 284.50
592 1489 363
373 71 27 210 0.99
3 1 1
374 35 1 167 186.49
589 111 129
375 36 37 205 14.46
23 25 144
376 5 250 287 389.49
1239 224 219
377 33 46 218 84.58
133 130 878
378 75 48 285 76.37
145 463 100
379 186 73 288 475.59
1519 230 290
380 217 41 272 96.65
304 66 63
381 145 11 201 579.10
1154 2295 2200
382 17 135 215 384.72
1036 1000 363
383 182 22 287 11.33
36 7 6
384 137 3 251 36.11
116 17 18
385 78 128 287 92.92
294 59 55
386 110 101 264 202.04
348 414 1730
387 27 0 269 124.05
203 228 1176
388 46 74 181 154.35
491 86 91
389 101 23 258 848.99
2255 1818 1603
390 53 49 288 17.30
55 10 10
391 123 3 184 620.10
1552 1946 909
392 147 3 238 192.86
354 469 1388
393 30 53 170 20.83
35 33 199
394 68 21 288 441.72
1414 229 224
395 117 163 287 777.83
1909 2134 1865
396 101 82 287 209.37
310 589 1907
397 8 120 278 284.88
596 1473 368
398 32 39 256 790.70
1979 2000 1881
399 44 83 237 478.79
1295 1242 416
400 10 69 287 591.40
1811 614 414
401 18 1 90 29.40
94 15 16
402 98 138 287 1.18
2 2 11
403 60 44 288 49.19
76 127 443
404 203 59 287 21.21
34 29 221
405 49 46 266 163.80
264 268 1631
406 97 80 253 84.96
127 650 149
407 92 163 288 41.66
70 88 365
408 1 7 97 42.86
71 71 412
409 100 3 267 48.16
75 82 493
410 31 234 287 454.97
856 2135 1585
411 173 2 253 147.62
237 259 1450
412 187 12 274 199.74
417 1033 264
413 194 29 285 359.77
848 1458 401
414 41 114 288 11.73
36 10 11
415 7 132 203 77.91
126 574 103
416 56 5 135 5.19
10 8 41
417 6 72 245 393.26
1242 251 247
418 34 193 288 380.64
583 1935 2035
419 6 77 287 352.83
779 1663 412
420 72 65 226 496.73
1576 308 275
421 16 82 244 37.99
59 64 391
422 43 121 216 415.99
1320 262 223
423 113 2 134 87.41
143 176 806
424 61 16 224 254.38
807 164 132
425 85 115 287 91.61
152 139 898
426 126 112 287 65.61
112 105 613
427 42 7 232 433.55
1044 1636 510
428 77 19 257 33.74
107 19 22
429 119 135 288 173.53
296 467 1339
430 9 31 230 1.79
5 3 3
431 133 39 235 40.52
70 76 356
432 62 78 235 88.36
137 153 905
433 34 44 89 16.55
53 8 9
434 4 0 279 903.73
2196 2400 2440
435 185 13 288 408.79
1294 271 221
436 35 42 112 539.17
1142 1941 1869
437 162 32 273 57.30
183 29 33
438 61 87 278 117.08
195 226 1070
439 12 14 83 322.57
552 1511 1512
440 43 86 258 257.19
417 1769 521
441 15 23 242 84.62
137 230 701
442 99 0 165 62.42
199 32 38
443 42 112 287 183.83
303 665 1237
444 5 117 288 489.03
915 2093 2042
445 1 7 63 174.86
262 646 1340
446 168 51 288 25.11
46 44 207
447 147 102 287 105.50
182 173 966
448 24 39 239 468.73
1500 219 277
449 97 36 244 18.95
31 38 175
450 35 7 95 771.56
1950 2269 1227
451 37 167 288 201.66
640 112 130
452 34 0 109 219.05
440 1230 265
453 8 234 262 204.26
325 1019 1036
454 41 13 102 204.70
649 124 121
455 22 0 247 67.95
103 112 721
456 84 5 95 720.43
2046 1438 590
457 114 12 163 125.90
401 68 74
458 142 129 288 12.85
21 27 117
459 72 96 247 17.98
26 148 22
460 102 2 139 16.23
51 11 11
461 60 111 262 104.65
149 867 136
462 58 174 254 189.55
314 734 1192
463 40 28 261 206.14
659 110 106
464 27 92 288 512.81
1473 978 372
465 7 0 265 169.71
261 590 1309
466 63 9 202 299.80
692 1270 354
467 3 105 262 288.44
924 136 162
468 42 36 264 105.31
337 56 52
469 70 4 103 322.40
518 1371 1956
470 189 12 269 387.21
1234 210 221
471 64 11 288 282.03
857 324 197
472 59 2 121 420.34
1319 318 249
473 20 64 184 396.60
1259 235 231
474 120 66 287 163.89
247 860 864
475 11 47 264 109.67
167 829 186
476 24 30 287 220.19
336 1548 543
477 25 0 71 156.69
274 291 1358
478 51 216 287 473.20
1076 1707 1119
479 171 0 231 787.69
1962 1931 2032
480 69 85 281 96.32
148 530 451
481 32 44 255 113.83
365 56 58
482 91 24 288 307.52
963 228 203
483 6 59 217 268.88
595 1293 266
484 34 191 287 110.24
349 72 61
485 32 0 171 96.63
162 317 680
486 100 17 275 413.14
1307 261 248
487 13 26 148 5.95
7 56 8
488 25 199 288 196.62
320 397 1823
489 101 19 226 46.64
80 84 419
490 69 10 149 426.54
1332 352 254
491 56 61 272 174.08
307 381 1404
492 62 28 258 182.76
323 414 1448
493 73 104 232 194.00
335 315 1779
494 69 68 220 15.17
26 27 137
495 29 190 288 39.53
66 57 389
496 31 4 219 111.68
156 826 315
497 110 96 262 84.84
160 136 686
498 112 7 211 488.31
1230 1607 549
499 91 81 272 173.24
285 647 1139
