288
0 0.03445
1 0.03445
2 0.03445
3 0.03445
4 0.03445
5 0.03445
6 0.03445
7 0.03445
8 0.03445
9 0.03445
10 0.03445
11 0.03445
12 0.03445
13 0.03445
14 0.03445
15 0.03445
16 0.03445
17 0.03445
18 0.03445
19 0.03445
20 0.03445
21 0.03445
22 0.03445
23 0.03445
24 0.03099
25 0.03099
26 0.03099
27 0.03099
28 0.03099
29 0.03099
30 0.03099
31 0.03099
32 0.03099
33 0.03099
34 0.03099
35 0.03099
36 0.03099
37 0.03099
38 0.03099
39 0.03099
40 0.03099
41 0.03099
42 0.03099
43 0.03099
44 0.03099
45 0.03099
46 0.03099
47 0.03099
48 0.03099
49 0.03099
50 0.03099
51 0.03099
52 0.03099
53 0.03099
54 0.03150
55 0.03150
56 0.03150
57 0.03150
58 0.03150
59 0.03150
60 0.03170
61 0.03170
62 0.03170
63 0.03170
64 0.03170
65 0.03170
66 0.03293
67 0.03293
68 0.03293
69 0.03293
70 0.03293
71 0.03293
72 0.04536
73 0.04536
74 0.04536
75 0.04536
76 0.04536
77 0.04536
78 0.04536
79 0.04536
80 0.04536
81 0.04536
82 0.04536
83 0.04536
84 0.04643
85 0.04643
86 0.04643
87 0.04643
88 0.04643
89 0.04643
90 0.06031
91 0.06031
92 0.06031
93 0.06031
94 0.06031
95 0.06031
96 0.11564
97 0.11564
98 0.11564
99 0.11564
100 0.11564
101 0.11564
102 0.11564
103 0.11564
104 0.11564
105 0.11564
106 0.11564
107 0.11564
108 0.08095
109 0.08095
110 0.08095
111 0.08095
112 0.08095
113 0.08095
114 0.05063
115 0.05063
116 0.05063
117 0.05063
118 0.05063
119 0.05063
120 0.05834
121 0.05834
122 0.05834
123 0.05834
124 0.05834
125 0.05834
126 0.11564
127 0.11564
128 0.11564
129 0.11564
130 0.11564
131 0.11564
132 0.11564
133 0.11564
134 0.11564
135 0.11564
136 0.11564
137 0.11564
138 0.11564
139 0.11564
140 0.11564
141 0.11564
142 0.11564
143 0.11564
144 0.11564
145 0.11564
146 0.11564
147 0.11564
148 0.11564
149 0.11564
150 0.11564
151 0.11564
152 0.11564
153 0.11564
154 0.11564
155 0.11564
156 0.11564
157 0.11564
158 0.11564
159 0.11564
160 0.11564
161 0.11564
162 0.11564
163 0.11564
164 0.11564
165 0.11564
166 0.11564
167 0.11564
168 0.11564
169 0.11564
170 0.11564
171 0.11564
172 0.11564
173 0.11564
174 0.11564
175 0.11564
176 0.11564
177 0.11564
178 0.11564
179 0.11564
180 0.11564
181 0.11564
182 0.11564
183 0.11564
184 0.11564
185 0.11564
186 0.11564
187 0.11564
188 0.11564
189 0.11564
190 0.11564
191 0.11564
192 0.14031
193 0.14031
194 0.14031
195 0.14031
196 0.14031
197 0.14031
198 0.13959
199 0.13959
200 0.13959
201 0.13959
202 0.13959
203 0.13959
204 0.18114
205 0.18114
206 0.18114
207 0.18114
208 0.18114
209 0.18114
210 0.18114
211 0.18114
212 0.18114
213 0.18114
214 0.18114
215 0.18114
216 0.18114
217 0.18114
218 0.18114
219 0.18114
220 0.18114
221 0.18114
222 0.18114
223 0.18114
224 0.18114
225 0.18114
226 0.18114
227 0.18114
228 0.14546
229 0.14546
230 0.14546
231 0.14546
232 0.14546
233 0.14546
234 0.13825
235 0.13825
236 0.13825
237 0.13825
238 0.13825
239 0.13825
240 0.11564
241 0.11564
242 0.11564
243 0.11564
244 0.11564
245 0.11564
246 0.05063
247 0.05063
248 0.05063
249 0.05063
250 0.05063
251 0.05063
252 0.05062
253 0.05062
254 0.05062
255 0.05062
256 0.05062
257 0.05062
258 0.05062
259 0.05062
260 0.05062
261 0.05062
262 0.05062
263 0.05062
264 0.04643
265 0.04643
266 0.04643
267 0.04643
268 0.04643
269 0.04643
270 0.04643
271 0.04643
272 0.04643
273 0.04643
274 0.04643
275 0.04643
276 0.04589
277 0.04589
278 0.04589
279 0.04589
280 0.04589
281 0.04589
282 0.04589
283 0.04589
284 0.04589
285 0.04589
286 0.04589
287 0.04589
