5
3
2
0 130 0.0 0.1
2504 2587 2452
1 150 0.1 0.1
2536 2453 2505
1000
0 2 13 122 45.13
142 41 23
1 3 135 257 12.49
19 97 20
2 19 0 203 43.92
139 31 30
3 9 90 278 10.84
18 78 16
4 10 106 198 1.86
6 1 1
5 28 16 226 82.66
268 39 41
6 19 154 272 1.36
2 11 2
7 1 195 279 42.41
77 105 317
8 58 0 239 11.44
22 21 88
9 43 93 215 17.83
31 30 164
10 20 6 259 91.87
295 53 51
11 4 15 225 2.68
5 16 5
12 49 187 281 1.51
2 2 19
13 15 40 262 11.19
15 99 14
14 6 21 148 79.88
136 126 768
15 27 13 66 11.26
21 20 92
16 13 40 287 28.75
44 222 46
17 4 85 238 41.05
131 26 25
18 10 61 214 0.65
1 1 7
19 1 82 236 144.28
462 84 88
20 5 169 258 30.61
53 55 278
21 7 170 272 3.60
5 30 6
22 2 92 212 29.94
54 57 252
23 2 116 217 22.18
71 14 12
24 9 28 91 346.70
1087 301 225
25 5 74 194 85.42
276 45 42
26 5 82 244 17.89
27 139 30
27 4 12 227 27.78
39 236 37
28 1 0 1 31.63
53 60 295
29 10 34 208 28.18
42 161 138
30 4 9 102 38.06
58 301 52
31 1 12 231 0.48
1 1 3
32 1 3 271 119.59
211 404 775
33 31 12 232 85.63
275 49 48
34 5 6 158 12.53
21 21 121
35 13 75 288 143.44
458 88 90
36 6 2 252 147.75
473 90 85
37 21 38 288 92.66
299 47 51
38 2 163 277 29.54
43 244 39
39 19 57 242 5.29
9 9 50
40 5 1 77 198.90
320 1047 943
41 15 14 191 32.49
58 51 294
42 5 27 247 40.48
67 77 383
43 29 156 246 5.98
19 4 4
44 12 132 171 79.67
255 50 44
45 6 39 202 43.98
65 354 65
46 12 124 254 53.16
87 319 183
47 5 1 162 33.39
50 268 46
48 9 205 278 73.69
127 124 686
49 8 8 288 9.16
15 66 15
50 39 28 206 10.46
17 16 107
51 1 67 205 17.32
28 24 182
52 9 24 106 33.98
60 52 314
53 9 177 227 66.53
108 486 105
54 38 66 281 0.69
2 1 1
55 33 47 268 8.62
28 4 4
56 16 89 263 21.65
35 31 226
57 2 60 262 4.33
6 7 51
58 11 98 264 29.35
40 253 42
59 14 51 248 147.62
473 84 91
60 16 10 235 67.01
215 37 41
61 20 219 259 15.63
50 9 10
62 15 109 209 108.46
166 844 164
63 28 9 238 3.08
5 5 31
64 4 75 226 14.92
21 125 22
65 12 88 231 194.89
324 639 1431
66 12 80 256 4.75
7 39 6
67 11 15 195 82.87
266 47 48
68 21 1 79 104.80
142 907 150
69 13 78 249 1.55
2 14 2
70 1 5 239 68.00
219 38 35
71 8 185 273 36.11
115 22 25
72 15 42 226 27.47
43 143 141
73 5 10 220 11.00
18 20 107
74 9 3 205 12.66
22 23 114
75 21 17 284 71.01
230 36 33
76 18 119 227 0.69
2 1 1
77 88 17 247 9.67
15 14 105
78 20 0 60 29.29
95 14 14
79 8 13 215 12.24
18 97 21
80 16 121 285 61.36
185 87 41
81 54 66 273 77.31
251 37 35
82 5 28 90 30.92
49 234 45
83 17 158 253 7.74
25 4 4
84 4 0 92 12.70
23 23 108
85 2 76 270 74.50
109 605 110
86 2 63 169 10.65
18 19 100
87 14 171 247 12.22
39 8 7
88 13 24 245 24.48
34 208 35
89 77 207 287 38.98
126 21 18
90 22 93 280 12.03
19 91 18
91 6 2 239 26.82
86 16 15
92 14 21 87 4.31
7 8 42
93 12 13 219 23.12
74 13 15
94 4 8 256 34.81
53 274 50
95 5 7 76 12.01
19 90 19
96 14 12 232 20.84
67 12 11
97 2 78 137 35.88
57 271 52
98 13 114 248 63.81
113 104 578
99 4 5 42 42.51
73 78 388
100 13 87 274 52.33
76 361 177
101 7 2 225 79.27
123 523 249
102 17 158 281 24.27
38 36 260
103 5 104 253 29.90
54 51 260
104 4 0 28 2.97
5 6 27
105 3 9 105 25.78
82 16 18
106 35 70 240 3.43
5 28 5
107 13 12 249 51.89
167 28 29
108 14 4 170 65.74
111 118 617
109 4 81 234 0.65
1 1 7
110 3 10 219 34.23
61 70 286
111 24 145 267 30.94
56 53 268
112 13 6 270 95.36
285 146 65
113 40 23 161 8.85
14 67 13
114 2 102 285 58.04
186 34 34
115 34 70 229 41.53
135 19 19
116 2 3 226 204.51
350 1055 855
117 9 21 123 125.09
186 1013 168
118 24 25 283 11.70
20 19 111
119 10 8 164 15.90
29 28 135
120 20 7 287 9.37
30 6 5
121 11 2 108 22.91
73 15 14
122 11 23 174 233.76
751 129 136
123 8 94 270 25.15
39 192 40
124 25 3 163 19.90
63 13 15
125 17 87 229 31.65
100 23 22
126 13 20 214 73.54
124 127 699
127 29 93 193 30.46
99 14 14
128 6 34 110 52.66
168 31 36
129 22 65 227 24.44
78 16 14
130 5 120 271 4.87
8 35 8
131 14 9 161 34.71
113 15 16
132 13 76 265 173.00
549 133 92
133 5 44 203 208.53
333 1197 857
134 1 63 266 91.26
131 740 154
135 9 26 276 34.50
65 61 278
136 3 47 107 22.53
41 41 190
137 21 40 265 15.94
51 10 9
138 4 0 207 31.47
47 254 42
139 7 9 248 34.88
47 303 50
140 3 42 112 186.48
301 1023 815
141 6 142 284 50.19
75 403 70
142 5 3 121 4.81
8 34 8
143 20 130 216 27.87
90 14 15
144 18 28 274 12.85
41 8 8
145 3 66 157 189.43
603 124 120
146 20 6 176 102.16
326 67 59
147 11 45 215 32.26
104 18 16
148 10 18 191 41.24
59 345 55
149 20 179 246 24.79
80 13 13
150 2 77 170 30.06
53 53 268
151 16 176 250 12.43
18 102 18
152 8 114 249 260.83
836 161 140
153 9 1 216 62.70
101 295 349
154 14 3 202 3.05
5 6 29
155 3 12 109 73.69
234 48 51
156 2 78 148 94.48
150 716 134
157 8 5 241 82.37
134 583 156
158 3 188 286 33.50
61 59 285
159 14 64 217 142.29
455 79 97
160 8 84 215 73.94
236 44 49
161 3 101 248 37.07
61 58 372
162 1 2 198 8.70
14 16 86
163 3 26 245 108.44
348 63 61
164 1 82 280 103.81
166 770 164
165 34 31 285 87.16
277 62 51
166 16 170 288 9.79
18 18 81
167 37 66 237 8.54
27 6 6
168 18 93 212 7.01
12 11 67
169 29 14 183 26.80
34 243 38
170 13 46 274 192.98
305 1210 662
171 6 81 273 19.85
64 11 10
172 1 26 58 40.71
62 318 62
173 1 92 173 8.49
15 14 77
174 4 149 287 28.60
92 15 17
175 25 121 259 18.83
26 160 28
176 8 26 74 259.98
831 148 174
177 2 102 259 26.59
39 191 76
178 67 214 287 10.75
16 86 16
179 6 115 158 32.58
61 55 269
180 16 72 223 1.97
6 2 2
181 2 101 267 20.55
66 12 11
182 7 46 272 90.24
135 713 142
183 10 136 287 235.39
750 159 137
184 18 119 287 26.97
37 231 39
185 19 61 226 19.88
63 14 13
186 3 16 246 25.78
37 154 126
187 6 124 281 49.38
70 410 75
188 15 0 247 0.52
1 1 4
189 42 61 268 6.80
13 11 55
190 23 75 186 8.98
13 59 35
191 12 25 199 32.74
52 57 333
192 1 158 284 15.38
49 9 11
193 11 25 224 21.26
67 16 15
194 7 65 259 61.49
98 101 632
195 2 9 252 33.20
60 57 288
196 10 77 206 33.43
45 290 49
197 64 37 168 4.94
8 8 50
198 41 109 288 5.21
16 5 5
199 4 26 263 67.31
216 39 38
200 15 113 229 3.12
5 23 5
201 3 164 229 0.69
2 1 1
202 20 0 222 9.00
12 78 14
203 6 1 212 19.81
35 33 179
204 15 26 125 4.62
7 7 51
205 28 32 225 51.72
165 34 30
206 7 13 250 22.30
37 38 217
207 51 48 203 1.57
3 3 12
208 16 6 274 201.60
644 124 124
209 5 2 37 41.78
63 331 61
210 7 228 277 15.50
28 27 134
211 6 126 250 165.83
231 1380 276
212 3 7 49 73.64
109 578 130
213 28 40 264 30.19
97 17 17
214 17 27 251 30.99
42 249 73
215 18 91 264 2.85
4 24 4
216 12 6 192 14.67
28 27 114
217 3 20 211 103.69
165 418 696
218 20 34 283 94.99
162 176 872
219 7 39 198 17.53
57 8 8
220 20 104 252 5.21
16 5 5
221 1 79 173 123.59
175 1033 179
222 2 204 272 2.28
4 15 4
223 20 69 265 16.95
54 10 12
224 5 221 278 93.65
147 682 186
225 27 12 207 26.22
40 203 42
226 1 32 203 45.97
70 367 58
227 2 19 276 19.48
32 33 192
228 67 45 276 16.36
28 30 150
229 1 43 287 67.60
112 239 473
230 18 0 231 10.52
19 19 90
231 43 127 277 1.30
2 10 2
232 14 64 162 7.22
11 55 13
233 27 31 178 72.47
110 570 107
234 6 124 275 34.44
110 20 23
235 4 4 162 56.01
88 93 583
236 17 85 277 138.42
446 76 72
237 2 52 254 10.19
33 5 5
238 2 98 287 166.04
253 1316 223
239 12 17 272 74.69
110 592 127
240 3 49 274 56.45
179 38 39
241 1 18 285 25.67
82 15 17
242 4 63 265 30.44
98 17 16
243 37 35 287 6.95
9 62 10
244 4 43 287 102.62
324 75 72
245 40 247 287 3.03
10 1 1
246 26 72 282 33.24
105 25 22
247 9 119 255 123.46
165 1077 180
248 1 72 166 8.89
14 67 14
249 10 8 285 128.42
402 114 84
250 7 0 217 3.54
7 7 25
251 21 90 284 5.08
8 9 52
252 19 66 189 31.68
52 58 306
253 52 112 247 2.53
5 5 18
254 6 135 238 145.01
462 91 95
255 14 0 248 29.06
42 243 36
256 7 16 141 18.54
31 132 28
257 7 95 246 25.90
40 200 39
258 7 186 277 28.64
93 13 14
259 17 22 97 30.59
55 48 274
260 5 1 286 11.05
18 80 18
261 42 11 242 27.41
42 210 46
262 27 10 205 9.02
15 65 13
263 2 83 187 132.46
207 447 1046
264 3 18 126 15.48
27 28 139
265 43 49 280 17.72
58 7 7
266 1 111 229 13.54
18 119 19
267 13 80 287 18.35
29 137 30
268 1 42 269 174.68
279 673 1212
269 6 128 218 48.10
85 83 430
270 12 159 208 47.76
153 27 30
271 18 81 196 3.68
6 26 7
272 1 102 285 1.61
2 15 2
273 4 0 182 43.60
65 346 68
274 19 7 233 6.32
12 10 52
275 4 18 241 48.50
70 402 66
276 5 144 166 11.78
21 23 100
277 2 174 242 123.33
213 257 1071
278 5 80 266 32.53
56 57 300
279 6 52 168 90.32
292 43 50
280 16 38 244 26.34
85 13 15
281 2 74 274 129.86
190 1053 194
282 4 71 232 43.50
64 349 68
283 1 23 267 31.07
52 51 302
284 7 26 288 5.02
8 38 7
285 14 5 160 31.01
41 228 112
286 2 25 166 117.27
179 913 180
287 7 33 277 188.80
314 1004 808
288 15 54 263 23.08
41 35 212
289 3 1 273 46.78
85 310 58
290 1 28 278 64.08
165 215 54
291 3 157 230 91.18
291 56 58
292 11 28 170 200.18
607 272 127
293 5 230 277 79.98
117 613 173
294 2 26 174 2.26
7 2 2
295 36 86 222 0.69
2 1 1
296 1 25 287 68.08
95 570 107
297 17 61 242 21.61
69 13 14
298 1 12 174 189.18
304 638 1436
299 1 92 172 25.19
36 210 35
300 20 2 207 31.17
53 52 296
301 22 57 270 51.99
168 27 26
302 13 0 122 146.24
474 72 69
303 2 143 281 5.19
8 40 8
304 5 39 272 41.93
120 88 30
305 4 0 117 104.36
187 162 942
306 5 7 106 106.51
188 185 952
307 31 107 213 11.88
22 18 103
308 5 32 96 2.47
4 18 4
309 16 38 269 56.72
86 447 83
310 4 33 168 25.06
38 200 33
311 18 8 196 10.59
34 6 6
312 12 113 129 6.42
12 13 50
313 7 56 202 174.72
486 411 157
314 24 10 100 12.45
18 101 20
315 10 91 189 5.27
9 8 51
316 17 130 281 5.04
8 9 51
317 2 62 284 41.17
69 132 303
318 20 90 284 11.51
21 24 92
319 9 54 186 32.35
49 256 46
320 18 139 250 1.30
2 2 14
321 2 43 151 10.19
15 83 14
322 11 155 287 23.62
44 43 192
323 23 0 209 6.78
9 10 84
324 6 18 85 61.68
198 36 34
325 35 104 287 20.06
64 13 12
326 19 85 228 16.24
52 10 9
327 8 117 264 31.30
45 256 49
328 1 0 120 13.29
25 29 99
329 7 241 276 24.39
35 204 32
330 8 136 191 13.60
19 116 18
331 23 12 283 71.39
229 40 43
332 1 4 217 30.65
43 227 91
333 17 57 270 15.34
23 121 24
334 16 146 267 84.25
265 73 49
335 25 34 151 13.98
20 114 23
336 5 15 144 84.44
123 696 113
337 3 144 220 32.93
105 20 22
338 11 8 164 39.10
51 349 54
339 19 88 264 31.57
58 51 272
340 14 78 288 49.40
72 405 69
341 1 264 285 110.91
354 69 69
342 5 22 238 72.85
233 46 41
343 2 25 72 20.50
33 152 31
344 4 76 154 99.34
320 54 53
345 14 0 270 50.34
77 390 79
346 11 28 255 54.27
93 384 70
347 3 35 222 4.27
7 8 41
348 1 23 138 39.02
61 59 417
349 13 0 231 27.58
47 50 255
350 5 67 284 22.30
34 174 34
351 15 127 287 15.50
49 11 11
352 15 2 281 53.58
99 353 58
353 4 32 180 7.70
13 14 72
354 13 11 234 11.57
19 19 115
355 10 69 216 26.42
42 35 285
356 1 34 172 129.74
190 1065 173
357 2 47 224 66.55
213 41 38
358 10 78 107 2.66
4 21 4
359 21 81 247 25.78
47 40 227
360 1 190 269 42.16
66 65 448
361 35 108 288 16.36
52 10 12
362 13 140 253 189.55
498 588 162
363 10 1 23 57.03
182 36 35
364 39 9 258 11.51
21 22 95
365 33 202 284 13.68
19 116 20
366 9 78 223 18.60
29 141 30
367 17 61 264 49.69
158 33 32
368 16 103 232 8.89
15 15 85
369 4 0 63 118.52
379 69 76
370 21 10 196 28.70
35 268 39
371 10 6 171 236.92
763 126 132
372 5 31 178 8.68
15 15 80
373 17 20 288 225.35
719 139 144
374 20 202 248 2.28
4 15 4
375 10 50 95 0.52
1 1 4
376 10 52 242 197.75
533 564 149
377 1 17 169 18.89
31 31 188
378 24 96 223 30.94
53 45 301
379 39 62 284 20.38
29 170 29
380 23 2 156 54.63
103 85 457
381 6 7 129 165.32
532 88 95
382 3 36 79 2.85
4 24 4
383 5 66 195 5.27
9 36 9
384 24 115 184 30.96
54 50 287
385 4 27 79 20.34
39 36 159
386 28 40 112 4.83
8 9 46
387 17 16 277 25.32
80 18 18
388 2 238 273 41.55
75 74 357
389 10 197 241 29.71
47 224 45
390 5 37 278 32.66
47 269 48
391 3 21 165 97.50
267 258 74
392 1 0 127 232.61
373 1294 1007
393 9 179 263 21.07
68 11 11
394 3 46 137 129.07
417 65 68
395 12 4 185 152.75
233 767 869
396 8 101 197 120.15
373 123 76
397 13 144 220 6.28
20 4 4
398 5 112 218 7.85
11 65 13
399 6 19 155 9.12
29 6 6
400 4 103 242 35.71
50 299 55
401 8 36 268 1.23
2 9 2
402 13 1 122 118.82
303 411 102
403 13 152 282 113.10
165 918 171
404 3 31 226 77.29
246 52 47
405 39 148 242 33.45
107 19 22
406 3 46 163 15.61
49 12 12
407 11 54 239 106.99
343 62 63
408 1 18 250 3.08
5 5 31
409 14 57 277 114.32
364 72 76
410 2 0 60 25.09
39 41 265
411 8 12 218 74.90
120 260 560
412 5 66 272 10.77
15 91 16
413 10 10 257 122.10
321 374 110
414 11 7 287 8.31
14 13 81
415 1 38 216 35.71
63 57 327
416 18 93 265 14.94
25 28 140
417 50 130 275 137.83
441 80 87
418 10 4 81 82.62
266 45 45
419 1 5 196 5.02
8 38 7
420 15 75 213 34.44
63 58 295
421 17 128 209 60.59
194 38 33
422 4 14 104 43.45
74 69 417
423 17 209 274 2.74
9 1 1
424 6 39 130 48.62
154 32 36
425 5 112 260 0.96
2 2 6
426 21 122 172 31.99
54 57 301
427 7 1 82 27.20
45 52 257
428 29 139 232 23.83
35 193 35
429 8 198 283 39.52
68 97 323
430 23 79 247 11.99
18 93 21
431 31 70 239 30.78
54 55 275
432 60 2 199 8.24
26 6 6
433 2 205 281 155.45
248 1162 236
434 4 176 220 48.75
84 94 436
435 14 17 178 29.94
53 45 277
436 2 114 235 77.03
127 136 748
437 9 98 264 1.36
2 11 2
438 1 37 188 31.26
53 66 277
439 20 177 262 72.52
234 36 41
440 23 38 264 35.09
61 59 323
441 8 7 167 32.62
56 51 311
442 5 0 194 14.37
25 23 134
443 5 88 287 14.77
29 88 18
444 24 15 84 8.14
26 5 5
445 6 5 202 29.37
43 220 71
446 23 85 227 57.22
181 41 39
447 40 77 275 14.19
45 10 9
448 37 5 186 28.54
44 52 296
449 18 104 264 22.72
35 42 235
450 16 76 227 39.90
128 23 23
451 3 215 278 11.30
18 84 18
452 11 22 228 18.31
29 33 185
453 5 28 200 68.98
214 75 38
454 6 19 75 32.55
104 20 20
455 5 2 213 88.35
154 149 810
456 2 91 167 7.59
13 13 71
457 5 0 175 63.71
204 37 39
458 4 118 131 3.03
5 5 30
459 11 0 234 16.97
28 27 169
460 4 25 238 15.17
27 27 133
461 14 20 194 69.15
114 119 676
462 5 0 140 0.69
1 1 8
463 22 15 284 24.56
31 224 34
464 3 55 190 0.92
2 2 5
465 4 184 219 4.98
9 32 8
466 2 199 270 9.67
30 8 9
467 8 26 280 3.05
5 22 5
468 3 57 275 23.62
35 191 33
469 17 32 214 24.88
41 41 246
470 23 8 261 74.77
241 42 37
471 31 1 254 10.40
33 7 7
472 5 54 256 38.54
68 62 352
473 50 69 269 3.35
6 6 29
474 1 17 226 47.03
67 382 82
475 10 16 256 43.87
140 27 28
476 6 107 178 337.07
1088 175 177
477 4 4 275 9.44
18 17 74
478 37 62 141 86.95
281 44 45
479 32 66 217 33.29
47 277 51
480 4 1 99 60.97
104 92 591
481 29 169 224 29.58
94 20 19
482 10 3 66 59.50
81 492 117
483 3 148 231 11.90
38 7 8
484 1 45 252 23.64
75 16 16
485 7 41 244 5.86
10 12 52
486 4 0 184 83.29
268 45 47
487 7 136 270 13.14
42 8 8
488 14 8 284 8.05
13 13 82
489 1 63 237 103.52
161 794 156
490 8 101 264 21.38
68 14 14
491 3 1 32 364.63
1097 526 246
492 43 4 147 43.83
140 27 27
493 18 157 217 23.20
43 43 189
494 6 141 278 30.25
51 52 288
495 6 83 285 118.29
197 190 1163
496 39 1 246 2.87
5 5 26
497 25 142 218 11.72
22 20 96
498 14 77 173 28.93
47 213 43
499 2 10 198 63.96
94 377 305
500 9 2 250 83.94
130 648 124
501 3 3 111 45.84
146 31 27
502 3 0 157 37.89
54 311 61
503 3 34 58 243.26
774 167 145
504 18 156 287 19.44
29 155 29
505 2 9 251 110.45
172 527 645
506 18 196 283 3.56
5 30 5
507 1 4 201 30.63
46 198 113
508 26 23 279 30.17
44 242 50
509 5 43 185 14.31
27 26 114
510 3 12 93 30.90
42 263 50
511 23 14 131 34.75
113 17 14
512 6 186 244 32.43
102 24 25
513 10 22 222 21.68
33 170 32
514 3 91 241 84.65
126 678 124
515 1 100 163 8.20
11 52 41
516 1 180 278 150.87
465 165 103
517 3 13 219 107.33
347 52 58
518 10 35 206 198.28
595 299 125
519 8 87 271 78.33
107 668 121
520 2 151 284 54.79
83 97 583
521 8 72 238 24.81
43 40 232
522 3 154 242 71.53
107 579 92
523 46 25 202 9.41
30 6 6
524 4 2 279 152.83
288 951 210
525 15 6 146 2.78
4 23 4
526 22 39 101 54.46
90 87 541
527 15 21 259 4.71
8 7 46
528 75 82 288 14.29
24 27 133
529 7 8 274 62.72
100 474 88
530 8 130 264 92.83
131 771 145
531 42 126 282 40.73
114 95 33
532 1 76 177 75.88
115 601 107
533 14 0 185 29.98
39 267 43
534 14 37 130 162.46
242 1229 345
535 6 16 140 43.87
140 27 28
536 1 20 288 18.01
30 29 177
537 1 122 131 51.59
90 78 486
538 51 43 256 2.74
9 1 1
539 32 0 142 11.51
37 6 7
540 13 119 287 71.32
127 105 658
541 2 80 282 28.04
39 236 43
542 17 210 266 10.54
34 6 5
543 3 150 170 33.85
107 24 24
544 5 41 268 72.72
233 42 44
545 14 12 267 16.24
27 26 160
546 10 37 288 154.32
492 98 97
547 8 8 275 5.80
18 5 5
548 38 15 233 151.14
482 92 100
549 14 22 53 21.47
69 12 12
550 9 0 14 53.12
169 35 34
551 9 4 206 117.00
375 68 69
552 10 3 192 11.95
19 21 121
553 13 32 240 15.25
25 25 152
554 1 84 187 249.49
379 1659 821
555 12 94 260 6.84
11 51 10
556 14 28 169 11.36
16 95 17
557 14 21 274 79.06
137 147 710
558 1 77 145 63.10
95 430 198
559 1 46 167 29.25
37 270 35
560 4 27 262 11.05
20 20 94
561 13 72 214 69.59
222 42 46
562 10 30 287 48.73
67 411 79
563 16 44 240 16.44
22 144 23
564 1 191 262 0.48
1 1 3
565 1 2 30 257.97
744 500 207
566 2 171 254 6.28
20 4 4
567 2 110 274 110.78
354 63 75
568 33 24 104 11.76
38 6 6
569 2 2 197 33.04
105 23 20
570 6 45 110 19.02
28 155 26
571 1 19 153 175.83
494 400 144
572 81 23 224 69.15
222 39 40
573 5 103 221 3.58
6 25 6
574 17 150 273 55.51
177 33 38
575 5 5 82 81.26
122 526 299
576 1 141 288 94.23
144 744 128
577 19 90 235 3.54
11 3 3
578 12 223 252 65.65
211 36 38
579 7 40 225 78.96
131 120 790
580 14 34 156 282.45
901 176 179
581 12 41 288 89.59
285 56 62
582 1 12 252 12.45
40 7 7
583 34 21 160 22.53
72 13 15
584 28 3 117 11.61
16 99 17
585 8 1 56 0.69
1 1 8
586 9 5 248 191.87
614 119 109
587 78 152 283 34.65
113 14 16
588 4 77 282 52.30
147 124 35
589 5 47 153 26.05
37 217 38
590 4 66 85 7.62
13 12 73
591 1 25 266 48.48
75 373 74
592 19 119 266 2.85
4 24 4
593 37 92 287 116.89
375 69 65
594 10 53 239 114.99
370 64 62
595 20 1 64 26.13
84 15 14
596 1 107 230 27.07
41 214 39
597 8 121 202 37.43
52 317 55
598 31 73 214 17.16
32 26 147
599 2 147 202 62.95
114 95 564
600 8 5 214 14.27
25 22 133
601 8 77 187 31.78
57 55 278
602 1 130 182 96.97
310 63 53
603 25 123 203 17.16
30 28 158
604 21 170 282 8.77
28 5 6
605 3 37 250 218.03
343 1213 990
606 6 236 254 17.80
57 11 10
607 1 0 275 80.97
108 700 129
608 3 84 179 26.09
83 17 17
609 6 132 191 122.98
197 930 165
610 79 56 251 38.91
126 20 18
611 6 14 281 32.93
51 256 46
612 4 69 264 96.93
308 61 69
613 8 49 158 80.57
260 41 44
614 2 60 265 0.96
2 2 6
615 1 7 97 27.11
40 216 44
616 12 35 276 52.79
170 29 28
617 11 173 240 8.29
12 68 12
618 25 88 194 94.27
285 128 66
619 37 53 253 3.54
11 3 3
620 5 56 242 8.75
14 14 90
621 3 127 264 98.88
321 46 47
622 10 7 242 23.50
37 43 238
623 19 16 100 12.34
20 24 119
624 7 32 279 31.63
56 54 283
625 4 88 163 11.17
22 18 86
626 1 4 217 13.75
22 25 137
627 26 31 236 9.23
29 7 7
628 1 36 142 272.53
873 154 171
629 2 40 279 104.02
140 902 153
630 19 21 288 12.85
19 104 18
631 2 55 288 24.37
30 227 32
632 5 100 287 29.69
39 263 42
633 13 127 261 35.65
50 302 49
634 3 5 157 57.28
143 208 56
635 8 21 174 1.55
2 14 2
636 57 59 244 1.26
2 2 13
637 33 76 279 15.17
26 29 137
638 2 0 275 45.78
146 28 30
639 14 20 287 134.09
229 227 1261
640 13 53 280 10.94
16 87 19
641 36 104 270 6.09
19 5 5
642 25 199 264 6.99
10 58 10
643 22 15 264 7.07
11 10 77
644 2 21 100 203.57
652 128 109
645 32 126 287 68.46
219 40 43
646 20 69 144 61.36
100 241 405
647 7 32 109 15.13
27 23 138
648 3 10 224 24.88
37 199 37
649 6 153 246 46.86
149 30 32
650 2 141 287 203.65
374 490 1514
651 7 87 159 23.01
74 12 14
652 22 67 192 6.61
12 12 56
653 1 74 286 107.43
165 515 640
654 9 111 224 98.69
166 701 145
655 56 143 288 8.33
27 4 4
656 5 2 195 0.65
1 1 7
657 20 18 246 10.17
17 16 100
658 32 132 255 29.98
97 15 15
659 6 0 281 45.86
147 26 28
660 15 177 254 9.21
30 4 4
661 12 167 253 25.34
81 15 16
662 12 161 288 115.87
206 362 784
663 2 93 202 6.44
12 10 55
664 11 16 282 45.36
128 104 32
665 42 105 274 5.48
18 2 2
666 4 176 274 4.39
6 38 6
667 21 53 147 0.98
3 1 1
668 1 1 96 16.82
24 140 24
669 9 57 90 44.42
70 341 60
670 12 24 179 69.67
109 532 104
671 2 103 179 21.17
30 174 35
672 20 10 196 149.55
478 90 93
673 14 132 271 18.10
58 11 10
674 3 48 202 24.46
39 37 256
675 4 166 274 11.36
19 81 17
676 34 3 58 3.62
7 7 27
677 2 151 285 28.79
43 230 42
678 2 32 102 27.70
50 46 243
679 7 31 244 21.47
69 12 12
680 5 11 224 4.46
6 39 6
681 5 17 160 6.59
11 11 64
682 13 9 275 89.27
140 549 330
683 2 19 223 32.55
49 258 48
684 2 46 252 28.50
38 246 46
685 20 60 246 11.19
18 83 17
686 11 23 98 26.59
39 215 40
687 28 18 237 41.51
132 28 26
688 3 0 72 80.49
117 659 116
689 2 93 160 2.47
4 18 4
690 36 131 277 48.35
68 345 162
691 7 7 223 25.44
42 38 257
692 10 195 280 87.01
277 57 55
693 5 121 288 65.86
122 108 558
694 3 95 263 39.19
125 25 24
695 11 81 174 1.32
3 3 6
696 12 113 271 15.25
48 11 12
697 4 68 176 0.61
1 1 6
698 41 15 287 20.52
31 33 224
699 8 58 174 91.03
139 709 139
700 4 26 198 0.98
3 1 1
701 6 43 276 266.08
780 482 176
702 11 89 245 6.28
20 4 4
703 6 27 288 70.11
99 585 105
704 1 44 272 44.79
144 25 25
705 3 11 127 16.67
25 131 27
706 7 230 269 140.64
441 128 82
707 17 78 170 1.53
3 3 11
708 5 0 192 18.85
35 33 156
709 1 6 207 69.61
121 111 650
710 11 58 277 15.00
26 27 136
711 15 46 270 1.97
4 10 4
712 17 147 239 18.68
32 35 170
713 20 123 186 58.54
106 92 519
714 2 64 205 14.65
20 126 21
715 1 97 272 42.07
134 27 27
716 17 92 225 28.37
47 46 280
717 61 69 246 5.19
9 10 46
718 18 35 116 12.28
22 23 105
719 22 108 266 30.90
48 241 41
720 6 144 244 8.01
12 63 13
721 8 191 261 1.61
2 15 2
722 12 69 120 17.99
27 142 28
723 8 204 277 84.59
261 95 52
724 14 25 278 16.57
29 32 145
725 4 1 281 0.92
2 2 5
726 2 1 283 92.83
134 449 607
727 19 27 139 59.23
190 35 33
728 5 126 235 145.53
445 182 90
729 7 31 130 8.37
14 12 84
730 45 80 281 4.64
8 8 43
731 11 206 274 45.38
74 83 442
732 5 1 275 120.03
387 65 62
733 18 89 200 7.74
13 54 13
734 5 8 241 2.99
5 5 29
735 1 0 60 60.02
101 99 579
736 12 20 107 5.69
10 38 9
737 18 258 287 8.43
27 5 5
738 5 53 235 4.39
6 38 6
739 6 128 260 93.44
284 120 65
740 28 18 123 7.70
12 58 13
741 8 73 287 48.81
69 415 61
742 19 19 207 221.19
712 118 125
743 4 0 185 47.49
76 240 243
744 18 126 207 21.91
70 13 14
745 4 11 228 26.93
38 225 40
746 19 1 57 47.22
150 31 32
747 26 107 281 2.85
4 24 4
748 42 29 201 30.63
53 48 289
749 28 92 257 59.13
86 470 106
750 18 28 236 18.79
34 34 160
751 2 78 231 130.11
416 81 76
752 19 212 286 9.52
14 77 14
753 4 14 216 30.27
44 225 78
754 2 163 288 37.81
61 61 385
755 3 164 234 22.76
35 172 41
756 17 0 205 164.15
495 222 125
757 23 18 249 5.44
10 10 45
758 2 15 278 23.52
31 210 30
759 9 20 101 79.92
142 144 700
760 1 30 285 116.95
164 984 171
761 9 245 282 132.06
422 82 79
762 3 196 249 15.21
48 11 11
763 3 26 119 465.80
1225 1460 367
764 7 38 238 262.63
834 171 182
765 2 108 217 34.67
109 27 25
766 34 30 287 44.31
141 28 30
767 6 72 223 58.35
105 87 529
768 1 2 152 2.74
5 17 5
769 18 1 286 38.56
123 25 23
770 12 141 237 105.57
304 216 71
771 1 170 270 9.98
18 17 87
772 9 0 216 39.67
128 20 22
773 1 134 260 165.39
497 237 118
774 23 202 264 5.19
17 2 2
775 8 0 122 78.04
251 44 42
776 26 3 237 17.30
29 33 161
777 4 33 266 12.16
20 21 119
778 2 121 269 2.09
4 12 4
779 16 65 283 8.64
14 63 14
780 2 16 265 73.00
111 571 111
781 5 52 188 42.20
61 345 64
782 1 0 169 377.03
1151 473 244
783 20 98 262 36.68
65 59 333
784 17 2 279 14.31
46 8 8
785 12 0 197 4.77
8 8 46
786 6 49 154 0.61
1 1 6
787 15 151 277 10.21
32 8 8
788 7 39 191 36.42
56 279 60
789 44 75 277 33.73
48 278 53
790 27 12 268 9.21
15 68 13
791 1 66 194 58.81
190 31 29
792 1 62 221 49.73
88 81 451
793 4 36 188 10.36
14 89 16
794 8 63 262 46.74
78 232 223
795 11 28 252 60.02
88 449 145
796 10 15 281 47.45
65 408 67
797 21 75 165 10.90
19 21 96
798 7 101 153 15.34
24 23 164
799 6 14 265 12.85
21 22 127
800 13 45 205 11.80
22 24 92
801 6 7 110 16.24
24 128 28
802 5 7 239 66.93
102 239 527
803 5 7 276 81.28
121 645 128
804 12 78 288 8.87
28 6 7
805 1 237 278 241.17
768 171 131
806 7 27 244 50.94
81 387 70
807 43 66 232 10.21
18 18 91
808 13 4 35 8.72
28 5 5
809 17 25 180 104.92
160 807 177
810 21 57 163 85.24
272 52 55
811 5 42 254 30.13
47 230 46
812 1 2 222 71.97
133 122 606
813 31 10 229 5.17
9 9 47
814 13 58 229 4.56
6 40 7
815 7 121 273 75.74
245 38 38
816 3 42 285 30.02
52 53 274
817 17 46 116 35.59
63 59 321
818 1 7 172 12.47
19 98 18
819 11 2 103 131.87
422 81 76
820 1 18 220 72.18
230 44 49
821 9 127 283 6.46
10 49 11
822 8 125 282 14.46
26 97 18
823 55 53 287 12.76
19 102 19
824 4 41 183 8.62
14 14 87
825 7 236 265 24.27
36 196 34
826 2 128 285 81.99
120 369 566
827 30 96 242 34.48
55 258 52
828 22 76 272 8.43
27 5 5
829 14 40 259 41.66
68 99 371
830 8 138 276 9.48
14 75 16
831 7 70 263 10.08
18 18 88
832 8 17 107 15.42
28 23 138
833 1 4 220 7.97
13 57 14
834 15 17 280 32.24
57 53 292
835 11 9 196 181.54
481 537 166
836 14 73 235 47.12
80 80 446
837 12 54 278 20.23
29 169 27
838 8 35 243 25.65
44 50 230
839 4 21 253 25.06
36 184 71
840 75 76 288 35.09
113 19 19
841 25 16 239 1.49
3 3 10
842 7 51 252 44.02
68 342 63
843 35 152 259 15.11
48 10 10
844 34 107 288 46.80
149 29 32
845 4 159 255 17.57
29 30 172
846 3 15 214 323.31
510 1721 1575
847 3 0 280 58.02
184 39 40
848 14 100 208 22.37
71 15 15
849 1 38 159 17.30
31 33 147
850 5 21 261 43.06
72 62 432
851 13 98 202 43.77
61 366 70
852 11 1 74 27.39
88 15 16
853 1 170 192 130.34
415 86 81
854 3 34 221 32.81
57 60 295
855 8 85 246 41.49
72 59 399
856 21 9 238 34.27
110 20 19
857 57 0 184 6.76
12 13 58
858 5 71 274 42.72
117 112 34
859 15 59 287 20.36
65 13 12
860 5 156 264 157.23
504 91 93
861 4 125 271 192.98
314 560 1574
862 2 222 264 47.91
77 82 483
863 6 136 288 66.20
94 514 153
864 7 34 162 118.84
379 72 79
865 3 89 142 1.32
3 3 6
866 6 41 281 20.92
67 12 13
867 4 78 235 45.84
68 369 66
868 18 82 287 26.42
41 207 34
869 2 48 134 3.47
6 6 32
870 36 7 275 18.58
60 10 9
871 16 59 98 43.62
69 229 216
872 7 185 275 148.08
261 410 1097
873 2 68 223 11.34
21 20 94
874 16 4 183 42.99
134 41 28
875 19 38 182 2.53
4 19 4
876 3 1 258 46.17
84 81 394
877 2 35 236 145.72
208 1143 312
878 1 1 283 5.10
16 4 4
879 2 194 264 105.09
164 413 744
880 56 126 284 8.05
14 15 72
881 3 72 288 66.45
214 36 36
882 1 120 175 20.27
27 179 27
883 1 142 227 41.59
74 80 356
884 10 24 120 4.79
7 39 7
885 4 40 235 9.60
31 5 5
886 5 0 83 343.91
1100 202 216
887 18 133 224 14.90
27 26 128
888 10 21 287 4.31
7 8 42
889 96 44 272 28.50
91 18 17
890 52 40 217 2.74
9 1 1
891 1 13 164 87.27
136 681 112
892 25 71 277 35.55
114 21 20
893 10 16 43 19.67
38 34 153
894 8 178 260 41.32
78 73 332
895 5 1 174 280.42
843 405 193
896 12 127 284 5.69
18 4 4
897 8 117 263 67.14
216 37 37
898 16 76 227 19.10
30 145 29
899 4 145 283 12.64
41 6 6
900 2 62 206 101.24
327 51 54
901 1 81 242 3.56
6 6 34
902 22 197 279 80.59
124 634 107
903 3 0 161 120.22
212 430 744
904 14 13 268 48.31
76 361 81
905 5 191 288 110.80
169 434 814
906 8 23 246 57.20
98 98 534
907 9 0 262 12.57
35 31 9
908 11 37 233 32.55
105 16 19
909 11 57 206 67.72
114 115 648
910 8 34 229 6.72
13 11 53
911 2 7 89 17.80
56 13 14
912 11 45 274 3.72
6 28 5
913 3 48 203 10.75
20 20 87
914 52 34 119 6.36
12 12 50
915 8 61 267 96.01
140 505 557
916 16 126 229 10.69
16 85 16
917 2 45 265 23.20
34 185 39
918 2 197 251 74.08
122 449 243
919 19 47 201 22.24
38 43 201
920 6 54 195 2.87
5 5 26
921 6 69 258 74.44
101 534 271
922 6 31 244 2.70
5 5 22
923 49 145 251 2.66
4 21 4
924 3 49 246 8.33
14 58 14
925 14 27 158 35.11
66 54 296
926 3 113 268 31.72
55 62 280
927 5 47 192 66.05
212 39 36
928 25 171 264 14.83
48 7 8
929 21 134 263 16.55
24 137 22
930 44 189 287 36.95
118 22 24
931 15 3 236 13.16
20 105 17
932 5 177 200 5.21
9 9 48
933 11 59 252 28.66
42 228 49
934 3 38 269 8.91
16 16 77
935 12 39 154 14.92
20 129 23
936 22 98 286 24.83
36 203 37
937 40 34 271 20.46
66 10 12
938 9 0 220 31.76
50 240 49
939 5 137 222 74.59
106 621 109
940 24 16 158 50.90
84 101 477
941 4 23 271 73.39
113 532 165
942 31 131 255 30.36
96 21 22
943 9 5 131 84.67
135 135 876
944 7 69 260 61.97
199 36 34
945 11 169 268 45.17
144 29 28
946 1 123 277 173.69
557 96 108
947 1 10 69 12.93
36 32 9
948 27 0 271 1.49
3 3 10
949 4 35 140 59.48
189 39 40
950 5 110 277 47.79
82 84 442
951 1 35 190 30.00
47 156 154
952 3 14 251 17.60
33 35 137
953 26 152 267 24.39
34 206 36
954 14 71 277 22.72
73 12 14
955 6 19 213 20.29
33 148 32
956 13 139 230 21.47
69 12 12
957 7 155 275 46.28
83 86 396
958 1 105 202 139.84
219 416 1185
959 38 21 212 90.70
290 57 52
960 1 36 143 58.08
88 454 91
961 9 51 248 14.16
21 115 19
962 2 151 205 119.11
371 119 71
963 5 123 284 37.35
54 293 75
964 3 83 278 30.38
98 16 16
965 2 25 252 9.04
15 64 15
966 35 8 137 250.66
798 153 175
967 2 167 285 117.08
201 232 1043
968 15 192 284 124.25
180 979 241
969 27 48 205 87.24
279 52 54
970 29 110 201 22.24
38 39 207
971 13 8 274 12.78
41 7 8
972 25 8 134 23.73
37 182 35
973 1 12 149 17.72
32 31 153
974 7 58 150 18.98
30 143 29
975 10 0 253 91.34
125 776 144
976 1 79 136 19.85
29 163 27
977 5 97 281 56.89
101 93 513
978 5 49 156 1.86
6 1 1
979 6 34 203 33.43
60 60 289
980 15 16 158 69.06
219 47 47
981 8 21 135 5.59
9 11 54
982 7 32 217 45.13
142 33 35
983 10 101 250 51.61
85 373 79
984 22 22 276 15.94
25 28 164
985 11 181 272 40.30
69 134 279
986 2 34 179 31.68
49 248 42
987 12 196 287 1.46
2 2 18
988 3 27 106 51.43
93 86 449
989 16 103 251 13.01
20 100 21
990 3 146 277 74.65
115 260 589
991 1 32 257 77.60
117 401 434
992 8 158 203 27.99
43 216 44
993 6 40 288 91.55
147 670 154
994 26 0 54 26.65
45 46 253
995 4 31 223 71.99
114 345 405
996 7 4 208 80.82
114 637 178
997 1 79 255 32.53
56 47 315
998 17 10 264 24.79
80 13 13
999 8 110 261 137.94
439 89 90
