288
0 0.04986
1 0.04986
2 0.04986
3 0.04986
4 0.04986
5 0.04986
6 0.04743
7 0.04743
8 0.04743
9 0.04743
10 0.04743
11 0.04743
12 0.04743
13 0.04743
14 0.04743
15 0.04743
16 0.04743
17 0.04743
18 0.04719
19 0.04719
20 0.04719
21 0.04719
22 0.04719
23 0.04719
24 0.04587
25 0.04587
26 0.04587
27 0.04587
28 0.04587
29 0.04587
30 0.04552
31 0.04552
32 0.04552
33 0.04552
34 0.04552
35 0.04552
36 0.04587
37 0.04587
38 0.04587
39 0.04587
40 0.04587
41 0.04587
42 0.04587
43 0.04587
44 0.04587
45 0.04587
46 0.04587
47 0.04587
48 0.04587
49 0.04587
50 0.04587
51 0.04587
52 0.04587
53 0.04587
54 0.04587
55 0.04587
56 0.04587
57 0.04587
58 0.04587
59 0.04587
60 0.04587
61 0.04587
62 0.04587
63 0.04587
64 0.04587
65 0.04587
66 0.04587
67 0.04587
68 0.04587
69 0.04587
70 0.04587
71 0.04587
72 0.04222
73 0.04222
74 0.04222
75 0.04222
76 0.04222
77 0.04222
78 0.04225
79 0.04225
80 0.04225
81 0.04225
82 0.04225
83 0.04225
84 0.04353
85 0.04353
86 0.04353
87 0.04353
88 0.04353
89 0.04353
90 0.04353
91 0.04353
92 0.04353
93 0.04353
94 0.04353
95 0.04353
96 0.04353
97 0.04353
98 0.04353
99 0.04353
100 0.04353
101 0.04353
102 0.04357
103 0.04357
104 0.04357
105 0.04357
106 0.04357
107 0.04357
108 0.05549
109 0.05549
110 0.05549
111 0.05549
112 0.05549
113 0.05549
114 0.05823
115 0.05823
116 0.05823
117 0.05823
118 0.05823
119 0.05823
120 0.05946
121 0.05946
122 0.05946
123 0.05946
124 0.05946
125 0.05946
126 0.05946
127 0.05946
128 0.05946
129 0.05946
130 0.05946
131 0.05946
132 0.06084
133 0.06084
134 0.06084
135 0.06084
136 0.06084
137 0.06084
138 0.08162
139 0.08162
140 0.08162
141 0.08162
142 0.08162
143 0.08162
144 0.08164
145 0.08164
146 0.08164
147 0.08164
148 0.08164
149 0.08164
150 0.08164
151 0.08164
152 0.08164
153 0.08164
154 0.08164
155 0.08164
156 0.08169
157 0.08169
158 0.08169
159 0.08169
160 0.08169
161 0.08169
162 0.08169
163 0.08169
164 0.08169
165 0.08169
166 0.08169
167 0.08169
168 0.06084
169 0.06084
170 0.06084
171 0.06084
172 0.06084
173 0.06084
174 0.05946
175 0.05946
176 0.05946
177 0.05946
178 0.05946
179 0.05946
180 0.05946
181 0.05946
182 0.05946
183 0.05946
184 0.05946
185 0.05946
186 0.05946
187 0.05946
188 0.05946
189 0.05946
190 0.05946
191 0.05946
192 0.05946
193 0.05946
194 0.05946
195 0.05946
196 0.05946
197 0.05946
198 0.05946
199 0.05946
200 0.05946
201 0.05946
202 0.05946
203 0.05946
204 0.05946
205 0.05946
206 0.05946
207 0.05946
208 0.05946
209 0.05946
210 0.06347
211 0.06347
212 0.06347
213 0.06347
214 0.06347
215 0.06347
216 0.08188
217 0.08188
218 0.08188
219 0.08188
220 0.08188
221 0.08188
222 0.08188
223 0.08188
224 0.08188
225 0.08188
226 0.08188
227 0.08188
228 0.08193
229 0.08193
230 0.08193
231 0.08193
232 0.08193
233 0.08193
234 0.08193
235 0.08193
236 0.08193
237 0.08193
238 0.08193
239 0.08193
240 0.08195
241 0.08195
242 0.08195
243 0.08195
244 0.08195
245 0.08195
246 0.06320
247 0.06320
248 0.06320
249 0.06320
250 0.06320
251 0.06320
252 0.05946
253 0.05946
254 0.05946
255 0.05946
256 0.05946
257 0.05946
258 0.05946
259 0.05946
260 0.05946
261 0.05946
262 0.05946
263 0.05946
264 0.05946
265 0.05946
266 0.05946
267 0.05946
268 0.05946
269 0.05946
270 0.05823
271 0.05823
272 0.05823
273 0.05823
274 0.05823
275 0.05823
276 0.05823
277 0.05823
278 0.05823
279 0.05823
280 0.05823
281 0.05823
282 0.05823
283 0.05823
284 0.05823
285 0.05823
286 0.05823
287 0.05823
