5
4
80
0 150 0.1 0.1
2097 2083 2103 2174
1 190 0.1 0.0
2109 2159 2092 2126
2 150 0.1 0.1
2143 2037 2206 2085
3 150 0.1 0.1
2182 2130 2136 2151
4 190 0.1 0.0
2130 2105 2064 2106
5 120 0.1 0.1
2143 2082 2125 2130
6 120 0.1 0.1
2178 2088 2072 2103
7 150 0.1 0.1
2124 2070 2112 2172
8 150 0.1 0.1
2048 2052 2156 2138
9 150 0.1 0.1
2118 2095 1986 2161
10 190 0.1 0.0
2120 2118 2136 2082
11 150 0.1 0.1
2118 2212 2155 2106
12 130 0.0 0.1
2103 2188 2141 2119
13 190 0.1 0.0
2167 2175 2079 2078
14 170 0.1 0.1
2140 2113 2089 2139
15 120 0.1 0.1
2116 2058 2097 2142
16 130 0.0 0.1
2014 2150 2087 2159
17 130 0.0 0.1
2184 2174 2054 2200
18 120 0.1 0.1
2087 2076 2076 2196
19 190 0.1 0.0
2049 2080 2105 2164
20 130 0.0 0.1
2128 2123 2189 2190
21 120 0.1 0.1
2087 2137 2205 2068
22 150 0.1 0.1
2150 2084 2127 2118
23 150 0.1 0.1
2159 2049 2161 2086
24 170 0.1 0.1
2056 2081 2151 2104
25 190 0.1 0.0
2094 2109 2160 2028
26 170 0.1 0.1
2191 2220 2118 2088
27 130 0.0 0.1
2126 2116 2103 2105
28 190 0.1 0.0
2184 2134 2137 2222
29 130 0.0 0.1
2177 1993 2174 2187
30 120 0.1 0.1
2017 2151 2155 2165
31 170 0.1 0.1
2132 2126 2157 2143
32 120 0.1 0.1
2054 2093 2148 2135
33 130 0.0 0.1
2127 2059 2124 2154
34 150 0.1 0.1
2157 2061 2112 2169
35 130 0.0 0.1
2198 2067 2116 2216
36 130 0.0 0.1
2069 2175 2161 2101
37 130 0.0 0.1
2153 2120 2104 2078
38 150 0.1 0.1
2139 2161 2147 2114
39 190 0.1 0.0
2134 2116 2166 2087
40 120 0.1 0.1
2122 2126 2136 2191
41 170 0.1 0.1
2220 2118 2131 2136
42 130 0.0 0.1
2121 2213 2204 2063
43 170 0.1 0.1
2109 2090 2171 2138
44 150 0.1 0.1
2105 2048 2208 2118
45 190 0.1 0.0
2201 2185 2109 2169
46 120 0.1 0.1
2119 2160 2125 2112
47 130 0.0 0.1
2106 2118 2126 2018
48 190 0.1 0.0
2116 2182 2102 2150
49 130 0.0 0.1
2130 2068 2104 2088
50 150 0.1 0.1
2107 2161 2135 2074
51 190 0.1 0.0
2147 2096 2124 2168
52 130 0.0 0.1
2170 2069 2233 2083
53 130 0.0 0.1
2169 2089 2083 2169
54 130 0.0 0.1
2156 2045 2158 2111
55 120 0.1 0.1
2188 2142 2237 2118
56 170 0.1 0.1
2116 2086 2111 2074
57 120 0.1 0.1
2179 2132 2178 2162
58 170 0.1 0.1
2140 2206 2060 2078
59 170 0.1 0.1
2013 2120 2118 2095
60 120 0.1 0.1
2135 2076 2214 2118
61 170 0.1 0.1
2055 2171 2234 2109
62 190 0.1 0.0
2059 2099 2117 2131
63 120 0.1 0.1
2214 2127 2122 2135
64 170 0.1 0.1
2108 2220 2131 2079
65 130 0.0 0.1
2132 2067 2118 2225
66 190 0.1 0.0
2179 2136 2077 2177
67 120 0.1 0.1
2137 2159 2122 2160
68 130 0.0 0.1
2140 2117 2108 2106
69 150 0.1 0.1
2203 2038 2061 2137
70 190 0.1 0.0
2126 2077 2070 2047
71 170 0.1 0.1
2093 2165 2124 2150
72 190 0.1 0.0
2146 2134 2125 2142
73 130 0.0 0.1
2100 2078 2072 2131
74 150 0.1 0.1
2149 2115 2101 2159
75 120 0.1 0.1
2146 2219 2148 2087
76 150 0.1 0.1
2109 2099 2120 2017
77 170 0.1 0.1
2122 2052 2098 2175
78 190 0.1 0.0
2116 2093 2095 2072
79 170 0.1 0.1
2104 2078 2212 2192
2000
0 49 11 272 152.82
425 97 81 93
1 45 18 287 120.41
130 962 138 136
2 26 91 287 253.16
713 140 114 131
3 24 64 155 0.61
1 1 1 7
4 11 0 36 173.69
488 90 91 99
5 26 21 280 271.04
635 684 205 169
6 117 16 288 57.69
161 36 28 34
7 14 6 250 3.88
6 8 8 41
8 136 10 234 89.52
158 115 163 922
9 20 31 119 305.01
555 1230 602 301
10 12 109 276 86.69
131 286 432 129
11 55 10 251 402.69
1124 234 223 233
12 17 46 287 104.93
171 184 468 578
13 1 81 228 278.95
440 435 1486 1420
14 25 123 288 54.42
69 378 70 73
15 238 2 283 20.11
26 136 27 29
16 112 167 286 11.27
31 7 8 8
17 51 13 110 284.31
481 1186 731 331
18 104 10 214 113.51
165 185 852 256
19 63 88 261 353.10
480 1026 1723 1765
20 62 8 185 32.72
62 56 58 239
21 73 12 192 172.82
484 97 97 85
22 40 22 166 121.84
209 224 287 1007
23 31 82 288 140.38
254 655 151 144
24 131 27 224 132.33
296 386 118 87
25 7 49 171 70.48
129 99 123 647
26 74 14 139 30.02
40 197 43 39
27 113 51 216 274.76
776 125 143 154
28 19 2 268 207.45
244 1213 763 237
29 49 6 72 301.70
842 185 167 147
30 79 8 270 114.97
192 209 227 1118
31 45 11 238 122.50
146 716 413 189
32 191 39 288 174.21
253 914 469 183
33 18 62 269 15.50
43 9 11 8
34 53 13 85 163.53
279 271 644 944
35 63 23 202 138.71
181 256 1187 220
36 162 1 175 264.78
455 363 1190 1416
37 2 192 288 171.64
291 230 653 1226
38 11 36 238 210.44
346 350 829 1393
39 54 34 192 62.20
177 25 28 35
40 37 1 164 95.09
126 150 850 128
41 11 221 288 99.19
133 636 148 150
42 9 0 284 256.27
318 1344 1034 341
43 37 44 261 47.26
61 159 307 64
44 4 218 288 200.91
568 97 98 101
45 46 116 277 83.61
155 155 135 649
46 8 51 214 5.88
9 9 45 7
47 27 1 263 606.83
1530 1072 421 316
48 169 28 280 105.44
189 198 206 830
49 114 33 263 156.73
239 664 539 246
50 89 78 288 23.78
40 50 52 197
51 97 106 242 23.31
65 13 14 14
52 102 4 272 116.55
152 281 901 181
53 100 55 267 18.37
34 26 60 107
54 35 98 217 0.49
1 1 1 2
55 184 22 287 209.97
550 261 164 114
56 2 179 288 512.46
1299 866 358 283
57 10 1 238 23.67
36 51 161 27
58 91 3 247 479.22
1335 296 281 230
59 59 44 112 215.21
382 291 901 1125
60 81 62 196 67.38
91 90 612 96
61 25 63 142 104.50
218 365 95 105
62 9 80 136 34.82
60 68 66 304
63 91 12 287 33.34
47 70 243 63
64 10 19 259 210.56
323 334 1032 1362
65 42 5 269 6.68
11 11 44 9
66 24 72 262 108.17
143 560 386 144
67 10 62 224 813.76
1782 1848 1412 1274
68 66 34 240 33.50
37 253 48 51
69 8 144 267 485.83
944 1629 1043 462
70 66 70 201 56.79
95 110 91 572
71 7 240 278 58.30
100 94 101 594
72 27 50 281 93.12
154 196 153 908
73 62 22 90 70.18
118 98 139 759
74 19 46 208 60.98
91 76 505 80
75 18 19 215 135.53
378 72 87 79
76 11 2 47 228.91
658 77 96 95
77 85 178 284 110.62
263 252 94 76
78 70 10 259 78.76
98 318 444 134
79 110 6 186 211.12
275 1278 506 278
80 64 31 230 150.38
425 67 75 91
81 11 3 287 179.17
282 260 856 1176
82 2 201 287 469.13
1121 1047 345 416
83 49 98 254 131.04
193 212 679 874
84 7 9 36 76.65
193 133 48 61
85 74 37 207 559.99
1434 935 298 326
86 161 36 251 19.79
28 27 172 24
87 4 104 267 13.90
16 106 16 17
88 21 6 179 226.32
304 985 1048 313
89 28 68 225 199.76
268 709 1200 212
90 19 1 288 310.47
470 823 1453 1242
91 3 21 152 142.87
152 1119 192 204
92 20 90 243 412.81
1136 293 285 194
93 5 45 287 432.57
1078 745 346 368
94 169 46 277 200.75
490 410 146 151
95 7 1 88 67.43
94 167 468 113
96 18 215 288 574.29
1343 1444 428 421
97 17 6 244 176.35
209 722 1085 234
98 17 2 248 505.71
1332 701 238 269
99 67 20 287 413.42
1137 328 238 195
100 109 4 167 54.27
66 371 89 92
101 26 240 288 62.91
99 118 311 312
102 10 31 271 130.55
241 214 333 867
103 26 39 221 81.71
233 34 39 31
104 174 66 264 146.68
411 72 92 81
105 3 0 141 227.02
311 330 1455 1396
106 6 0 184 421.51
777 1601 879 478
107 13 62 188 470.94
1032 1346 557 418
108 5 1 156 15.08
41 12 10 11
109 4 35 286 719.02
1692 1158 1406 589
110 23 248 287 68.23
109 114 112 808
111 130 7 190 183.15
220 1220 414 217
112 22 145 284 174.54
286 283 827 912
113 25 60 278 318.28
497 1277 1036 668
114 4 86 271 32.96
87 40 22 19
115 102 14 208 99.33
148 538 190 156
116 37 104 287 133.56
201 349 837 142
117 107 88 287 27.38
48 45 57 243
118 29 1 48 416.93
613 1520 1524 1532
119 23 8 118 403.00
678 1543 1248 513
120 12 0 67 337.71
914 307 229 180
121 72 6 170 74.46
120 140 356 353
122 11 254 286 205.71
336 275 1151 913
123 1 65 239 86.25
132 516 91 88
124 15 35 287 186.91
323 960 163 217
125 43 52 226 146.05
225 293 990 199
126 31 148 288 233.57
293 1187 958 349
127 22 66 199 174.80
225 394 1424 250
128 51 7 276 129.49
165 753 380 175
129 1 42 288 27.60
48 45 48 270
130 17 47 255 24.82
40 44 38 287
131 25 35 192 727.56
1605 1768 1267 618
132 13 2 235 815.08
1730 1900 1758 1210
133 112 64 287 228.58
372 388 966 1412
134 50 59 265 33.10
38 245 43 54
135 51 7 236 27.24
46 147 24 25
136 103 6 220 28.11
50 53 60 216
137 38 6 122 39.88
69 63 154 232
138 111 69 243 105.98
299 49 55 62
139 23 173 283 54.11
91 110 87 522
140 101 3 241 26.73
42 50 58 282
141 10 248 287 357.08
902 623 227 227
142 32 3 208 139.01
387 91 69 80
143 15 30 214 185.78
257 406 1293 495
144 22 3 114 369.47
1005 312 256 187
145 35 7 208 43.15
119 23 34 31
146 49 15 272 290.76
610 1014 268 241
147 123 21 265 45.52
86 59 70 414
148 49 71 184 183.34
297 334 1006 621
149 19 6 276 356.25
990 230 217 159
150 24 227 288 471.86
795 1378 1659 1475
151 47 199 288 535.43
1317 995 437 462
152 4 60 156 92.39
118 122 887 135
153 13 235 288 37.27
67 72 53 324
154 64 2 100 25.38
39 50 42 299
155 58 11 252 41.85
58 53 379 50
156 19 2 65 39.03
47 281 50 58
157 9 0 160 1.32
2 2 10 2
158 14 43 187 6.42
10 10 47 9
159 11 39 261 154.19
435 74 86 70
160 64 74 287 3.08
6 5 6 20
161 20 204 288 107.44
158 145 876 168
162 133 81 281 239.28
674 132 106 127
163 29 27 279 105.33
164 207 545 470
164 67 45 223 12.77
18 79 18 18
165 60 14 231 1.22
2 2 8 2
166 79 43 287 94.97
265 57 48 60
167 2 11 248 159.25
453 64 86 63
168 54 8 187 335.88
451 1018 1633 1643
169 88 9 248 33.17
54 51 227 47
170 76 2 141 48.68
86 91 74 444
171 72 161 287 721.00
1622 1429 1585 482
172 66 139 284 0.75
1 1 7 1
173 49 3 96 101.51
186 184 138 883
174 151 7 198 134.52
139 1078 174 190
175 8 166 287 20.07
24 149 23 24
176 47 233 288 661.81
1445 1554 1349 541
177 158 95 288 197.90
321 337 798 1311
178 53 111 246 55.64
91 106 111 551
179 35 128 271 235.94
667 122 100 125
180 52 147 288 51.90
90 88 78 526
181 181 12 199 163.25
464 73 72 80
182 93 15 161 161.27
447 91 102 120
183 99 9 248 542.72
1211 1508 563 465
184 24 1 190 127.63
152 937 164 158
185 48 132 288 86.41
138 483 103 86
186 4 70 239 134.22
374 84 73 71
187 106 32 224 457.41
1253 378 266 235
188 184 15 287 16.61
28 24 35 172
189 79 8 186 279.53
784 131 164 185
190 11 22 127 209.83
315 934 726 255
191 76 164 287 2.99
4 20 4 3
192 36 112 188 57.54
72 388 91 92
193 112 53 247 192.47
542 94 102 107
194 22 145 287 385.35
1085 184 203 232
195 55 3 144 521.26
1408 573 239 248
196 14 0 131 533.54
1000 1481 1809 618
197 56 2 240 80.27
138 130 118 854
198 59 17 238 237.64
669 139 107 104
199 11 1 93 488.87
1313 547 227 303
200 40 1 256 37.01
46 162 189 65
201 62 47 231 162.02
272 871 145 176
202 107 167 288 14.02
27 29 20 91
203 58 41 243 40.11
112 27 19 18
204 27 158 285 69.28
88 366 257 101
205 38 179 283 256.10
456 1243 240 293
206 41 72 224 370.09
999 363 232 192
207 56 26 157 549.47
1487 543 316 277
208 52 1 264 196.16
282 938 678 220
209 96 50 275 32.23
91 15 17 17
210 11 19 227 279.63
786 163 135 123
211 74 30 196 278.52
461 1387 479 266
212 165 116 288 30.07
48 57 195 45
213 36 170 284 128.76
321 225 107 90
214 6 10 25 196.58
526 209 119 127
215 23 5 97 9.20
12 11 89 12
216 33 9 242 4.16
7 6 7 47
217 56 1 156 113.51
172 189 844 162
218 22 5 59 19.17
32 31 33 208
219 137 10 254 91.37
162 162 126 878
220 16 0 192 106.03
192 203 214 782
221 7 21 73 472.56
682 1848 1555 1885
222 10 24 222 18.04
30 31 39 176
223 31 89 288 107.04
181 572 101 98
224 19 92 235 61.61
118 84 99 517
225 108 161 286 77.85
102 446 207 129
226 27 227 287 493.24
1171 1142 374 398
227 3 0 221 8.47
12 15 66 15
228 102 13 127 18.44
29 26 135 30
229 66 20 277 26.63
36 181 29 27
230 25 12 134 22.16
39 43 29 209
231 33 1 202 154.02
431 87 88 76
232 2 107 279 72.74
111 149 113 865
233 110 69 265 4.66
9 7 6 39
234 9 163 260 147.11
264 208 480 973
235 77 1 280 563.54
1109 1614 1299 988
236 49 8 73 86.29
237 52 67 60
237 40 44 170 216.39
384 355 896 965
238 29 94 283 108.78
182 147 700 235
239 9 59 288 589.68
1287 1497 1003 550
240 90 22 197 39.43
47 289 48 55
241 18 198 237 14.47
18 106 15 15
242 29 117 270 437.37
949 1255 596 348
243 36 2 65 117.28
337 44 39 57
244 62 0 130 153.06
203 537 910 233
245 12 17 288 16.12
28 28 27 155
246 3 36 274 522.58
1106 1245 1197 600
247 21 120 280 7.46
10 51 8 8
248 27 8 176 212.18
332 418 1060 997
249 186 59 287 54.63
91 109 100 521
250 12 81 109 22.77
63 15 13 15
251 52 86 179 149.44
281 201 351 1113
252 19 32 169 7.79
12 11 61 8
253 94 28 222 509.08
1019 1652 1042 333
254 43 13 225 152.42
217 244 986 737
255 145 28 243 224.44
318 679 1342 367
256 161 62 285 55.07
154 31 31 30
257 17 37 287 281.63
647 765 215 188
258 113 39 279 73.85
97 483 110 112
259 63 5 286 30.65
53 54 55 289
260 110 3 250 30.82
86 17 16 23
261 131 129 288 69.87
114 129 144 699
262 11 21 288 123.11
182 232 609 771
263 36 12 275 156.49
201 1121 160 155
264 29 23 167 385.17
650 1321 1233 843
265 46 6 150 114.24
164 675 194 147
266 35 12 229 287.98
412 877 1361 1120
267 28 19 288 731.51
1567 1837 1482 681
268 140 7 264 222.37
337 737 1075 373
269 2 19 288 329.57
472 1157 1471 988
270 3 0 14 723.92
1661 1632 996 629
271 48 111 222 248.67
399 601 1142 897
272 98 120 255 29.60
47 49 64 325
273 64 27 264 72.95
205 37 44 32
274 56 21 287 148.54
369 277 105 107
275 90 1 231 202.44
574 89 105 92
276 40 3 197 35.50
41 253 59 58
277 20 23 96 130.19
198 587 429 143
278 121 21 227 112.45
162 698 124 170
279 38 177 232 13.69
15 110 14 14
280 21 27 288 145.86
211 785 360 171
281 73 7 154 150.82
239 287 584 1036
282 67 67 257 170.82
486 67 86 84
283 163 44 286 215.26
535 397 146 177
284 1 9 269 336.94
416 1181 1601 1753
285 65 13 176 102.46
167 207 158 1080
286 17 72 277 182.91
228 482 1365 407
287 138 11 281 37.08
58 50 275 64
288 39 2 288 458.97
850 1320 1607 435
289 89 3 208 16.80
29 25 32 169
290 47 35 287 66.81
100 107 376 367
291 30 27 286 624.52
1158 1790 1476 2012
292 69 168 282 121.44
216 155 229 1215
293 39 140 287 31.62
57 62 64 232
294 3 8 268 13.76
38 8 9 11
295 87 44 172 56.27
155 37 35 41
296 15 25 185 94.27
118 275 692 146
297 21 217 287 424.20
646 1545 1480 1392
298 131 42 213 10.16
16 20 20 108
299 52 18 272 103.73
129 756 111 113
300 43 0 101 511.31
1300 883 306 273
301 16 1 259 264.27
395 703 1279 1036
302 72 16 248 46.68
65 302 57 54
303 2 64 286 25.03
44 39 47 237
304 90 2 229 22.37
41 45 35 172
305 48 0 288 32.44
42 223 37 48
306 47 11 133 265.40
441 497 1309 998
307 59 173 286 345.22
983 130 174 174
308 37 17 100 36.68
59 71 61 398
309 24 1 42 134.85
376 89 70 61
310 43 3 66 42.16
120 18 20 18
311 98 71 263 369.47
642 1414 1027 421
312 28 16 273 86.62
131 183 260 779
313 3 248 285 97.80
105 755 151 120
314 1 14 70 59.97
169 27 33 36
315 11 2 51 266.17
394 882 1378 396
316 1 20 262 2.80
5 5 5 24
317 29 134 240 90.36
139 144 661 141
318 47 185 288 144.68
235 235 849 457
319 78 72 246 212.34
381 264 877 1146
320 2 14 84 181.22
234 623 1179 200
321 88 139 285 165.98
227 970 356 255
322 28 2 288 113.63
139 577 494 165
323 79 83 226 251.89
321 728 1643 743
324 23 153 287 61.87
77 429 93 79
325 4 0 265 95.28
267 58 44 50
326 31 8 69 28.14
45 61 64 255
327 8 177 235 62.88
84 425 76 70
328 55 23 281 79.45
101 295 469 140
329 112 41 205 303.46
833 187 229 218
330 43 0 280 35.99
91 60 25 26
331 107 30 249 111.28
204 170 187 990
332 21 40 242 556.86
972 1721 1495 1909
333 81 66 284 117.16
210 216 173 1046
334 61 65 178 303.30
431 1160 1335 708
335 1 47 204 67.40
101 94 385 399
336 36 0 146 218.30
295 954 963 361
337 37 67 191 28.68
79 21 17 16
338 177 6 278 99.35
172 180 143 989
339 29 136 286 116.27
158 318 804 168
340 90 31 172 146.12
237 271 664 752
341 4 103 279 267.44
358 504 1661 1522
342 24 120 211 342.30
963 172 183 186
343 51 161 239 79.82
130 114 441 349
344 6 70 214 39.99
72 68 71 346
345 30 8 128 151.15
268 236 426 1113
346 136 63 247 35.71
99 21 24 21
347 4 2 92 468.49
1289 374 249 248
348 148 14 261 50.65
69 80 445 57
349 11 23 156 470.68
1052 1431 339 308
350 91 72 263 79.94
123 117 615 95
351 35 11 181 45.64
66 61 391 51
352 33 26 262 11.69
33 6 6 5
353 12 2 213 219.78
626 93 100 99
354 95 82 287 240.29
422 280 1096 1274
355 46 1 201 262.48
472 954 665 357
356 40 3 185 129.84
186 192 1035 269
357 74 18 287 257.33
734 118 95 118
358 20 17 241 522.98
1055 1718 927 452
359 12 44 130 189.45
304 325 990 842
360 3 16 191 684.44
1343 1688 1839 1549
361 75 1 228 74.39
123 127 485 89
362 121 0 234 0.49
1 1 1 2
363 111 84 287 271.32
351 976 1549 593
364 43 102 279 455.25
1081 1083 317 334
365 88 37 233 210.02
554 249 141 142
366 43 2 157 70.51
201 28 32 35
367 42 75 201 25.15
37 44 189 41
368 131 5 177 133.98
333 240 99 115
369 6 206 288 97.63
186 147 142 821
370 23 1 70 23.76
44 44 36 190
371 17 24 170 227.31
368 609 1083 517
372 36 2 166 22.73
30 28 212 38
373 3 1 210 275.35
402 514 1527 1480
374 13 33 128 394.20
610 1428 1531 870
375 177 85 288 6.02
9 11 43 11
376 44 6 210 43.29
77 66 70 424
377 24 165 247 389.26
582 1219 1751 1239
378 27 5 213 135.09
180 884 201 168
379 73 72 228 34.70
47 67 277 62
380 52 59 269 125.23
149 924 171 123
381 212 59 287 56.77
65 430 73 67
382 132 84 241 21.81
34 38 35 267
383 5 1 178 309.98
652 1057 277 323
384 14 1 127 211.92
362 365 1041 763
385 28 85 253 414.55
656 1319 1567 1346
386 45 46 266 40.21
52 69 355 64
387 61 0 246 41.26
53 267 70 71
388 23 90 287 611.86
1233 1623 1431 1015
389 10 202 265 230.08
332 552 1449 578
390 15 49 286 71.00
91 486 92 102
391 1 67 150 5.39
10 8 10 45
392 193 68 275 48.89
87 90 92 406
393 11 23 281 184.09
273 773 703 278
394 72 0 248 86.90
248 43 32 29
395 41 15 144 60.53
108 114 104 511
396 39 198 287 402.46
985 827 289 258
397 9 40 86 391.12
1111 202 155 155
398 162 40 247 44.25
75 63 71 500
399 126 19 161 37.74
105 25 18 23
400 63 124 263 6.73
12 10 10 68
401 10 4 176 39.19
57 209 96 49
402 10 21 243 26.56
47 35 39 288
403 3 1 187 529.80
1209 1491 363 395
404 26 1 61 401.47
1058 491 280 220
405 10 50 273 83.92
143 165 124 822
406 110 18 280 295.16
472 476 1644 1222
407 74 57 207 442.08
614 1686 1710 1717
408 92 49 250 146.83
244 250 936 203
409 36 61 273 117.94
200 168 522 665
410 39 6 95 77.89
114 469 104 100
411 45 109 285 361.36
495 1186 1623 1626
412 6 55 279 224.51
629 129 108 134
413 26 3 92 402.39
669 1279 1505 891
414 157 82 287 46.58
132 23 20 23
415 104 25 257 211.07
596 107 109 89
416 6 3 243 350.82
999 137 179 157
417 88 12 192 0.75
1 1 7 1
418 80 120 268 60.09
106 97 96 587
419 38 14 136 625.48
1538 1239 468 402
420 1 31 208 162.35
238 244 1085 667
421 55 64 277 5.58
10 11 10 44
422 117 23 235 21.34
22 173 26 28
423 9 2 140 286.38
430 1452 771 255
424 22 6 204 219.07
623 100 95 100
425 5 17 200 20.56
34 31 31 243
426 194 0 288 30.42
55 47 38 306
427 20 125 275 54.84
79 337 76 62
428 19 27 205 243.87
339 1264 777 274
429 98 3 210 90.88
161 164 119 879
430 27 69 247 159.22
265 249 780 751
431 18 0 231 57.54
80 71 510 93
432 14 16 86 543.97
1018 1547 1535 1159
433 5 44 184 297.74
831 185 160 147
434 6 75 249 39.59
113 17 16 18
435 202 35 287 13.50
26 25 21 93
436 68 194 287 189.34
292 374 898 1042
437 1 15 210 515.99
1163 1447 477 356
438 27 6 265 80.48
147 123 116 762
439 45 107 288 179.39
499 108 112 91
440 10 2 118 150.52
193 561 898 217
441 44 28 211 147.04
400 111 104 109
442 23 1 196 100.06
190 149 206 734
443 22 257 288 30.96
58 48 51 258
444 17 35 226 34.75
98 18 19 13
445 70 0 70 67.71
112 138 109 678
446 39 44 287 290.14
784 290 161 165
447 46 84 272 0.47
1 1 1 1
448 83 3 280 123.46
348 56 71 66
449 31 154 283 156.38
435 81 109 96
450 13 132 287 205.03
576 97 126 108
451 103 8 119 222.18
347 309 1261 1137
452 33 125 288 50.91
93 93 76 431
453 127 10 255 355.26
574 1052 1274 1361
454 10 126 234 57.24
91 119 242 318
455 2 34 288 77.94
124 130 269 649
456 8 1 103 45.71
81 65 75 464
457 21 12 108 29.01
47 38 214 33
458 7 185 287 441.49
1224 331 209 219
459 68 132 256 567.63
1232 1403 1058 555
460 71 34 240 172.82
476 125 100 107
461 12 0 268 356.61
490 1197 1728 1251
462 34 64 246 291.82
800 228 175 170
463 134 109 280 235.40
350 458 1242 1248
464 14 135 276 85.61
141 176 186 765
465 14 222 274 359.81
1029 156 146 128
466 11 8 198 113.61
201 142 273 1043
467 57 43 279 26.56
46 56 42 233
468 65 1 135 38.68
72 59 68 323
469 14 15 113 147.20
407 107 82 74
470 26 16 277 559.75
1390 1087 371 330
471 39 129 288 51.80
94 90 87 442
472 32 4 120 205.57
285 455 1293 797
473 28 5 187 538.06
1047 1652 1276 705
474 63 23 279 140.66
180 765 468 228
475 12 237 288 17.13
28 35 33 165
476 102 146 282 154.94
430 97 85 105
477 101 16 250 138.97
362 167 115 108
478 27 70 229 89.19
120 144 773 133
479 24 124 249 472.87
1029 1395 574 361
480 32 46 285 498.68
1341 560 247 249
481 63 188 285 325.01
493 815 1681 1106
482 157 14 287 50.09
88 105 78 426
483 17 191 274 20.59
58 10 12 9
484 141 58 276 118.34
166 251 910 133
485 39 131 250 160.21
332 584 144 122
486 81 13 266 5.95
11 8 8 59
487 96 23 201 134.17
378 77 60 60
488 38 0 175 91.82
126 237 657 114
489 47 133 271 240.65
678 132 105 131
490 7 99 227 189.55
253 751 997 268
491 19 137 287 22.94
40 34 101 111
492 87 106 245 129.04
202 178 924 275
493 96 113 273 80.95
224 51 49 54
494 17 15 279 105.47
126 545 478 128
495 6 134 241 355.85
923 540 196 192
496 74 61 237 83.80
153 103 157 797
497 50 65 195 24.35
46 47 42 166
498 5 175 288 84.34
138 173 255 624
499 23 0 274 84.27
136 144 153 940
500 12 0 26 494.75
1381 322 242 246
501 32 120 288 94.83
160 156 380 563
502 56 8 200 10.80
17 21 21 116
503 123 18 248 428.24
1046 884 296 315
504 18 4 170 26.42
37 47 210 44
505 7 0 149 48.96
92 64 64 473
506 48 229 288 125.20
174 262 638 824
507 139 141 287 93.73
263 48 52 54
508 92 42 201 191.34
289 352 830 1371
509 10 46 288 37.57
67 76 59 313
510 4 44 258 492.89
1196 1059 316 398
511 11 0 233 133.30
379 55 60 75
512 2 6 266 129.89
229 189 291 1166
513 28 8 283 102.08
189 156 189 847
514 3 7 171 192.37
285 290 1193 931
515 13 7 68 49.66
91 93 74 410
516 21 169 268 93.96
157 483 121 105
517 67 184 284 398.67
1116 213 244 195
518 5 65 288 64.88
89 291 276 87
519 142 33 278 17.79
29 30 36 188
520 84 91 217 43.88
60 167 226 72
521 67 12 122 369.36
1037 194 188 224
522 20 133 184 182.44
240 921 708 216
523 3 240 280 361.45
980 308 259 202
524 78 110 288 55.40
108 78 93 423
525 17 2 277 432.10
1076 843 260 254
526 33 58 205 24.84
43 44 57 208
527 41 200 288 108.10
134 764 146 135
528 26 225 288 325.72
700 1058 304 263
529 24 128 263 338.11
971 121 123 169
530 107 55 250 30.56
43 53 194 150
531 1 10 152 34.25
93 27 27 19
532 14 64 277 337.93
910 336 224 168
533 125 0 269 8.28
12 16 60 16
534 10 0 253 387.97
579 1644 1135 1183
535 214 46 276 127.06
361 62 56 49
536 17 32 278 232.18
402 329 1207 840
537 202 55 288 40.75
113 21 29 29
538 159 30 240 41.45
116 25 19 25
539 102 33 152 112.99
161 149 926 250
540 10 17 247 257.54
715 164 164 117
541 106 29 288 20.59
35 35 38 204
542 85 9 261 110.55
208 207 210 746
543 82 0 240 10.49
16 57 16 19
544 21 216 288 227.12
636 124 122 134
545 72 9 204 8.35
14 15 17 80
546 89 42 287 298.59
785 366 214 176
547 8 27 267 491.43
1087 1303 668 426
548 70 28 159 74.01
210 32 40 30
549 46 20 259 505.50
1063 1641 652 378
550 78 44 236 15.57
27 26 33 140
551 15 0 78 56.53
98 99 88 558
552 2 118 287 47.19
90 67 88 369
553 24 43 249 204.46
575 100 117 107
554 45 34 206 21.36
38 39 30 199
555 189 52 270 46.68
59 332 58 46
556 52 7 236 102.10
285 63 48 65
557 16 73 288 17.32
31 29 56 103
558 20 1 220 148.73
198 928 305 156
559 35 5 194 42.56
77 61 84 380
560 26 22 134 2.73
4 6 6 30
561 23 217 286 22.00
36 48 36 215
562 32 248 287 99.33
162 184 282 838
563 135 33 287 20.00
28 35 160 33
564 6 153 229 177.88
213 972 706 251
565 13 194 288 723.73
1402 1942 1638 2033
566 61 13 237 104.01
170 131 740 168
567 97 3 196 184.82
513 113 115 105
568 2 124 287 256.36
401 588 1114 1291
569 38 6 250 625.91
1307 1746 1195 679
570 171 104 283 132.97
157 993 162 151
571 86 113 286 460.43
783 1525 1404 1226
572 77 127 288 83.09
137 141 173 845
573 22 50 211 1.65
2 12 2 2
574 5 88 256 93.54
152 188 317 650
575 194 14 287 500.30
1412 283 216 217
576 57 126 277 112.24
150 364 724 131
577 63 7 128 105.33
171 167 643 296
578 41 28 163 51.12
68 77 459 72
579 20 50 287 320.61
538 689 1240 1549
580 34 20 247 131.77
238 189 353 996
581 102 62 194 96.79
273 48 53 42
582 5 8 36 114.43
158 525 444 189
583 6 1 159 241.82
313 992 1248 425
584 27 92 257 283.02
431 529 1405 1599
585 6 86 288 87.87
104 639 124 114
586 57 21 233 31.05
87 19 15 15
587 17 24 112 111.37
161 692 118 168
588 61 1 229 128.29
231 223 303 944
589 19 1 182 18.70
34 32 32 159
590 9 27 275 72.37
203 43 35 35
591 98 44 236 26.37
35 38 240 37
592 4 117 274 5.69
16 3 3 3
593 19 214 280 113.61
156 250 867 161
594 20 138 288 96.86
147 173 446 648
595 11 29 288 105.54
153 574 256 110
596 99 37 288 133.56
196 806 183 149
597 65 11 152 379.05
875 967 289 383
598 25 16 281 41.15
61 190 137 51
599 13 1 155 189.22
533 108 90 77
600 133 6 222 84.27
109 368 422 108
601 11 10 158 48.79
139 21 22 21
602 61 1 266 255.28
728 103 123 104
603 104 140 274 14.44
27 26 24 110
604 21 209 287 355.12
560 962 1321 1727
605 70 138 254 0.54
1 1 1 4
606 76 112 244 253.44
719 106 137 115
607 5 0 54 124.95
347 71 82 76
608 5 64 206 65.90
119 110 154 497
609 5 65 197 71.80
99 243 406 125
610 51 5 276 141.37
391 84 96 91
611 8 44 255 7.13
12 10 13 79
612 40 95 287 15.17
21 24 129 21
613 2 155 288 8.19
11 53 11 13
614 39 209 287 43.85
56 310 52 46
615 34 109 210 78.91
134 141 168 719
616 144 37 264 142.50
253 189 411 1126
617 12 178 268 20.51
38 42 41 132
618 60 0 214 28.51
47 44 59 304
619 61 78 288 102.38
165 173 214 1095
620 25 11 177 15.24
29 22 30 116
621 103 0 190 365.22
1010 243 206 243
622 15 0 64 311.53
511 640 1277 1614
623 20 19 288 533.47
1402 671 344 347
624 77 28 206 126.90
350 79 88 81
625 26 63 198 64.77
119 88 211 401
626 163 5 212 319.98
896 188 162 169
627 8 193 287 300.43
439 924 1338 1176
628 33 2 274 360.75
1015 182 182 214
629 79 82 232 107.30
161 176 486 807
630 134 72 233 135.39
305 387 99 126
631 33 9 276 154.42
435 73 74 107
632 31 1 205 20.40
31 50 128 27
633 59 117 271 22.07
39 35 37 213
634 20 1 99 121.70
182 517 438 198
635 28 72 124 621.65
1551 1146 393 486
636 27 159 198 104.76
142 596 275 127
637 31 37 266 40.02
71 79 64 342
638 51 120 240 56.34
106 81 93 482
639 39 130 288 31.64
90 13 16 14
640 34 43 284 39.10
57 234 56 50
641 4 4 263 61.10
95 97 436 104
642 79 5 172 93.21
136 220 631 136
643 3 0 197 161.62
455 86 83 76
644 30 7 128 15.97
28 25 24 164
645 3 26 260 82.62
94 484 319 106
646 24 24 93 42.53
77 71 61 395
647 58 101 275 67.31
103 109 495 102
648 6 93 238 297.98
775 432 186 148
649 10 0 135 64.46
182 34 31 28
650 28 5 254 222.79
317 708 1203 502
651 75 3 256 123.28
176 209 885 379
652 78 88 205 219.00
338 351 1301 922
653 67 163 288 160.66
214 1044 223 255
654 42 15 165 224.20
378 352 940 1302
655 110 18 159 495.13
1284 675 352 341
656 29 5 155 141.63
233 174 737 762
657 69 13 269 122.05
345 57 66 55
658 43 4 265 76.01
105 123 495 402
659 19 162 287 218.30
345 564 1075 607
660 5 52 279 277.98
393 1023 1155 935
661 38 216 288 86.95
245 40 48 50
662 54 92 252 215.50
365 335 1087 871
663 5 152 258 19.29
30 33 134 33
664 23 10 200 25.97
40 54 43 296
665 14 1 23 9.36
14 14 74 12
666 10 51 264 11.53
20 23 22 97
667 15 57 142 12.35
19 69 19 14
668 48 103 171 44.35
65 166 211 55
669 14 34 108 121.61
337 79 66 82
670 52 4 138 8.40
12 54 9 9
671 7 10 261 192.30
324 293 1062 635
672 19 2 175 202.32
576 95 81 89
673 11 8 189 95.77
169 174 371 441
674 24 30 66 294.92
341 1394 1498 584
675 57 44 164 53.80
152 25 29 26
676 24 4 150 33.92
39 256 43 42
677 44 29 133 8.47
11 59 9 11
678 210 34 288 53.33
88 118 104 473
679 115 6 167 171.69
264 373 1078 327
680 77 1 273 177.08
247 458 1015 665
681 138 12 193 104.20
156 181 225 1252
682 6 151 272 166.02
290 222 876 579
683 14 3 200 30.80
88 14 12 11
684 31 114 287 46.32
130 25 26 22
685 64 78 287 97.75
151 588 86 105
686 28 6 178 108.15
151 457 475 162
687 12 0 185 209.57
590 116 99 102
688 12 112 256 491.90
999 1744 674 343
689 56 65 288 459.98
1256 408 246 252
690 99 12 230 260.31
601 701 176 196
691 11 31 84 291.91
354 1285 1481 635
692 67 35 225 518.63
1044 1357 1255 848
693 204 38 287 21.74
32 40 47 262
694 29 28 156 305.81
860 164 150 167
695 82 25 219 5.72
8 7 51 8
696 91 11 255 53.59
68 86 497 74
697 155 74 287 33.85
45 224 46 45
698 14 0 206 184.11
517 95 102 99
699 90 42 288 150.54
422 91 67 84
700 60 2 107 539.94
1070 1430 1474 733
701 144 6 284 93.30
149 137 663 143
702 9 26 280 19.27
39 29 29 128
703 15 99 288 8.30
12 51 11 10
704 47 28 114 349.31
914 460 232 208
705 24 0 144 518.49
957 1333 1777 1088
706 48 92 214 155.91
277 238 324 1387
707 71 103 269 114.12
322 55 59 60
708 6 10 152 24.96
46 43 36 216
709 4 60 253 191.88
382 796 137 146
710 112 68 192 55.59
79 359 59 62
711 144 10 244 260.27
724 134 177 171
712 62 40 243 175.46
255 542 1007 248
713 67 162 287 161.41
282 276 498 1089
714 114 26 198 96.67
184 138 145 829
715 97 14 137 11.06
14 75 17 15
716 6 126 268 185.69
284 326 1062 815
717 60 31 272 192.32
546 87 89 92
718 51 61 287 0.54
1 1 1 4
719 12 2 55 51.62
86 74 77 614
720 6 0 200 9.43
14 56 13 11
721 123 144 286 100.83
159 162 568 438
722 149 59 233 157.01
227 486 893 252
723 1 113 162 437.32
928 1109 903 464
724 46 22 215 268.67
741 174 157 210
725 9 205 256 78.95
138 157 132 689
726 112 3 260 241.96
313 752 1370 907
727 23 104 276 265.70
595 791 202 187
728 1 193 288 116.08
206 197 233 993
729 33 96 277 248.46
697 127 135 152
730 21 110 287 282.69
411 991 1325 639
731 23 105 288 531.71
1279 1191 341 440
732 3 1 110 803.81
1752 1792 1663 937
733 116 149 288 45.43
76 63 313 52
734 11 205 288 135.27
173 915 190 203
735 65 187 280 7.98
10 54 12 13
736 72 71 235 4.92
9 9 12 32
737 32 30 270 517.10
1124 1449 724 449
738 100 42 266 34.37
52 44 272 57
739 4 189 252 130.15
236 220 326 916
740 4 129 223 288.73
814 144 162 121
741 44 113 254 26.98
43 58 57 257
742 32 171 287 161.27
456 81 84 60
743 40 18 177 11.79
22 20 23 87
744 43 127 259 428.88
849 1118 1226 538
745 27 17 286 235.16
329 317 1419 1601
746 4 19 119 49.92
66 105 406 71
747 7 0 54 406.74
597 1744 1210 1279
748 20 7 113 102.48
292 40 53 42
749 72 16 279 7.48
13 13 14 69
750 102 144 288 521.29
1079 1310 1269 584
751 12 48 288 642.23
1527 1133 963 596
752 49 101 187 239.19
332 1376 561 269
753 42 80 253 54.74
101 100 89 435
754 42 69 198 58.27
80 138 416 111
755 5 61 144 244.27
338 1144 943 333
756 12 0 36 628.02
1488 1466 474 517
757 116 12 207 109.63
308 55 60 63
758 29 5 88 147.72
222 253 777 858
759 52 15 154 73.09
135 111 115 654
760 74 17 271 32.82
53 65 73 312
761 65 2 188 64.41
115 120 114 540
762 54 7 287 43.26
58 54 397 71
763 26 60 246 1.69
3 3 3 15
764 128 92 277 132.17
374 67 57 67
765 23 79 217 193.92
328 284 841 1117
766 92 76 288 101.58
153 200 567 442
767 33 18 222 174.04
485 93 115 99
768 31 30 266 3.81
6 20 6 6
769 65 124 211 327.43
552 888 1172 1182
770 9 5 142 147.41
418 67 65 83
771 28 57 207 239.59
493 855 238 241
772 35 71 130 8.70
11 62 10 10
773 35 82 253 117.58
326 79 59 79
774 108 5 158 114.38
201 533 151 147
775 31 84 278 262.81
576 796 227 265
776 6 117 260 9.29
15 20 21 83
777 113 0 271 430.01
978 1161 407 289
778 41 46 253 1.08
2 2 5 2
779 9 88 162 40.86
69 52 280 55
780 196 8 248 163.55
253 328 668 1090
781 5 30 270 89.35
254 40 37 48
782 145 32 286 280.22
789 156 131 135
783 49 48 156 86.76
125 143 627 255
784 41 2 76 52.18
70 208 274 66
785 3 49 213 238.25
377 339 1482 868
786 82 102 212 176.73
319 265 533 1185
787 60 1 278 151.30
429 67 66 92
788 18 51 239 37.59
47 260 50 60
789 22 126 288 28.75
45 42 214 38
790 21 232 288 109.56
307 59 55 72
791 229 28 286 29.08
49 55 46 293
792 8 4 273 174.77
251 584 949 265
793 32 82 287 19.24
35 31 34 167
794 25 1 232 53.26
88 91 215 329
795 139 47 284 35.76
44 69 318 61
796 58 59 206 64.48
89 274 299 75
797 135 13 213 179.76
266 305 804 1394
798 157 6 209 452.00
1287 224 173 177
799 3 14 144 263.02
418 1165 743 347
800 93 36 227 259.89
729 136 144 145
801 115 44 274 43.92
102 114 31 35
802 8 165 288 307.88
544 525 1164 1568
803 17 51 192 15.53
18 118 17 20
804 61 59 164 394.36
995 671 292 236
805 52 101 270 68.32
90 461 78 105
806 27 201 288 40.58
115 20 18 19
807 47 93 251 121.16
345 50 55 60
808 2 36 134 1.65
3 3 3 13
809 16 12 276 67.78
119 100 92 731
810 11 0 219 349.34
981 184 196 171
811 87 24 241 26.00
73 14 13 15
812 61 9 148 214.23
369 352 888 1108
813 81 125 287 72.20
124 140 135 643
814 60 30 285 298.19
552 1381 280 244
815 22 1 54 720.50
1434 1702 2080 1284
816 31 33 218 65.28
93 72 582 93
817 23 5 76 571.91
1355 1232 604 436
818 124 65 276 246.81
404 1037 725 274
819 13 16 245 159.44
203 734 750 233
820 17 37 212 525.85
1369 753 293 341
821 134 13 155 517.36
1397 527 317 218
822 14 114 283 863.73
2025 1409 1310 1517
823 49 1 263 75.68
135 150 114 649
824 11 142 263 122.31
347 61 58 42
825 5 76 237 202.46
288 363 1162 1161
826 10 214 286 179.10
263 262 1244 657
827 35 23 288 404.83
1070 450 308 262
828 76 65 191 247.26
329 1110 1154 266
829 9 222 288 237.31
323 465 1346 1478
830 12 170 288 220.58
537 449 171 169
831 8 0 66 179.97
327 279 441 1353
832 129 44 253 154.14
191 956 403 204
833 41 137 264 406.62
978 904 271 338
834 41 1 113 172.40
200 1067 525 277
835 94 103 287 5.93
10 10 10 62
836 4 1 9 438.38
1088 864 256 298
837 34 99 247 6.92
11 13 12 77
838 28 6 103 22.07
39 34 40 210
839 46 4 61 19.36
35 27 28 196
840 64 6 285 113.47
167 177 826 302
841 86 33 260 621.32
1324 1396 1488 710
842 30 4 187 424.41
733 1359 1324 1053
843 41 4 131 10.52
17 16 15 131
844 35 38 279 321.20
892 190 197 201
845 68 33 232 57.10
73 385 88 74
846 36 220 288 71.66
204 31 34 29
847 8 3 267 93.16
234 177 50 53
848 67 84 256 4.87
6 35 6 6
849 10 2 220 196.37
516 229 144 148
850 14 46 212 188.72
324 330 755 986
851 47 98 275 15.36
27 23 30 146
852 81 184 271 135.42
201 260 431 1300
853 64 62 228 42.56
78 78 82 319
854 73 44 250 61.10
101 114 171 499
855 35 8 134 97.21
122 481 408 165
856 109 20 157 136.31
176 265 1025 485
857 76 20 113 39.38
72 62 82 316
858 25 102 221 248.88
416 1019 725 248
859 34 147 252 263.94
588 761 228 248
860 68 0 141 20.61
57 12 13 16
861 41 14 113 111.07
154 340 707 131
862 44 15 177 566.36
1371 1166 488 406
863 92 6 221 15.62
42 12 12 16
864 3 0 125 183.83
253 1088 376 256
865 10 96 196 278.43
361 1038 1407 853
866 41 137 275 2.05
3 4 15 3
867 31 16 193 520.16
954 1807 1325 683
868 243 11 285 9.65
27 5 6 5
869 26 71 207 157.51
412 199 104 122
870 22 67 236 10.21
13 16 94 16
871 48 112 194 179.15
225 754 963 277
872 78 30 287 54.27
152 31 26 34
873 59 74 199 216.70
278 1045 925 334
874 178 17 241 11.17
22 16 18 83
875 143 38 280 24.98
45 42 54 198
876 10 2 71 212.42
604 100 82 109
877 66 0 230 13.60
20 21 106 23
878 162 80 288 4.63
8 8 6 49
879 47 138 242 31.90
59 59 57 239
880 21 135 270 407.54
847 1096 912 353
881 11 31 221 9.60
16 18 37 56
882 175 45 288 15.90
25 18 125 22
883 7 208 226 77.64
123 438 89 86
884 35 80 287 12.63
21 19 84 18
885 23 119 208 450.45
941 1156 990 525
886 163 66 288 163.34
456 83 111 88
887 10 118 227 58.18
74 99 534 72
888 116 31 278 86.50
150 136 337 495
889 93 0 122 102.41
186 142 375 573
890 88 181 288 210.72
318 306 1277 1033
891 91 47 173 44.91
60 186 228 55
892 1 159 205 43.03
121 23 21 24
893 74 10 230 55.07
157 25 23 22
894 90 22 270 150.75
223 213 939 769
895 99 2 208 41.48
50 291 65 60
896 70 30 230 64.04
82 443 83 79
897 37 27 280 21.15
60 10 9 11
898 2 84 148 177.95
481 192 77 100
899 2 45 287 24.73
42 47 35 252
900 14 177 288 416.36
1036 724 358 306
901 5 1 264 679.43
1631 1264 905 444
902 75 94 287 222.58
326 657 1264 398
903 124 43 258 114.41
148 202 948 289
904 15 193 256 251.73
571 670 237 222
905 40 26 245 304.47
861 157 143 131
906 101 32 250 193.01
323 268 779 1320
907 17 170 254 471.34
1155 954 345 313
908 52 160 288 644.33
1586 1261 441 519
909 100 156 283 56.79
159 31 29 37
910 50 137 229 2.40
3 17 3 3
911 75 179 288 451.70
1057 1068 424 350
912 99 18 252 173.13
281 991 132 188
913 90 12 223 322.12
754 814 239 216
914 9 0 229 20.61
33 34 77 158
915 54 2 184 14.56
41 7 8 8
916 146 36 286 71.66
118 118 133 774
917 86 7 285 97.44
279 43 35 37
918 33 61 288 195.52
300 403 895 1112
919 61 221 288 202.89
317 367 900 1285
920 101 2 174 45.10
72 95 74 476
921 49 138 287 153.20
187 1102 217 154
922 40 47 154 211.71
277 779 1270 244
923 201 25 274 233.09
368 614 1193 528
924 153 6 204 237.40
661 140 153 111
925 55 178 288 96.10
172 181 186 762
926 17 6 153 529.76
1017 1584 1434 660
927 107 27 207 130.31
166 216 1164 239
928 5 80 287 578.95
1321 1588 494 363
929 11 52 285 0.59
1 1 1 6
930 29 78 172 62.32
100 116 138 625
931 89 6 277 144.73
328 417 103 103
932 8 4 180 48.65
82 77 90 509
933 72 14 284 319.39
885 215 189 163
934 2 168 288 7.83
9 57 13 10
935 4 31 176 382.04
1085 173 159 212
936 94 11 209 202.96
265 930 939 249
937 194 31 235 121.13
347 48 46 55
938 16 263 288 668.63
1304 1850 1823 969
939 60 13 137 65.31
83 455 86 77
940 46 1 48 76.13
136 129 120 705
941 3 1 61 18.28
32 33 29 172
942 96 36 264 1.79
5 1 1 1
943 24 1 103 164.14
468 66 70 87
944 54 137 283 23.10
34 37 175 45
945 40 68 137 104.62
168 155 470 690
946 79 84 235 30.91
45 46 257 32
947 2 7 201 247.30
404 330 1447 972
948 2 31 251 41.29
78 70 69 315
949 32 133 259 143.37
179 1006 193 184
950 34 80 227 182.54
338 246 536 1217
951 10 3 103 289.91
831 111 113 130
952 10 1 189 12.54
34 9 11 8
953 35 41 174 297.60
807 221 232 225
954 4 179 235 658.14
1393 1767 1357 458
955 22 17 278 20.44
34 37 126 30
956 17 37 163 127.28
329 196 78 60
957 29 3 115 231.45
647 132 130 124
958 4 0 132 19.76
32 36 42 200
959 24 155 253 76.01
118 104 582 103
960 3 128 287 27.64
40 56 56 335
961 66 52 167 83.42
140 121 167 889
962 250 17 285 287.23
815 128 128 159
963 48 95 189 56.09
87 312 83 64
964 53 11 269 113.21
323 40 59 52
965 60 62 239 70.81
112 97 522 107
966 120 0 200 78.41
133 123 136 830
967 141 28 248 39.26
72 58 63 361
968 88 71 244 52.25
81 98 177 439
969 48 97 238 24.56
38 53 45 263
970 3 142 288 113.75
270 273 81 74
971 24 118 265 247.28
352 531 1365 1260
972 25 24 281 279.11
471 410 1421 1198
973 88 25 249 5.34
9 8 10 57
974 51 24 252 569.42
1322 1089 936 557
975 21 4 190 29.38
81 21 18 16
976 87 73 225 37.69
70 54 51 358
977 36 131 287 70.44
113 108 137 814
978 33 212 287 302.45
766 490 215 232
979 3 93 288 239.28
355 423 1207 1518
980 18 108 288 144.28
221 177 1167 174
981 43 50 287 231.61
647 147 125 96
982 13 231 287 80.62
146 120 124 775
983 88 171 281 155.20
213 389 1085 278
984 65 111 286 121.86
222 188 419 670
985 24 126 210 7.69
13 11 50 12
986 72 27 256 33.90
61 55 54 314
987 2 39 273 507.76
862 1600 1779 1157
988 23 101 207 83.73
159 138 151 617
989 2 0 147 616.31
1273 1474 1527 899
990 85 83 207 100.95
178 154 336 665
991 37 12 70 327.13
923 170 170 133
992 21 39 180 39.01
54 264 37 36
993 154 71 278 27.31
46 36 186 37
994 44 19 252 2.38
4 5 4 22
995 193 18 276 178.56
271 265 1220 561
996 3 236 251 699.68
1417 1462 1918 1681
997 102 86 249 242.90
379 613 1186 808
998 31 107 210 51.24
61 342 120 58
999 115 49 274 52.09
147 27 26 23
1000 19 0 100 212.49
605 90 100 92
1001 11 101 288 101.02
279 70 58 62
1002 20 6 278 272.90
395 724 1264 1370
1003 15 14 201 223.21
399 383 747 1259
1004 13 114 277 40.14
61 229 54 57
1005 5 163 220 521.43
1310 932 375 278
1006 168 63 267 406.74
1028 604 362 361
1007 16 58 257 33.69
49 41 292 39
1008 10 218 273 52.20
93 86 73 513
1009 194 44 275 33.48
54 61 54 376
1010 102 30 270 164.99
470 72 64 89
1011 23 224 287 106.74
165 245 217 1058
1012 53 24 281 108.29
304 59 50 70
1013 54 27 277 67.73
95 421 104 78
1014 38 14 249 19.90
57 8 8 8
1015 38 75 271 191.78
289 286 909 1430
1016 5 200 288 246.53
358 682 1175 1071
1017 76 79 241 418.17
1046 720 325 321
1018 83 21 183 55.14
86 79 422 59
1019 142 23 287 148.14
253 273 268 1400
1020 51 178 287 80.53
132 160 155 785
1021 250 9 287 457.37
1267 321 260 220
1022 28 56 168 193.50
273 1183 311 232
1023 99 0 186 47.12
133 21 27 24
1024 96 70 286 116.88
149 797 163 165
1025 28 93 196 11.81
22 19 23 91
1026 94 0 230 28.07
48 43 65 262
1027 36 133 240 9.93
12 72 13 12
1028 11 0 144 146.71
180 1077 174 137
1029 138 37 201 79.59
132 182 146 697
1030 94 96 229 120.05
148 835 191 144
1031 14 4 268 270.69
608 787 213 207
1032 105 153 288 112.34
199 155 175 1174
1033 31 0 168 48.84
61 346 67 50
1034 109 7 205 87.61
139 132 155 1072
1035 57 99 264 276.34
782 134 137 122
1036 41 69 195 25.36
44 44 55 220
1037 40 22 177 116.43
325 70 68 53
1038 35 7 119 48.56
90 82 86 386
1039 38 7 112 45.36
75 80 78 482
1040 20 39 256 57.83
160 37 34 39
1041 28 1 281 684.82
1447 1393 1625 1422
1042 8 31 274 44.09
73 100 70 412
1043 40 61 156 32.51
55 50 209 44
1044 19 36 228 78.01
146 139 131 593
1045 105 73 287 156.54
440 87 71 91
1046 142 50 275 47.19
83 87 70 443
1047 239 19 287 153.41
436 64 74 77
1048 163 32 255 170.40
375 546 114 127
1049 9 0 277 91.21
149 204 180 819
1050 57 187 275 27.81
46 51 59 267
1051 22 49 288 165.50
426 252 103 109
1052 18 81 261 110.08
157 152 932 161
1053 69 125 288 274.05
758 182 169 153
1054 34 2 68 711.31
1515 1403 1421 1974
1055 38 134 273 669.29
1464 1551 1373 554
1056 53 166 263 196.98
558 92 92 101
1057 89 2 243 481.83
933 1370 1261 787
1058 19 0 147 42.04
48 320 48 59
1059 46 53 287 145.79
182 646 760 191
1060 20 116 253 33.76
57 57 51 364
1061 15 0 119 161.32
450 97 86 94
1062 23 4 37 43.78
82 56 71 403
1063 14 0 185 180.16
308 286 865 758
1064 15 64 284 26.25
42 40 182 44
1065 51 42 229 101.33
170 155 415 632
1066 118 103 288 228.93
647 95 123 142
1067 122 157 288 40.82
49 297 54 50
1068 12 244 287 22.02
39 37 45 189
1069 13 20 231 407.33
1019 709 316 289
1070 83 17 218 0.61
1 1 1 7
1071 55 85 288 131.51
368 71 76 73
1072 41 99 238 28.98
44 170 37 32
1073 29 95 288 346.98
993 121 151 182
1074 32 0 136 222.51
629 112 109 98
1075 22 264 287 93.70
135 168 707 175
1076 16 72 266 641.39
1578 1292 406 483
1077 46 136 288 23.46
40 38 39 245
1078 128 81 266 281.28
802 124 119 118
1079 12 233 288 465.95
1133 959 310 447
1080 13 70 281 77.28
129 113 365 410
1081 24 12 110 576.01
1247 1265 1351 529
1082 44 67 158 45.19
55 330 50 61
1083 11 62 168 588.12
1385 1452 387 479
1084 106 14 287 105.70
122 804 135 103
1085 6 40 287 377.26
589 1262 1245 1514
1086 75 147 288 169.06
239 266 800 1442
1087 85 4 251 106.97
299 62 54 67
1088 37 6 153 9.88
17 14 44 52
1089 36 95 194 98.64
126 619 203 166
1090 74 2 240 275.72
360 702 1503 1568
1091 38 2 66 82.43
230 48 50 40
1092 35 0 127 67.94
94 127 388 415
1093 82 46 278 34.11
49 51 273 65
1094 29 3 264 132.31
184 850 172 154
1095 89 7 249 7.60
14 11 14 66
1096 82 29 284 68.72
99 133 514 108
1097 18 22 189 232.55
340 851 1148 276
1098 111 20 261 408.95
1035 674 308 255
1099 8 93 287 369.29
1010 288 230 233
1100 7 0 37 429.91
1178 366 212 260
1101 60 13 284 16.37
24 35 36 183
1102 137 117 280 98.81
279 47 50 53
1103 5 47 130 57.99
79 90 510 69
1104 35 8 110 565.00
1119 1403 1649 843
1105 46 42 249 61.19
81 413 68 92
1106 14 61 249 62.25
79 77 603 103
1107 65 4 85 884.74
1991 1557 1899 1264
1108 16 52 152 128.90
173 546 624 171
1109 65 162 287 93.92
165 163 133 927
1110 65 67 218 113.70
319 52 74 63
1111 15 0 47 28.35
49 148 23 29
1112 33 44 256 206.58
571 145 119 114
1113 72 52 258 213.78
570 253 122 104
1114 57 1 201 69.38
112 108 113 831
1115 126 23 151 3.36
6 6 6 29
1116 33 177 277 114.31
182 168 421 965
1117 17 18 70 420.24
1005 880 378 397
1118 221 0 258 206.20
568 128 146 137
1119 73 54 260 19.79
27 30 172 29
1120 24 178 288 561.68
989 1781 1748 1190
1121 167 34 284 84.25
129 96 691 105
1122 66 17 288 351.34
979 191 224 207
1123 11 55 198 36.70
52 166 145 44
1124 26 54 116 184.44
277 310 949 1134
1125 15 24 241 105.16
162 218 682 184
1126 5 18 280 117.98
153 766 210 155
1127 5 4 141 366.49
790 1269 242 227
1128 3 32 187 434.12
1164 458 238 307
1129 42 129 242 521.83
1303 956 384 303
1130 29 35 202 30.98
51 50 60 333
1131 48 1 78 126.88
343 118 69 99
1132 187 0 288 41.38
113 29 28 34
1133 28 151 277 10.23
13 70 14 15
1134 46 14 235 450.17
1009 1229 468 386
1135 11 10 243 45.45
61 280 80 78
1136 20 19 128 323.41
911 158 158 203
1137 27 130 269 43.52
74 81 153 265
1138 18 77 186 28.21
44 35 220 38
1139 44 8 248 18.66
22 139 23 22
1140 6 218 288 33.78
63 50 60 284
1141 24 6 147 82.60
227 51 59 62
1142 60 2 188 307.25
385 1044 1758 1022
1143 12 146 272 137.11
205 206 743 854
1144 116 100 287 213.26
252 849 1353 284
1145 8 59 194 13.08
25 20 20 106
1146 65 44 275 160.14
228 462 973 283
1147 16 165 288 161.34
217 248 1270 536
1148 5 100 274 143.18
401 74 83 84
1149 63 21 288 284.00
773 212 222 170
1150 24 120 287 267.25
436 535 1075 1501
1151 102 1 280 36.47
58 71 63 399
1152 63 56 247 146.19
212 905 180 171
1153 6 36 287 396.36
1129 186 169 146
1154 1 37 176 43.52
73 91 84 387
1155 30 33 202 16.94
25 98 26 24
1156 87 8 277 5.03
6 36 7 8
1157 11 5 183 11.55
14 85 13 14
1158 73 7 147 197.57
287 956 623 266
1159 33 146 236 504.28
1329 608 353 299
1160 26 29 72 79.24
129 106 405 434
1161 124 55 223 9.93
15 16 75 14
1162 23 5 70 104.69
260 198 78 60
1163 13 119 272 41.12
41 344 42 58
1164 7 22 272 92.67
132 154 459 711
1165 23 1 142 246.88
350 537 1434 1115
1166 1 114 282 313.41
543 611 1154 1579
1167 68 3 273 201.90
574 97 87 81
1168 80 2 288 70.41
121 115 123 708
1169 45 12 254 181.88
518 79 80 82
1170 33 107 215 122.41
182 158 994 193
1171 69 34 268 86.76
163 118 157 738
1172 68 10 263 25.90
43 47 50 258
1173 17 202 287 344.44
973 185 148 168
1174 79 9 124 193.48
293 496 1212 210
1175 13 235 287 229.45
403 342 1034 1017
1176 14 27 121 441.58
1037 1119 294 307
1177 2 10 206 299.51
804 308 187 177
1178 6 22 270 95.96
161 163 216 904
1179 44 13 146 9.93
12 14 100 12
1180 111 99 285 110.92
252 303 84 110
1181 100 111 236 247.61
405 296 1207 1553
1182 38 94 271 40.86
114 25 20 26
1183 36 26 240 175.39
476 150 116 109
1184 5 210 267 44.39
73 70 201 253
1185 14 26 161 307.30
812 399 167 163
1186 87 3 103 75.35
112 154 160 853
1187 26 35 246 45.55
77 91 80 425
1188 58 208 288 389.73
1113 153 184 157
1189 39 11 274 16.40
21 112 24 19
1190 41 28 285 518.18
1178 1258 624 512
1191 27 252 285 103.40
148 493 349 146
1192 75 96 288 770.40
1650 1683 1634 1330
1193 20 30 76 103.44
165 197 202 1092
1194 78 113 287 173.76
229 583 993 445
1195 18 53 75 56.46
80 208 283 90
1196 3 73 288 193.74
277 328 1166 1041
1197 104 132 288 59.36
67 456 76 65
1198 57 1 282 177.22
256 803 638 264
1199 169 92 285 83.75
95 635 111 103
1200 157 1 160 123.32
155 873 163 127
1201 1 202 277 532.96
1093 1559 1076 523
1202 86 24 270 466.80
1337 204 166 180
1203 9 122 287 206.09
321 517 1068 579
1204 1 186 286 204.79
329 624 944 339
1205 5 255 288 115.07
165 197 853 284
1206 75 161 288 359.66
1019 167 164 193
1207 54 6 110 109.21
163 189 636 521
1208 43 207 287 36.25
66 50 68 331
1209 129 18 166 77.09
106 490 109 105
1210 87 20 218 513.50
1221 1121 447 476
1211 52 25 87 9.81
15 14 76 13
1212 153 11 226 278.48
778 156 151 175
1213 81 143 278 116.88
174 238 646 526
1214 32 177 249 12.66
20 19 91 19
1215 3 9 47 142.87
203 247 855 780
1216 16 19 114 108.27
145 673 220 113
1217 62 1 275 312.07
877 145 207 138
1218 26 84 225 77.09
115 463 89 100
1219 21 110 288 71.12
118 152 121 673
1220 85 36 263 189.15
531 114 81 102
1221 8 0 74 652.49
1519 1534 691 485
1222 3 9 104 81.00
117 159 418 492
1223 121 72 221 27.90
41 48 217 34
1224 10 25 283 101.00
142 135 801 298
1225 65 77 260 43.36
121 27 24 20
1226 28 58 288 15.79
44 9 9 10
1227 31 55 218 200.37
339 304 839 1181
1228 80 4 273 119.09
159 630 411 124
1229 52 13 216 42.04
68 82 94 401
1230 40 71 287 47.03
72 276 56 51
1231 62 50 163 26.61
45 48 49 259
1232 1 47 202 246.22
396 409 1152 1391
1233 74 68 211 310.73
436 1136 1593 510
1234 4 32 288 173.29
298 303 847 591
1235 27 33 235 32.56
44 42 300 42
1236 18 151 253 23.53
31 29 219 41
1237 11 61 287 132.29
248 210 225 1071
1238 148 23 243 391.42
1066 306 275 246
1239 14 0 183 251.19
514 970 191 189
1240 103 36 224 7.29
9 10 72 10
1241 10 66 262 67.14
92 437 87 81
1242 21 80 186 54.32
64 402 65 77
1243 111 69 283 49.66
86 90 79 479
1244 46 130 284 53.07
120 155 40 31
1245 97 34 288 159.41
234 233 932 937
1246 14 157 287 87.28
135 108 689 118
1247 8 0 92 167.60
269 227 887 903
1248 85 111 271 143.23
214 394 862 186
1249 49 102 259 6.26
10 13 12 63
1250 58 56 288 564.34
1444 951 313 293
1251 86 37 287 59.24
66 442 88 92
1252 3 28 243 18.30
34 24 30 170
1253 73 131 277 20.59
39 40 32 145
1254 84 67 287 611.18
1276 1478 1624 433
1255 8 0 219 56.37
157 37 29 29
1256 8 12 223 391.07
1022 526 247 243
1257 54 14 85 107.28
154 137 927 139
1258 20 89 268 151.55
212 751 512 197
1259 7 0 225 217.07
338 912 740 279
1260 16 183 288 79.31
142 121 122 776
1261 80 110 284 0.59
1 1 1 6
1262 22 1 68 277.96
352 1534 968 349
1263 10 165 261 116.90
163 550 445 147
1264 23 131 227 355.99
539 1201 1358 1267
1265 55 115 268 168.28
282 283 776 804
1266 70 60 278 311.25
474 882 1604 740
1267 11 1 38 72.65
132 104 121 686
1268 21 101 277 104.38
144 696 110 113
1269 51 173 254 182.07
507 116 106 81
1270 11 153 287 80.15
139 114 348 423
1271 44 1 243 227.85
268 1008 1267 375
1272 200 40 287 117.86
211 188 207 1078
1273 27 21 163 57.57
98 108 110 531
1274 69 158 288 136.40
388 56 70 58
1275 79 4 172 62.16
78 448 64 78
1276 29 0 102 117.54
164 152 990 264
1277 55 52 288 443.13
1094 806 389 324
1278 60 10 155 585.02
1529 771 412 324
1279 5 89 280 114.57
141 818 144 154
1280 179 77 284 10.21
17 15 19 113
1281 8 5 76 319.51
832 382 272 243
1282 32 10 137 267.77
371 1092 1303 306
1283 32 19 229 8.21
11 54 10 13
1284 133 107 280 101.61
188 167 131 924
1285 138 94 278 42.23
76 63 178 186
1286 75 14 250 21.39
61 10 9 7
1287 88 75 270 81.52
142 149 134 762
1288 58 112 248 172.04
244 274 1408 259
1289 28 25 192 83.54
125 176 152 969
1290 94 2 156 575.47
1467 975 335 328
1291 83 68 285 344.28
817 782 281 288
1292 38 6 286 127.96
194 210 728 637
1293 46 34 210 44.28
75 78 65 468
1294 40 0 95 25.95
41 53 41 288
1295 22 5 280 99.89
107 787 122 143
1296 55 51 270 327.32
817 615 186 258
1297 24 8 256 107.70
149 545 329 199
1298 123 6 277 51.78
64 347 103 58
1299 187 84 288 304.17
851 172 168 163
1300 35 0 211 55.47
157 26 26 30
1301 76 163 287 245.63
364 380 1471 1263
1302 68 106 225 35.31
48 207 79 50
1303 34 34 239 305.01
737 675 218 186
1304 21 20 288 127.32
351 89 73 85
1305 28 56 227 32.91
93 18 14 15
1306 51 1 238 12.33
23 24 22 86
1307 10 117 127 95.42
137 461 322 111
1308 26 0 81 16.66
28 31 28 167
1309 49 62 278 16.96
27 34 36 169
1310 15 12 264 426.97
1011 1032 289 321
1311 46 2 163 108.36
132 552 465 172
1312 73 18 135 292.97
500 1333 555 344
1313 32 108 224 79.96
109 254 504 103
1314 21 188 287 58.30
99 108 94 580
1315 17 89 253 352.89
451 1203 1699 1679
1316 7 160 287 289.53
807 197 139 140
1317 37 1 162 39.71
67 74 57 414
1318 32 54 220 185.85
271 327 849 1427
1319 119 156 288 376.84
1073 146 190 178
1320 198 15 288 21.50
60 14 11 10
1321 10 143 283 56.20
71 278 249 63
1322 3 9 143 143.23
201 255 1088 333
1323 8 254 288 122.78
150 666 485 151
1324 26 0 203 90.48
121 252 620 156
1325 11 186 285 24.98
40 46 39 286
1326 144 107 278 593.09
1452 1128 504 490
1327 7 0 56 210.20
594 100 103 113
1328 3 0 15 156.26
245 288 575 1198
1329 10 0 258 795.95
1827 1490 1380 1025
1330 117 106 278 127.79
357 73 74 67
1331 9 100 162 58.16
99 102 87 606
1332 92 9 214 277.51
422 1326 818 274
1333 4 194 287 229.92
643 128 115 157
1334 133 0 180 100.64
288 42 40 40
1335 9 12 186 145.32
234 213 762 738
1336 17 138 288 459.32
697 1535 1823 1515
1337 41 52 260 30.21
85 15 17 15
1338 17 10 256 73.07
103 460 89 106
1339 179 19 280 0.47
1 1 1 1
1340 6 240 264 443.35
869 1477 937 374
1341 5 1 264 188.54
329 253 717 1215
1342 11 154 288 335.67
525 1526 984 372
1343 9 4 82 203.88
287 902 845 252
1344 101 37 183 18.09
29 28 128 23
1345 17 17 262 187.81
288 280 848 1415
1346 68 3 194 167.03
468 93 79 111
1347 4 42 97 56.58
85 84 368 227
1348 29 118 287 507.45
1160 1152 754 366
1349 19 6 190 195.62
295 264 1025 1343
1350 11 109 205 1.65
2 12 2 2
1351 39 50 252 2.89
4 19 3 4
1352 75 28 281 27.27
40 39 225 32
1353 54 45 288 128.92
177 369 835 225
1354 149 10 211 125.68
354 66 64 60
1355 13 24 245 47.92
74 182 200 55
1356 11 28 109 324.28
450 967 1509 1565
1357 37 15 110 216.04
338 376 950 1423
1358 28 4 144 341.20
972 154 153 127
1359 30 87 226 57.73
75 400 73 58
1360 52 69 287 23.43
33 46 185 26
1361 16 75 278 129.91
359 89 78 73
1362 2 18 150 8.45
14 19 13 80
1363 95 7 259 338.80
869 524 211 241
1364 84 81 288 34.63
60 54 67 336
1365 17 131 239 135.82
229 246 728 373
1366 13 1 202 126.26
205 266 305 1089
1367 120 31 269 117.72
172 204 777 430
1368 83 73 258 22.96
30 42 197 36
1369 124 26 260 36.91
43 274 43 59
1370 31 184 287 425.96
1091 708 233 242
1371 24 7 152 131.86
367 75 82 78
1372 52 13 186 4.16
7 20 6 7
1373 6 1 128 117.70
265 347 86 80
1374 57 5 258 245.45
693 130 106 129
1375 24 6 260 8.28
11 53 13 13
1376 3 48 186 45.62
58 164 275 85
1377 4 159 287 391.64
1125 150 148 151
1378 112 55 212 227.82
402 378 959 1004
1379 19 4 77 244.39
403 407 1324 877
1380 11 39 102 15.17
19 25 142 20
1381 19 2 236 66.39
105 110 124 774
1382 36 38 288 593.56
1377 1195 898 571
1383 56 6 133 226.41
562 448 137 138
1384 94 79 262 308.33
865 169 169 151
1385 132 24 236 62.74
177 28 37 31
1386 1 68 218 268.88
385 609 1308 1596
1387 275 2 284 196.32
553 90 114 105
1388 1 141 233 299.30
601 1215 230 203
1389 12 34 158 38.63
48 269 56 51
1390 57 155 287 113.47
130 648 454 151
1391 110 65 259 70.22
123 124 120 651
1392 58 79 242 156.26
243 354 988 202
1393 2 31 283 69.61
98 449 78 84
1394 1 47 115 6.47
10 10 47 11
1395 4 50 182 709.42
1537 1559 1513 934
1396 22 170 264 276.24
561 1029 270 261
1397 3 68 287 61.97
80 319 232 93
1398 15 124 288 52.53
66 371 59 78
1399 15 0 54 597.11
1442 1302 417 453
1400 28 47 288 237.89
660 148 137 154
1401 252 20 288 35.88
68 58 61 277
1402 33 130 210 44.91
127 25 19 18
1403 5 140 281 113.25
191 135 797 141
1404 8 26 271 483.97
846 1301 1781 1263
1405 39 27 158 108.52
136 757 140 158
1406 43 93 246 388.65
1042 393 244 265
1407 70 166 259 171.10
270 281 796 1058
1408 41 42 229 65.28
102 107 110 806
1409 3 45 123 503.08
1194 1242 299 344
1410 163 13 228 646.28
1596 1339 356 398
1411 34 13 160 195.31
291 318 1237 800
1412 74 8 114 87.14
144 145 275 703
1413 92 54 203 85.56
244 38 35 37
1414 201 12 253 175.46
267 268 1118 680
1415 94 61 276 555.80
1222 1288 1132 389
1416 10 22 135 141.48
231 194 1010 178
1417 72 132 257 226.70
627 149 131 149
1418 11 4 228 65.07
184 28 38 30
1419 71 77 287 548.51
1326 1158 389 499
1420 32 200 288 255.02
386 665 1450 541
1421 84 173 285 28.04
38 39 247 49
1422 51 29 243 321.36
556 1254 919 276
1423 86 7 113 54.63
156 23 24 21
1424 36 4 163 50.39
83 76 100 552
1425 29 105 255 381.35
1024 397 207 269
1426 36 4 262 91.82
141 161 190 1066
1427 69 77 277 173.03
243 1125 199 180
1428 34 58 250 475.81
1326 336 199 255
1429 88 15 165 128.97
354 98 72 88
1430 113 3 181 42.25
68 72 75 478
1431 5 136 266 2.02
3 4 14 4
1432 31 51 255 437.02
983 1298 267 386
1433 4 1 283 131.82
370 73 69 66
1434 37 122 288 567.00
1184 1720 923 519
1435 3 111 271 66.06
185 36 40 30
1436 25 2 189 20.77
36 33 34 212
1437 7 52 136 146.92
408 98 69 101
1438 46 0 82 138.61
391 65 79 65
1439 21 192 281 5.81
10 7 10 66
1440 14 1 59 401.75
601 1487 1473 1256
1441 112 112 242 92.34
132 557 149 108
1442 130 104 287 369.99
1012 293 212 256
1443 79 26 248 7.10
13 15 11 53
1444 30 122 188 433.39
1050 928 269 400
1445 70 63 245 112.99
126 742 338 137
1446 80 1 240 61.24
108 104 105 569
1447 18 2 59 68.91
125 111 132 582
1448 44 0 151 52.65
146 28 37 36
1449 46 90 254 64.74
181 37 32 43
1450 91 168 280 31.34
54 53 63 291
1451 1 174 285 471.55
1135 1122 275 238
1452 82 84 288 257.63
403 642 1385 613
1453 10 8 248 172.26
252 303 1123 639
1454 56 21 86 185.81
243 906 736 306
1455 64 11 166 148.68
237 210 521 1330
1456 4 16 76 102.67
131 726 118 116
1457 5 266 278 101.54
152 134 814 158
1458 18 26 288 651.20
1600 1280 490 460
1459 99 18 232 107.98
121 757 241 143
1460 23 136 222 79.26
222 46 42 39
1461 59 37 235 20.63
31 122 27 23
1462 46 129 287 212.44
603 95 99 105
1463 105 7 280 20.89
33 32 101 128
1464 12 247 287 103.63
148 346 582 131
1465 3 22 283 234.86
350 661 1283 534
1466 14 15 193 43.73
76 73 170 236
1467 152 20 274 60.98
88 109 366 301
1468 15 0 111 489.81
829 1621 1747 857
1469 71 129 248 152.80
425 91 94 84
1470 70 129 278 61.78
107 103 154 511
1471 45 174 232 96.50
178 158 143 850
1472 33 46 288 292.80
822 157 140 187
1473 16 126 276 95.16
126 153 717 388
1474 61 36 220 129.23
239 199 279 992
1475 36 29 283 40.46
43 326 42 56
1476 77 59 220 13.93
39 8 7 8
1477 227 16 288 216.81
615 104 103 88
1478 58 144 287 53.78
93 102 84 510
1479 86 15 233 58.60
165 26 38 27
1480 42 1 63 346.00
823 797 293 208
1481 7 6 157 340.58
959 172 169 197
1482 30 12 192 138.05
381 90 93 78
1483 12 0 221 372.65
1036 218 231 220
1484 82 143 260 144.26
190 996 143 198
1485 75 1 171 1.79
5 1 1 1
1486 66 5 267 75.78
135 344 103 93
1487 76 187 288 4.21
7 9 7 40
1488 15 0 278 128.19
204 243 264 1336
1489 106 82 212 139.96
159 1095 147 144
1490 3 0 19 172.96
269 251 763 1307
1491 2 233 271 458.80
1181 741 252 241
1492 2 46 165 10.33
18 14 18 109
1493 10 168 271 6.66
9 44 8 9
1494 6 196 288 473.01
679 1791 1894 1439
1495 73 0 224 45.48
68 49 383 68
1496 27 20 257 389.75
673 1519 1114 360
1497 32 12 147 159.41
244 226 1063 556
1498 11 58 233 278.43
378 975 1610 398
1499 87 16 240 31.34
57 57 58 247
1500 59 98 286 88.29
109 645 90 112
1501 32 21 288 220.63
357 376 993 1266
1502 4 37 195 171.29
231 970 456 225
1503 19 21 206 61.21
174 24 35 24
1504 5 101 278 145.74
254 264 411 1025
1505 5 39 159 152.09
426 88 80 77
1506 209 45 280 270.64
774 94 128 130
1507 41 32 169 449.51
1127 790 311 337
1508 18 121 270 55.73
76 361 74 74
1509 62 137 288 137.32
391 60 55 73
1510 33 28 255 156.45
236 246 805 998
1511 108 161 288 293.65
826 158 154 136
1512 15 31 227 7.29
10 47 9 11
1513 10 136 253 454.83
1162 680 323 379
1514 96 129 281 54.56
86 71 416 70
1515 135 78 251 87.14
166 121 126 765
1516 70 10 278 128.36
174 194 1089 260
1517 23 154 287 75.99
215 40 31 38
1518 42 66 268 130.64
241 249 196 1040
1519 41 97 268 190.49
385 724 173 189
1520 134 18 180 202.04
575 93 80 99
1521 49 187 277 198.65
565 99 70 97
1522 64 117 262 48.89
56 364 69 64
1523 20 9 99 13.46
37 9 8 11
1524 17 31 236 572.69
1116 1707 1541 516
1525 95 46 283 96.83
148 127 768 127
1526 51 61 253 215.07
611 96 94 112
1527 24 2 109 353.81
988 221 165 214
1528 15 0 79 90.95
155 154 129 976
1529 11 67 268 175.76
271 249 1123 684
1530 85 133 288 245.40
354 466 1397 1283
1531 35 240 288 25.83
40 41 191 33
1532 12 0 56 133.09
243 216 351 905
1533 7 0 134 377.10
985 477 270 268
1534 37 52 288 233.85
382 406 1176 1022
1535 30 163 265 691.73
1493 1497 1369 1272
1536 19 41 288 109.07
176 197 216 1149
1537 58 42 209 158.89
231 271 868 971
1538 91 9 208 594.17
1423 1176 696 414
1539 73 51 260 62.72
177 36 25 30
1540 8 14 249 54.11
84 300 78 68
1541 110 64 244 594.62
1550 876 289 369
1542 3 0 244 324.92
608 1409 410 252
1543 12 3 249 332.70
415 1135 1699 1529
1544 8 214 274 164.45
272 875 187 183
1545 41 110 234 3.51
6 6 6 35
1546 53 5 263 16.42
20 27 157 23
1547 45 89 288 195.66
315 308 958 1067
1548 54 14 288 27.69
44 40 164 113
1549 111 123 287 238.08
306 1436 595 338
1550 78 21 288 10.12
17 21 19 91
1551 38 142 264 405.59
689 1489 1378 371
1552 44 13 107 13.69
25 21 19 131
1553 11 1 218 37.45
60 47 275 61
1554 10 67 285 48.23
113 120 36 36
1555 50 28 212 586.74
1103 1744 1661 944
1556 18 110 288 224.53
359 654 1117 322
1557 53 166 288 163.76
221 956 392 215
1558 27 82 135 178.99
509 80 75 92
1559 10 44 261 20.91
33 44 49 197
1560 128 11 179 207.64
580 102 139 122
1561 35 52 279 148.02
420 69 62 81
1562 54 97 252 38.63
108 23 21 19
1563 34 156 282 248.97
349 642 1338 1095
1564 152 87 286 262.29
667 431 172 174
1565 12 1 172 275.39
763 164 194 144
1566 32 1 283 44.46
75 85 75 435
1567 33 53 275 50.89
76 295 72 70
1568 33 73 236 203.99
356 297 874 1048
1569 13 106 212 267.84
622 684 221 183
1570 60 12 228 204.23
572 123 90 124
1571 149 0 202 40.02
73 75 78 298
1572 39 7 220 159.27
241 948 181 190
1573 150 72 280 326.70
894 291 171 156
1574 97 5 241 6.09
11 8 36 9
1575 18 35 103 165.46
267 290 712 1001
1576 2 215 278 57.03
75 379 75 87
1577 8 176 288 232.20
370 490 1186 848
1578 2 136 262 66.72
122 95 104 635
1579 36 41 239 31.29
54 46 191 54
1580 7 0 239 7.48
21 4 4 4
1581 136 98 250 93.59
178 405 99 73
1582 4 180 287 10.99
30 8 8 7
1583 23 75 188 291.13
508 1433 346 272
1584 92 35 155 86.93
250 31 29 44
1585 1 60 198 292.03
818 148 157 203
1586 19 3 41 156.40
279 258 475 1018
1587 208 41 285 117.63
324 77 81 71
1588 12 20 286 109.07
306 61 61 47
1589 19 0 152 28.09
46 43 54 313
1590 13 142 266 34.37
97 15 21 16
1591 115 0 226 13.06
24 25 21 102
1592 118 83 226 101.18
290 35 44 48
1593 13 84 246 71.92
119 131 438 122
1594 129 12 267 106.27
167 593 146 108
1595 67 3 113 62.16
103 103 114 663
1596 12 262 287 173.64
238 405 1218 398
1597 74 18 287 79.28
121 174 154 846
1598 61 3 150 120.08
146 848 169 178
1599 73 11 262 70.15
98 454 83 82
1600 41 6 282 6.80
11 11 14 74
1601 26 16 163 432.66
715 1582 1503 629
1602 89 69 228 186.65
290 360 914 966
1603 45 13 149 41.31
94 111 37 33
1604 11 131 288 32.40
56 59 62 292
1605 6 22 288 27.43
43 49 187 43
1606 9 172 243 615.39
1272 1314 1782 844
1607 138 37 288 95.77
179 142 199 741
1608 65 74 287 650.56
1376 1287 1754 1020
1609 55 1 288 40.37
62 61 87 491
1610 9 22 64 60.72
69 469 65 78
1611 2 55 272 38.84
63 64 79 419
1612 46 2 155 9.15
13 10 82 13
1613 72 59 270 272.85
631 713 234 157
1614 107 12 218 143.30
186 942 247 167
1615 10 64 189 32.98
58 54 57 314
1616 49 5 288 268.17
753 131 142 180
1617 8 23 187 17.27
26 24 138 22
1618 13 27 288 380.70
974 617 223 249
1619 146 60 279 58.63
104 87 108 559
1620 40 11 170 138.87
208 250 836 569
1621 86 99 241 33.38
48 49 272 56
1622 6 200 287 366.49
952 484 276 246
1623 16 0 246 446.99
1068 1038 281 372
1624 27 76 152 25.60
73 10 11 14
1625 103 3 174 288.66
645 845 249 207
1626 62 20 279 425.72
1192 244 232 212
1627 10 100 241 142.57
247 207 730 521
1628 11 0 282 84.08
125 203 544 127
1629 124 0 232 133.53
167 750 461 166
1630 37 7 55 243.00
600 431 214 208
1631 12 26 284 436.71
1203 314 271 237
1632 18 124 287 46.13
79 86 92 413
1633 59 37 288 159.34
228 863 402 188
1634 24 154 267 371.22
703 1352 773 335
1635 25 209 259 162.66
205 430 1262 230
1636 47 53 252 434.85
1093 753 291 341
1637 9 112 281 100.81
284 51 51 54
1638 3 224 287 519.73
1379 642 299 262
1639 39 92 276 309.58
880 137 147 134
1640 59 151 234 160.40
250 364 970 286
1641 1 119 243 39.03
43 310 43 41
1642 14 17 133 25.13
34 38 218 42
1643 107 60 280 182.75
400 575 163 117
1644 49 3 121 298.87
511 591 1253 1271
1645 69 40 287 314.33
418 1511 1161 654
1646 83 59 224 120.38
342 47 63 62
1647 4 61 112 38.44
52 63 327 63
1648 42 62 258 105.25
149 158 893 128
1649 34 70 287 52.67
150 24 23 21
1650 34 85 288 373.57
1058 176 177 185
1651 154 112 287 248.34
702 122 121 120
1652 91 33 142 2.54
3 19 3 3
1653 13 205 284 470.80
942 1303 1263 389
1654 49 35 288 342.33
468 1219 1517 1308
1655 151 38 262 185.36
513 112 117 127
1656 10 0 249 623.08
1223 1770 1395 1263
1657 21 217 287 50.23
142 24 24 27
1658 165 93 288 8.02
10 56 12 9
1659 80 62 277 167.97
458 158 80 94
1660 1 88 285 142.90
245 191 729 613
1661 29 70 190 2.96
6 6 4 16
1662 70 31 288 274.17
532 1131 280 253
1663 85 58 288 427.25
1098 643 275 310
1664 59 14 143 132.00
204 232 554 951
1665 102 67 287 44.37
80 87 75 355
1666 45 19 119 534.04
1451 555 242 237
1667 35 243 288 45.15
81 72 79 411
1668 94 75 288 233.75
552 520 213 222
1669 18 268 288 183.60
521 74 96 96
1670 85 12 124 134.52
380 70 58 72
1671 119 128 255 123.70
188 752 116 138
1672 11 34 253 28.40
46 48 62 295
1673 1 96 288 46.25
59 320 63 54
1674 69 97 252 7.67
12 14 13 90
1675 46 6 254 245.56
331 615 1462 1035
1676 187 88 287 84.20
132 182 172 841
1677 30 120 288 215.10
299 766 1120 419
1678 10 96 275 323.08
491 1371 1172 402
1679 90 23 208 7.27
10 9 66 10
1680 33 20 233 393.73
1034 511 250 227
1681 17 2 287 518.56
1385 589 322 241
1682 38 6 251 53.17
92 84 96 528
1683 60 28 286 87.96
122 328 457 133
1684 32 2 89 581.00
1312 1496 651 538
1685 184 17 287 44.06
71 92 86 431
1686 16 63 266 148.40
289 605 133 181
1687 6 23 273 395.89
590 1569 1648 565
1688 60 67 186 49.36
54 366 82 80
1689 70 8 131 30.77
58 53 52 233
1690 28 16 182 731.73
1539 1890 1398 1091
1691 69 14 196 113.07
184 608 143 120
1692 9 10 172 160.87
267 230 630 1150
1693 68 101 273 14.35
19 97 16 21
1694 32 169 288 783.01
1569 1847 2047 1682
1695 75 39 163 76.77
97 192 603 123
1696 5 6 107 44.30
122 31 25 32
1697 76 7 169 79.28
79 665 87 95
1698 115 6 284 49.33
80 75 102 548
1699 16 35 177 4.80
6 32 8 8
1700 20 86 288 138.85
200 728 384 150
1701 8 31 279 146.64
197 744 529 185
1702 70 122 242 343.53
666 1314 495 346
1703 94 91 288 308.75
551 1160 805 320
1704 65 4 195 265.84
430 482 1360 1114
1705 5 0 256 222.79
344 635 1219 311
1706 9 0 256 319.91
779 732 159 178
1707 9 128 287 5.72
10 9 9 58
1708 169 105 287 80.86
116 159 617 102
1709 63 97 287 300.47
843 164 155 168
1710 99 12 206 215.76
402 964 216 219
1711 56 19 132 1.08
2 2 5 2
1712 272 8 288 140.19
401 57 61 52
1713 29 5 88 163.60
255 278 1042 466
1714 24 28 287 408.81
776 1283 1083 498
1715 9 1 183 265.11
756 124 104 105
1716 88 63 231 177.50
272 234 1144 747
1717 48 144 272 111.63
174 182 555 653
1718 28 1 68 56.30
99 113 99 470
1719 5 0 230 425.04
1182 263 240 250
1720 1 239 288 284.00
498 591 1071 1185
1721 32 11 214 10.09
14 17 84 14
1722 16 108 250 25.62
32 174 37 45
1723 3 270 288 9.97
28 6 5 4
1724 28 0 86 231.52
379 367 934 1566
1725 42 162 285 268.97
578 855 241 294
1726 15 19 180 175.71
284 267 969 754
1727 2 118 271 416.74
1032 766 354 260
1728 26 4 197 175.08
221 413 1274 561
1729 4 0 189 786.12
1661 1757 1723 1444
1730 31 27 142 246.88
414 346 1304 1052
1731 164 102 280 37.64
68 68 56 332
1732 102 65 278 20.07
26 28 187 31
1733 7 4 224 20.99
32 118 32 26
1734 13 1 176 31.76
58 56 55 260
1735 17 0 74 101.56
146 640 117 119
1736 102 11 175 184.80
274 350 780 1409
1737 10 0 286 171.34
249 261 1036 942
1738 97 89 245 46.63
120 73 25 33
1739 131 115 284 315.93
879 210 162 169
1740 86 9 270 53.03
88 80 119 544
1741 12 5 127 27.17
48 48 51 237
1742 14 85 282 358.61
1008 195 175 196
1743 104 24 184 213.54
367 302 824 1385
1744 92 172 288 207.57
351 333 781 1348
1745 30 62 258 40.94
55 199 156 61
1746 20 73 152 340.94
504 1285 1490 601
1747 39 42 255 135.53
190 561 606 206
1748 8 239 288 11.48
18 16 86 16
1749 9 144 232 80.72
137 180 141 691
1750 5 2 283 385.73
969 669 272 279
1751 95 1 240 312.54
614 1238 354 267
1752 5 34 221 255.59
344 1409 751 319
1753 37 0 152 14.23
19 95 20 14
1754 88 186 288 53.76
152 26 27 25
1755 136 90 288 9.62
12 17 87 16
1756 129 34 200 469.01
1262 469 287 287
1757 50 5 207 436.22
1160 515 270 217
1758 29 20 288 286.78
477 1147 873 325
1759 5 0 56 482.00
1064 1367 484 523
1760 29 236 287 214.96
593 139 137 144
1761 61 6 90 140.28
320 390 105 103
1762 9 5 33 57.69
164 30 22 22
1763 51 5 241 379.78
779 1384 347 391
1764 57 63 178 36.39
100 27 19 28
1765 12 173 258 92.06
121 595 152 130
1766 42 17 197 355.81
768 1162 289 308
1767 4 10 287 501.03
1262 889 328 306
1768 32 92 277 156.85
280 731 198 158
1769 7 91 203 346.32
987 137 176 140
1770 6 1 127 7.41
21 4 3 3
1771 72 73 285 629.22
1596 1097 382 347
1772 129 12 232 42.96
62 186 171 58
1773 38 6 242 8.49
14 18 16 79
1774 7 108 287 101.75
199 416 94 103
1775 75 13 276 150.47
249 245 806 563
1776 98 99 253 12.49
15 94 13 13
1777 12 55 286 124.33
357 45 52 48
1778 51 6 250 306.80
426 1359 1326 348
1779 8 42 288 167.69
243 326 787 1174
1780 10 120 267 855.12
1924 1766 1723 668
1781 55 81 288 279.28
566 1089 216 248
1782 4 197 251 150.05
216 263 639 1287
1783 40 25 233 350.23
703 1011 857 298
1784 116 34 282 29.34
74 51 20 18
1785 38 6 181 187.55
510 177 109 83
1786 33 54 256 100.20
180 185 203 778
1787 9 59 75 170.30
231 293 1253 620
1788 136 67 233 35.34
56 72 57 388
1789 113 39 280 223.64
311 751 1259 381
1790 29 16 121 6.59
9 41 10 11
1791 69 129 288 6.33
18 3 3 2
1792 36 67 227 315.84
499 704 1525 1277
1793 5 1 77 123.75
197 165 776 455
1794 13 36 189 85.00
137 165 145 910
1795 2 2 264 418.97
952 1203 301 270
1796 130 32 240 93.04
153 183 185 894
1797 33 1 145 30.23
44 44 246 45
1798 36 1 239 46.77
74 63 349 65
1799 2 20 81 21.50
33 33 43 267
1800 4 203 287 633.55
1290 1398 1482 1712
1801 40 12 213 104.08
183 153 174 1055
1802 46 87 200 101.16
179 186 168 900
1803 32 49 149 228.20
311 399 1491 1167
1804 47 44 257 58.79
164 38 27 35
1805 5 125 256 95.92
158 123 611 274
1806 50 31 255 27.97
45 46 50 321
1807 114 163 287 26.25
37 40 215 48
1808 24 46 161 391.54
826 1284 451 325
1809 63 71 212 8.28
14 16 15 78
1810 12 87 129 68.67
104 121 506 88
1811 33 69 210 135.23
205 240 404 1350
1812 43 84 199 417.84
1180 212 218 169
1813 30 82 202 89.96
251 48 60 46
1814 25 262 287 72.55
133 139 142 521
1815 57 8 196 68.98
196 28 35 34
1816 109 54 275 130.31
361 82 82 75
1817 98 44 278 106.71
305 43 49 39
1818 55 33 275 416.43
1134 374 226 251
1819 4 41 244 570.22
1244 1525 915 417
1820 61 20 227 171.79
280 290 723 1066
1821 93 77 287 6.54
9 13 50 13
1822 12 26 288 16.12
30 25 26 138
1823 82 144 278 62.53
92 100 323 424
1824 118 8 254 124.50
187 174 863 426
1825 130 54 284 194.61
272 459 1248 591
1826 65 72 261 228.86
601 278 162 156
1827 8 96 287 363.36
925 589 264 200
1828 34 248 287 562.83
1352 1334 285 424
1829 50 2 85 115.47
327 55 61 43
1830 50 2 102 202.02
330 1060 280 227
1831 22 55 288 67.03
81 484 82 99
1832 36 103 270 142.73
396 93 81 82
1833 32 86 236 214.25
303 1385 248 214
1834 13 0 196 373.07
540 1734 1160 776
1835 92 7 149 142.38
262 257 327 959
1836 66 203 288 292.38
827 152 145 104
1837 28 15 110 59.76
96 113 120 617
1838 35 81 198 71.42
86 528 85 78
1839 10 141 288 377.28
1042 270 186 267
1840 66 10 191 120.24
221 201 168 1078
1841 84 43 149 264.53
736 176 143 126
1842 67 61 277 202.93
414 721 222 223
1843 23 5 189 83.68
140 139 385 410
1844 10 64 166 19.79
28 28 167 31
1845 12 1 287 302.57
469 641 1390 1592
1846 133 0 280 50.30
88 77 99 477
1847 17 2 199 111.02
174 182 562 613
1848 31 35 132 23.93
35 37 191 34
1849 15 0 84 22.87
34 45 37 287
1850 58 126 245 19.22
30 33 136 26
1851 89 97 280 135.09
171 771 448 139
1852 129 52 288 42.72
119 23 27 27
1853 104 25 201 422.13
758 1153 1669 534
1854 39 42 266 28.33
52 45 54 233
1855 1 123 195 14.63
42 6 5 6
1856 20 160 196 58.27
162 38 30 35
1857 45 128 261 687.50
1361 1643 1916 1408
1858 97 9 275 147.84
221 910 163 134
1859 118 34 219 18.42
33 36 36 141
1860 12 147 288 678.53
1570 1232 1261 644
1861 126 73 279 102.46
159 176 474 653
1862 66 77 234 55.92
74 386 59 65
1863 122 28 211 282.19
464 1156 848 335
1864 12 136 287 370.86
559 1492 1208 1046
1865 48 23 230 254.53
397 407 1418 1204
1866 13 0 105 892.86
1902 2024 1783 1686
1867 40 122 267 455.53
849 1262 1543 605
1868 96 63 184 55.97
96 69 281 266
1869 176 111 288 165.98
473 65 76 86
1870 37 28 249 590.48
1099 1539 1770 1556
1871 88 58 201 369.64
1052 142 180 198
1872 59 38 233 403.26
1004 708 308 345
1873 24 79 128 14.04
25 21 22 140
1874 10 179 288 21.53
40 29 33 202
1875 10 0 29 80.67
128 93 628 102
1876 32 14 268 460.35
916 1220 1357 370
1877 32 55 156 270.85
750 164 171 179
1878 1 106 180 312.71
491 1470 825 358
1879 1 41 278 8.38
14 16 17 78
1880 3 15 132 400.60
580 1693 1483 863
1881 36 207 288 65.85
95 104 424 309
1882 154 39 286 20.40
30 35 158 26
1883 35 197 270 85.61
130 506 108 85
1884 143 16 280 172.47
290 259 640 1214
1885 4 107 170 276.99
428 1345 710 327
1886 193 37 260 27.78
49 46 42 273
1887 35 0 249 116.74
143 790 214 162
1888 27 228 287 410.74
964 972 354 339
1889 28 39 287 550.15
1240 1416 618 541
1890 77 42 288 122.52
215 202 180 1232
1891 168 107 288 90.20
252 56 47 44
1892 15 36 100 117.49
193 144 597 666
1893 20 60 194 4.59
6 31 6 6
1894 105 118 251 98.27
140 194 308 1019
1895 18 59 269 269.65
640 652 159 228
1896 117 163 288 3.03
5 5 6 32
1897 156 1 263 11.72
21 21 18 105
1898 220 30 288 25.93
46 40 82 174
1899 47 155 288 331.32
941 135 167 170
1900 2 218 288 709.47
1664 1352 1117 571
1901 32 141 271 135.37
216 279 432 1029
1902 20 7 57 29.62
50 53 58 284
1903 62 104 264 108.52
169 155 681 420
1904 120 82 287 13.83
25 20 22 134
1905 132 24 185 140.80
348 274 101 89
1906 20 215 285 8.21
11 55 10 10
1907 100 61 288 197.29
357 280 771 1006
1908 16 17 287 17.24
26 34 37 193
1909 178 10 207 65.97
74 506 78 94
1910 59 94 187 41.41
42 341 45 59
1911 62 13 287 16.16
27 34 23 161
1912 11 31 161 66.63
79 491 85 83
1913 18 91 287 47.66
62 323 68 53
1914 80 19 284 132.31
370 86 59 68
1915 7 99 277 81.09
224 56 48 47
1916 7 15 288 237.40
668 107 142 134
1917 6 236 287 337.97
484 976 1499 1664
1918 30 124 281 174.02
260 332 845 1071
1919 13 101 180 179.17
264 336 934 1044
1920 33 79 287 83.33
127 148 263 794
1921 130 16 201 298.90
829 207 143 192
1922 100 158 277 70.88
137 105 112 556
1923 72 10 288 97.91
281 36 37 46
1924 4 23 196 23.81
26 182 35 32
1925 67 47 288 98.81
150 189 493 547
1926 11 24 286 31.92
57 50 42 325
1927 19 1 272 282.52
439 641 1503 934
1928 57 50 260 2.38
4 4 5 23
1929 21 29 249 98.15
148 184 527 494
1930 47 54 225 288.99
466 786 1173 1056
1931 12 71 238 304.45
397 1436 1228 619
1932 26 231 288 17.43
32 28 29 151
1933 3 0 39 41.66
116 27 22 22
1934 25 151 267 221.57
527 504 176 176
1935 58 39 228 61.80
173 36 36 25
1936 154 0 286 315.88
869 251 168 172
1937 36 92 153 257.63
509 1007 269 266
1938 34 34 177 136.10
384 73 69 52
1939 25 17 230 80.95
108 542 96 111
1940 62 20 249 643.17
1610 1165 456 392
1941 16 0 119 44.63
82 70 95 349
1942 17 264 288 51.90
143 34 34 34
1943 160 94 288 22.14
40 35 35 206
1944 40 133 288 14.63
25 25 25 147
1945 24 2 57 124.99
206 179 647 598
1946 43 43 275 56.84
84 350 66 58
1947 40 16 287 187.05
215 1307 407 206
1948 77 189 287 135.18
281 485 127 103
1949 56 146 229 415.42
1003 845 363 355
1950 72 21 267 437.79
841 1271 1246 530
1951 19 17 283 92.15
117 649 107 118
1952 19 83 238 491.83
1297 595 303 357
1953 49 28 226 120.71
192 170 835 263
1954 13 0 91 85.35
164 135 138 651
1955 49 16 259 205.85
417 810 155 172
1956 35 31 80 106.17
169 180 676 255
1957 55 189 273 523.40
1069 1400 1304 474
1958 54 187 287 359.05
473 1233 1583 1775
1959 76 52 251 26.44
41 32 212 30
1960 9 262 285 222.58
621 131 122 130
1961 24 67 154 149.01
233 295 731 725
1962 31 150 277 164.68
460 87 95 109
1963 1 32 216 209.07
590 109 92 116
1964 36 173 230 54.46
85 194 230 83
1965 11 39 196 327.65
476 1253 1569 366
1966 35 57 287 301.77
434 1198 1206 745
1967 11 0 74 56.49
110 83 92 428
1968 51 158 287 195.88
239 1279 448 247
1969 39 234 287 102.48
140 668 121 150
1970 12 275 288 96.27
171 188 135 864
1971 135 76 288 35.97
43 259 54 42
1972 167 68 285 73.68
135 103 117 699
1973 234 11 275 97.59
268 67 66 63
1974 94 28 285 42.91
66 65 320 65
1975 65 11 170 21.53
35 37 47 220
1976 77 63 287 86.86
165 129 133 729
1977 32 159 282 32.16
60 44 55 285
1978 142 7 221 117.96
214 169 185 1141
1979 47 46 244 204.53
381 893 221 239
1980 77 59 267 129.75
235 240 269 967
1981 173 15 279 102.60
288 59 49 54
1982 72 15 153 177.81
280 284 933 920
1983 31 56 272 12.26
22 23 20 104
1984 55 15 127 332.54
544 1180 1135 709
1985 72 17 256 179.01
304 327 799 774
1986 22 17 128 262.88
402 696 1238 982
1987 22 9 271 38.68
51 260 50 50
1988 35 11 181 88.76
103 682 95 95
1989 22 0 198 233.80
342 1336 430 282
1990 26 232 288 193.34
418 611 193 147
1991 56 1 156 94.41
160 173 152 950
1992 2 48 256 243.56
401 330 1246 1257
1993 49 63 250 102.97
292 52 47 39
1994 6 62 287 18.49
29 31 29 229
1995 36 3 279 34.51
96 18 22 25
1996 80 197 286 125.49
291 328 96 84
1997 40 31 277 129.02
184 240 412 1364
1998 19 109 287 177.43
413 454 120 158
1999 73 11 223 206.11
328 691 914 268
