288
0 0.04337
1 0.04337
2 0.04337
3 0.04337
4 0.04337
5 0.04337
6 0.03636
7 0.03636
8 0.03636
9 0.03636
10 0.03636
11 0.03636
12 0.03408
13 0.03408
14 0.03408
15 0.03408
16 0.03408
17 0.03408
18 0.03251
19 0.03251
20 0.03251
21 0.03251
22 0.03251
23 0.03251
24 0.03101
25 0.03101
26 0.03101
27 0.03101
28 0.03101
29 0.03101
30 0.03101
31 0.03101
32 0.03101
33 0.03101
34 0.03101
35 0.03101
36 0.03101
37 0.03101
38 0.03101
39 0.03101
40 0.03101
41 0.03101
42 0.03101
43 0.03101
44 0.03101
45 0.03101
46 0.03101
47 0.03101
48 0.03101
49 0.03101
50 0.03101
51 0.03101
52 0.03101
53 0.03101
54 0.03101
55 0.03101
56 0.03101
57 0.03101
58 0.03101
59 0.03101
60 0.03043
61 0.03043
62 0.03043
63 0.03043
64 0.03043
65 0.03043
66 0.03101
67 0.03101
68 0.03101
69 0.03101
70 0.03101
71 0.03101
72 0.02906
73 0.02906
74 0.02906
75 0.02906
76 0.02906
77 0.02906
78 0.03199
79 0.03199
80 0.03199
81 0.03199
82 0.03199
83 0.03199
84 0.03199
85 0.03199
86 0.03199
87 0.03199
88 0.03199
89 0.03199
90 0.03209
91 0.03209
92 0.03209
93 0.03209
94 0.03209
95 0.03209
96 0.03245
97 0.03245
98 0.03245
99 0.03245
100 0.03245
101 0.03245
102 0.03245
103 0.03245
104 0.03245
105 0.03245
106 0.03245
107 0.03245
108 0.04000
109 0.04000
110 0.04000
111 0.04000
112 0.04000
113 0.04000
114 0.03245
115 0.03245
116 0.03245
117 0.03245
118 0.03245
119 0.03245
120 0.04251
121 0.04251
122 0.04251
123 0.04251
124 0.04251
125 0.04251
126 0.04345
127 0.04345
128 0.04345
129 0.04345
130 0.04345
131 0.04345
132 0.03245
133 0.03245
134 0.03245
135 0.03245
136 0.03245
137 0.03245
138 0.03245
139 0.03245
140 0.03245
141 0.03245
142 0.03245
143 0.03245
144 0.03245
145 0.03245
146 0.03245
147 0.03245
148 0.03245
149 0.03245
150 0.03245
151 0.03245
152 0.03245
153 0.03245
154 0.03245
155 0.03245
156 0.03245
157 0.03245
158 0.03245
159 0.03245
160 0.03245
161 0.03245
162 0.03245
163 0.03245
164 0.03245
165 0.03245
166 0.03245
167 0.03245
168 0.03245
169 0.03245
170 0.03245
171 0.03245
172 0.03245
173 0.03245
174 0.03209
175 0.03209
176 0.03209
177 0.03209
178 0.03209
179 0.03209
180 0.03209
181 0.03209
182 0.03209
183 0.03209
184 0.03209
185 0.03209
186 0.03209
187 0.03209
188 0.03209
189 0.03209
190 0.03209
191 0.03209
192 0.03245
193 0.03245
194 0.03245
195 0.03245
196 0.03245
197 0.03245
198 0.03245
199 0.03245
200 0.03245
201 0.03245
202 0.03245
203 0.03245
204 0.04345
205 0.04345
206 0.04345
207 0.04345
208 0.04345
209 0.04345
210 0.05687
211 0.05687
212 0.05687
213 0.05687
214 0.05687
215 0.05687
216 0.06306
217 0.06306
218 0.06306
219 0.06306
220 0.06306
221 0.06306
222 0.16855
223 0.16855
224 0.16855
225 0.16855
226 0.16855
227 0.16855
228 0.17133
229 0.17133
230 0.17133
231 0.17133
232 0.17133
233 0.17133
234 0.16981
235 0.16981
236 0.16981
237 0.16981
238 0.16981
239 0.16981
240 0.16258
241 0.16258
242 0.16258
243 0.16258
244 0.16258
245 0.16258
246 0.05691
247 0.05691
248 0.05691
249 0.05691
250 0.05691
251 0.05691
252 0.05687
253 0.05687
254 0.05687
255 0.05687
256 0.05687
257 0.05687
258 0.05687
259 0.05687
260 0.05687
261 0.05687
262 0.05687
263 0.05687
264 0.04587
265 0.04587
266 0.04587
267 0.04587
268 0.04587
269 0.04587
270 0.04587
271 0.04587
272 0.04587
273 0.04587
274 0.04587
275 0.04587
276 0.05687
277 0.05687
278 0.05687
279 0.05687
280 0.05687
281 0.05687
282 0.05687
283 0.05687
284 0.05687
285 0.05687
286 0.05687
287 0.05687
