5
4
80
0 170 0.1 0.1
2098 2047 2106 2142
1 130 0.0 0.1
2158 2070 2157 2041
2 120 0.1 0.1
2180 2127 2060 2173
3 170 0.1 0.1
2046 2157 2088 2137
4 130 0.0 0.1
2130 2044 2089 2127
5 120 0.1 0.1
2176 2095 2145 2080
6 120 0.1 0.1
2161 2104 2134 2180
7 170 0.1 0.1
2117 2177 2184 2104
8 150 0.1 0.1
2176 2125 2172 2106
9 190 0.1 0.0
2097 2061 2045 2136
10 170 0.1 0.1
2100 2084 2146 2130
11 170 0.1 0.1
2115 2140 2116 2134
12 190 0.1 0.0
2156 2093 2152 2059
13 190 0.1 0.0
2123 2169 2100 2144
14 120 0.1 0.1
2123 2145 2124 2140
15 150 0.1 0.1
2117 2114 2124 2124
16 120 0.1 0.1
2153 2101 2122 2139
17 190 0.1 0.0
2070 2065 2112 2105
18 150 0.1 0.1
2092 2079 2127 2139
19 130 0.0 0.1
2102 2111 2122 2097
20 130 0.0 0.1
2118 2131 2181 2141
21 170 0.1 0.1
2143 2189 2109 2022
22 120 0.1 0.1
2114 2116 2073 2102
23 120 0.1 0.1
2069 2146 2086 2132
24 130 0.0 0.1
2150 2155 2082 2017
25 190 0.1 0.0
2089 2085 2180 2042
26 150 0.1 0.1
2107 2077 2049 2152
27 120 0.1 0.1
2163 2079 2151 2158
28 130 0.0 0.1
2065 2055 2117 2134
29 150 0.1 0.1
2023 2120 2093 2135
30 190 0.1 0.0
2164 2147 2151 2012
31 130 0.0 0.1
2085 2161 2106 2077
32 120 0.1 0.1
2174 2221 2135 2137
33 130 0.0 0.1
2206 2161 2128 2156
34 120 0.1 0.1
2154 2173 2086 2034
35 130 0.0 0.1
2090 2118 2051 2081
36 150 0.1 0.1
2148 2153 2218 2125
37 170 0.1 0.1
2174 2158 2064 2036
38 190 0.1 0.0
2152 2086 2115 2204
39 170 0.1 0.1
2094 2087 2176 2205
40 150 0.1 0.1
2091 2183 2055 2087
41 150 0.1 0.1
2145 2143 2173 2110
42 120 0.1 0.1
2104 2134 2075 2112
43 150 0.1 0.1
2165 2153 2135 2101
44 120 0.1 0.1
2128 2160 2122 2217
45 130 0.0 0.1
2063 2189 2167 2173
46 150 0.1 0.1
2260 2143 2140 2127
47 190 0.1 0.0
2141 2177 2070 2062
48 130 0.0 0.1
2108 2148 2073 2161
49 120 0.1 0.1
2193 2148 2073 2152
50 150 0.1 0.1
2065 2100 2188 2156
51 130 0.0 0.1
2112 2143 2103 2128
52 190 0.1 0.0
2107 2105 2044 2073
53 150 0.1 0.1
2077 2184 2175 2065
54 190 0.1 0.0
1998 2143 2073 2228
55 190 0.1 0.0
2092 2120 2138 2148
56 120 0.1 0.1
2154 2126 2186 2110
57 190 0.1 0.0
2117 2132 2048 2095
58 150 0.1 0.1
2063 2086 2068 2159
59 130 0.0 0.1
2218 2091 2235 2168
60 170 0.1 0.1
2180 2157 2141 2177
61 120 0.1 0.1
2156 2118 2101 2068
62 120 0.1 0.1
2053 2100 2169 2083
63 130 0.0 0.1
2127 2146 2159 2088
64 150 0.1 0.1
2145 2278 2107 2126
65 190 0.1 0.0
2165 2152 2057 2116
66 130 0.0 0.1
2202 2148 2204 2075
67 170 0.1 0.1
2176 1983 2134 2093
68 150 0.1 0.1
2148 2136 2166 2019
69 170 0.1 0.1
2167 2100 2070 2148
70 170 0.1 0.1
2104 2113 2143 2092
71 170 0.1 0.1
2105 2038 2194 2081
72 130 0.0 0.1
2159 2079 2221 2090
73 130 0.0 0.1
2225 2138 2110 2055
74 150 0.1 0.1
2095 2138 2103 2150
75 120 0.1 0.1
2063 2195 2138 2123
76 190 0.1 0.0
2182 2193 2156 2121
77 130 0.0 0.1
2126 2210 2079 2208
78 190 0.1 0.0
2051 2118 2170 2100
79 190 0.1 0.0
2145 2063 2114 2090
2000
0 40 14 220 23.69
30 166 33 23
1 30 1 188 82.41
230 46 45 55
2 4 16 224 350.46
943 359 226 166
3 15 37 82 267.07
357 1367 942 369
4 131 117 288 211.33
606 98 69 67
5 16 56 288 119.84
159 411 736 163
6 4 42 260 22.37
38 36 54 203
7 12 70 287 245.07
372 721 1126 794
8 16 9 280 4.02
11 3 3 2
9 36 3 199 73.47
106 114 607 83
10 96 3 257 151.41
279 188 357 1252
11 31 196 277 186.14
335 237 615 1281
12 4 215 288 470.82
1106 894 692 463
13 1 18 206 66.48
116 98 109 690
14 4 33 255 106.78
124 667 296 210
15 40 12 116 219.33
457 790 165 225
16 10 11 52 626.82
1287 1262 1725 1390
17 41 148 287 39.08
53 251 62 42
18 12 34 239 121.77
174 668 313 110
19 22 4 204 105.18
296 64 46 43
20 36 10 225 20.42
39 33 30 163
21 22 58 188 518.04
1240 1142 406 422
22 153 0 283 82.60
155 172 151 523
23 21 9 241 6.12
11 9 13 53
24 40 83 278 277.30
337 1379 1259 414
25 21 3 245 59.57
112 108 85 470
26 127 58 240 158.54
264 228 1002 355
27 46 140 217 39.55
48 287 55 38
28 48 169 287 328.28
693 1051 415 269
29 129 92 285 149.81
419 82 77 102
30 13 0 252 55.80
75 368 74 70
31 35 134 288 196.61
563 88 71 69
32 67 167 280 88.72
253 36 35 51
33 15 79 183 38.39
57 79 131 335
34 58 14 264 51.97
145 30 25 39
35 28 20 197 3.29
5 6 6 40
36 52 24 269 415.49
1104 541 190 202
37 45 37 158 0.89
1 7 1 1
38 34 125 266 28.11
52 53 50 208
39 127 9 242 50.98
73 82 412 75
40 23 264 288 458.24
898 1478 1014 444
41 30 206 287 610.38
1417 1493 545 538
42 36 23 236 11.29
18 24 19 118
43 21 0 79 100.38
128 167 926 122
44 14 50 284 74.77
129 97 462 157
45 26 1 233 50.79
136 44 43 37
46 17 2 269 49.43
73 152 287 49
47 7 0 188 266.83
478 1251 307 283
48 42 2 148 190.30
519 144 133 125
49 122 6 217 6.52
6 55 9 10
50 59 7 103 356.11
952 430 177 165
51 24 48 218 268.43
473 1154 526 274
52 69 96 242 10.40
20 14 53 14
53 12 44 104 332.14
525 1295 1233 417
54 18 48 254 108.52
307 50 58 49
55 7 124 287 226.13
405 308 915 1188
56 7 191 212 81.59
140 422 80 82
57 30 116 286 326.42
901 230 198 175
58 8 22 72 510.16
1211 1236 369 285
59 152 31 288 68.30
110 91 261 568
60 1 0 128 18.68
52 11 11 11
61 6 0 268 21.20
25 152 34 27
62 3 129 180 103.82
123 588 413 101
63 61 12 190 406.67
1168 134 185 162
64 144 12 258 428.19
1174 391 165 262
65 47 0 288 383.59
615 1350 1267 1111
66 41 35 249 192.44
544 79 127 73
67 6 84 242 213.59
340 646 1010 361
68 34 4 288 68.98
118 90 259 492
69 16 195 282 294.43
614 1009 300 292
70 191 16 229 13.01
25 19 17 112
71 172 16 261 90.50
162 158 195 715
72 72 0 230 34.87
54 33 296 35
73 5 123 273 61.38
86 407 62 60
74 260 0 282 47.00
76 80 69 556
75 80 162 287 79.54
104 150 605 265
76 7 112 268 253.56
405 1015 890 283
77 10 184 282 140.52
171 993 200 200
78 39 8 258 181.76
221 1002 646 334
79 2 24 277 18.94
24 125 35 24
80 104 22 208 223.64
279 411 1469 1429
81 157 40 212 1.84
3 10 2 2
82 19 8 236 368.51
1015 266 199 258
83 145 52 287 186.58
528 109 63 86
84 36 5 205 8.07
16 10 11 67
85 8 228 277 304.73
863 138 150 157
86 25 30 126 5.18
9 10 7 50
87 39 77 287 52.58
95 85 77 496
88 10 77 185 123.16
282 347 84 78
89 17 49 208 103.70
294 49 39 67
90 136 114 288 27.74
48 46 65 239
91 170 26 221 457.65
1269 356 225 169
92 157 1 165 56.09
108 96 100 384
93 39 0 43 112.97
318 59 66 41
94 34 53 138 261.21
564 832 229 253
95 52 70 275 397.49
1142 142 176 130
96 94 52 253 57.99
90 126 127 573
97 50 29 287 88.65
143 139 550 249
98 3 57 148 60.30
168 31 42 34
99 42 26 149 9.62
15 18 14 117
100 49 161 275 102.93
286 62 67 51
101 116 24 279 135.46
144 398 1170 208
102 118 1 159 222.84
290 806 1030 934
103 111 126 247 276.71
384 1043 1325 607
104 80 77 218 77.78
93 546 126 114
105 25 17 260 1.36
2 2 11 2
106 24 86 287 163.01
270 290 448 1383
107 64 11 277 7.01
13 16 10 48
108 28 140 288 33.41
53 66 64 352
109 68 119 288 216.96
340 910 722 288
110 51 62 153 299.37
514 548 1383 1119
111 35 52 235 155.39
237 238 840 893
112 47 18 161 162.23
289 218 853 490
113 83 31 206 96.88
274 42 56 44
114 10 231 288 64.70
83 126 336 538
115 55 62 198 35.12
49 217 49 58
116 63 19 271 176.49
444 274 144 176
117 51 134 284 31.81
43 63 248 65
118 22 16 122 223.02
371 430 983 1030
119 10 3 36 415.98
1012 847 350 273
120 27 43 288 514.37
1359 733 220 199
121 25 198 265 97.00
140 201 213 1134
122 112 2 249 104.83
169 139 693 287
123 12 252 288 104.29
193 198 167 803
124 21 5 288 125.23
353 63 71 50
125 2 19 240 23.69
32 22 232 29
126 32 10 158 72.60
105 78 642 98
127 63 4 240 248.01
492 942 288 252
128 45 85 287 137.41
170 1024 130 129
129 68 26 229 150.12
422 87 62 88
130 13 263 287 108.95
305 62 53 69
131 9 11 136 92.95
135 163 597 378
132 46 13 243 8.45
14 14 52 17
133 39 0 287 511.03
1306 846 268 364
134 26 44 148 366.06
643 1428 895 484
135 147 25 277 242.27
374 1019 870 265
136 20 222 288 38.96
61 83 60 433
137 125 17 249 218.93
386 269 1034 1027
138 13 30 286 12.28
22 27 15 103
139 17 269 288 134.71
373 82 91 76
140 55 3 252 37.69
43 281 54 49
141 8 88 280 7.83
11 13 65 10
142 7 12 284 631.34
1226 1678 1789 1060
143 83 175 288 535.38
1438 574 321 261
144 51 165 287 144.03
247 243 478 979
145 40 77 182 80.18
141 128 268 514
146 113 89 268 154.47
224 637 657 205
147 47 73 279 165.48
161 1313 342 157
148 14 56 277 21.08
25 156 27 24
149 144 33 274 73.38
123 136 135 719
150 42 13 192 153.06
235 181 1205 263
151 131 43 211 19.22
29 29 36 252
152 62 7 93 1.76
3 2 12 3
153 120 25 233 212.13
371 384 878 915
154 46 6 197 65.31
79 435 115 135
155 75 203 287 61.87
114 83 116 553
156 11 1 139 665.05
1402 1676 1328 957
157 12 86 181 37.50
48 263 45 43
158 17 268 287 204.63
366 332 507 1564
159 8 222 285 53.31
94 83 57 587
160 47 51 224 374.48
1068 157 150 195
161 19 25 274 218.04
604 131 139 141
162 22 1 288 589.56
1225 1266 1651 810
163 164 49 282 281.39
772 181 204 202
164 65 15 174 67.17
112 163 117 564
165 88 9 211 25.64
36 156 40 38
166 7 169 266 443.13
1083 877 344 355
167 48 215 287 23.62
35 58 53 234
168 60 148 280 152.35
286 166 496 982
169 30 37 287 140.19
394 66 78 89
170 22 40 288 9.97
17 20 15 96
171 23 97 163 262.15
709 212 206 169
172 16 100 264 349.69
952 268 224 284
173 16 38 288 53.17
89 81 84 603
174 9 254 288 424.85
866 1353 701 474
175 20 24 239 57.69
79 306 167 94
176 45 195 281 152.92
266 290 485 936
177 129 31 240 39.88
111 23 25 22
178 62 2 93 216.20
226 1171 1122 269
179 26 1 251 605.06
1412 1496 527 409
180 110 165 285 19.90
27 115 46 31
181 10 19 211 41.31
65 55 67 547
182 41 62 259 36.65
55 46 300 50
183 53 6 268 456.42
746 1843 1148 1132
184 14 7 169 368.89
950 505 301 263
185 21 160 216 45.29
77 78 85 443
186 17 138 252 44.56
62 289 46 67
187 8 106 220 2.71
4 16 4 3
188 43 99 274 277.79
735 288 249 156
189 126 102 264 259.75
721 157 155 166
190 95 69 244 34.94
57 61 46 412
191 43 49 288 14.35
26 18 21 150
192 39 2 275 66.88
127 116 97 523
193 70 12 276 2.28
4 3 3 26
194 125 53 236 143.67
413 56 48 61
195 56 19 205 189.64
544 60 95 75
196 106 134 287 83.33
140 167 127 827
197 59 44 247 32.47
43 211 49 47
198 84 26 284 406.34
528 1820 1744 932
199 89 111 287 249.99
712 121 82 131
200 35 159 287 64.44
118 126 121 467
201 26 2 287 167.67
213 1035 415 210
202 2 168 243 396.74
1105 235 248 193
203 20 39 263 72.34
104 141 151 894
204 11 145 163 34.07
95 23 16 17
205 8 1 28 869.77
1985 1438 1389 2089
206 19 3 143 422.05
1202 205 176 145
207 16 100 232 27.20
40 164 40 24
208 25 191 288 1.67
3 3 3 14
209 3 3 150 24.42
35 38 197 40
210 136 54 232 253.73
717 132 107 137
211 49 54 245 470.21
1049 1403 368 356
212 14 8 226 130.05
230 198 242 1230
213 51 97 230 3.25
6 6 6 24
214 33 126 258 24.18
32 51 190 47
215 69 184 279 9.55
15 14 68 18
216 122 116 288 35.15
43 60 339 34
217 83 49 143 117.91
117 986 117 182
218 29 159 277 573.65
1295 1487 736 321
219 79 6 234 40.58
68 60 252 89
220 129 144 287 19.81
38 31 23 171
221 3 95 267 23.95
34 156 25 24
222 18 127 255 237.31
667 112 149 115
223 61 146 284 309.84
861 170 228 150
224 18 136 262 65.31
181 36 45 44
225 94 7 249 24.49
70 9 11 12
226 25 224 287 210.32
342 349 1162 781
227 48 43 220 98.78
174 192 240 707
228 11 2 99 122.31
157 627 476 168
229 24 217 276 26.09
49 34 39 243
230 133 100 287 45.24
131 14 16 15
231 42 4 256 144.61
228 422 762 165
232 151 123 287 163.48
387 410 108 85
233 22 220 287 143.01
365 218 103 109
234 47 9 287 3.18
6 6 5 23
235 10 167 256 41.01
56 78 256 213
236 19 29 244 8.07
16 14 10 57
237 34 46 264 34.82
58 45 59 415
238 42 1 240 153.62
426 98 94 84
239 99 92 257 5.34
13 7 8 8
240 2 228 288 83.23
117 177 161 1047
241 143 0 282 151.22
248 274 703 728
242 5 16 287 38.39
65 59 241 63
243 19 60 287 281.93
375 937 1140 1643
244 2 126 270 39.10
63 75 248 59
245 105 9 246 95.04
165 114 598 192
246 18 4 59 91.40
263 32 37 33
247 36 70 287 73.85
125 121 159 708
248 86 18 280 150.49
363 318 127 107
249 111 109 288 88.32
139 192 169 894
250 66 62 244 142.40
231 277 441 1106
251 27 29 103 3.72
7 5 6 33
252 143 19 190 97.91
162 199 598 101
253 52 121 205 64.46
105 104 142 674
254 114 17 287 279.89
477 516 1136 1399
255 113 1 241 15.29
28 28 23 128
256 160 9 276 167.55
298 213 833 645
257 20 1 263 241.23
347 589 1269 1091
258 57 27 222 115.42
178 169 310 1287
259 59 33 187 49.36
77 79 113 557
260 1 283 288 655.85
1641 1297 369 275
261 50 76 258 313.95
621 896 805 353
262 141 12 242 2.47
4 3 4 32
263 2 58 212 144.78
198 164 1351 188
264 12 36 221 45.17
66 66 322 154
265 12 24 244 55.85
156 28 37 32
266 47 119 277 179.38
498 112 120 77
267 89 61 267 31.50
54 48 176 87
268 56 132 273 8.87
13 53 12 12
269 47 46 233 160.75
205 518 1080 249
270 14 75 285 165.74
242 881 416 182
271 44 194 281 30.44
73 71 19 21
272 57 164 287 673.00
1531 1184 1251 1119
273 89 32 155 318.78
640 1130 414 372
274 62 25 216 337.78
862 569 187 209
275 96 148 287 140.71
171 647 726 194
276 30 243 278 166.23
469 82 79 96
277 15 76 221 130.36
207 672 228 171
278 35 19 79 260.78
435 705 908 1064
279 92 35 284 59.43
95 123 144 539
280 10 5 168 5.39
10 7 10 48
281 103 5 242 335.45
488 1579 1204 282
282 110 32 175 50.84
79 123 108 470
283 53 145 252 182.91
506 126 87 139
284 81 75 273 45.57
83 102 61 347
285 41 70 200 47.40
74 64 190 407
286 52 91 162 681.40
1429 1770 1390 868
287 34 14 220 59.07
86 140 201 485
288 84 1 232 251.33
717 97 137 80
289 1 89 278 39.81
62 224 57 38
290 10 7 218 77.28
143 96 90 815
291 3 20 245 24.51
30 41 227 45
292 89 57 286 133.42
222 178 562 905
293 28 27 165 223.68
343 551 1248 557
294 44 81 180 111.84
164 686 148 104
295 96 11 251 11.10
18 18 75 16
296 36 28 239 612.31
1277 1524 1147 1283
297 18 38 237 115.63
179 170 640 619
298 2 6 151 1.08
2 2 2 8
299 26 101 248 295.91
417 951 1199 1489
300 10 139 277 155.39
185 682 862 245
301 11 98 182 186.98
234 365 1412 753
302 20 180 288 178.21
463 247 111 130
303 6 33 147 257.65
728 139 115 113
304 11 4 110 177.27
244 476 1113 465
305 6 45 176 82.88
113 569 77 80
306 22 34 190 264.24
446 351 1233 1469
307 24 11 175 131.89
208 759 140 137
308 61 52 286 119.13
153 199 1082 161
309 19 115 288 512.49
1437 358 180 232
310 21 0 45 8.96
10 69 11 12
311 73 0 288 159.32
178 1019 478 267
312 101 55 269 61.24
81 142 241 561
313 25 3 103 66.04
115 128 130 553
314 103 122 264 22.44
30 25 212 35
315 25 67 193 32.30
59 53 146 96
316 17 1 87 23.62
32 37 210 25
317 51 193 282 217.61
616 103 102 113
318 44 0 183 319.97
872 268 183 223
319 42 95 186 11.41
19 17 21 126
320 26 1 185 80.34
108 409 254 168
321 3 223 270 27.48
48 50 48 250
322 116 2 283 12.70
35 8 10 6
323 34 247 287 344.47
454 1287 1353 1719
324 33 26 255 85.45
136 149 319 643
325 24 52 184 65.05
77 73 694 80
326 84 50 142 30.82
53 55 153 97
327 60 4 196 74.98
127 113 128 814
328 42 20 119 291.77
412 1357 1131 301
329 12 76 155 31.08
42 50 267 49
330 41 79 287 19.88
55 13 13 10
331 113 43 271 179.81
312 230 681 1223
332 69 144 287 84.90
114 523 147 150
333 102 66 288 65.26
94 113 406 307
334 23 135 273 1.46
4 1 1 1
335 46 88 162 108.52
304 57 65 56
336 177 1 245 33.08
54 73 123 185
337 36 42 162 144.80
409 65 78 78
338 2 5 184 124.97
326 183 68 63
339 2 104 246 148.75
416 77 90 88
340 50 8 197 361.83
1025 192 146 162
341 147 0 181 0.75
1 5 1 1
342 105 14 287 29.50
50 66 53 250
343 12 55 272 336.58
666 1189 506 404
344 40 5 225 77.07
115 122 603 94
345 92 25 235 93.87
130 230 685 110
346 58 95 182 169.55
477 99 81 70
347 57 0 227 420.29
1197 198 171 171
348 45 80 288 205.90
268 1059 758 307
349 36 129 182 9.53
11 68 17 13
350 18 125 202 65.68
113 111 92 693
351 25 6 260 403.40
1065 541 206 202
352 29 15 174 418.50
710 1235 1266 1612
353 18 120 285 474.37
1017 1286 896 276
354 86 60 281 16.52
29 33 23 151
355 21 4 232 171.29
474 105 114 102
356 39 147 288 104.41
157 588 188 100
357 1 222 288 238.27
391 321 1096 1499
358 15 67 251 55.40
153 28 42 45
359 76 121 288 55.24
103 95 91 439
360 17 3 282 275.70
415 925 980 1174
361 53 211 287 134.47
226 200 587 778
362 2 1 39 44.51
79 57 72 471
363 13 259 288 658.21
1309 1299 2041 1673
364 84 26 176 86.81
159 163 105 765
365 39 0 59 342.32
904 410 222 221
366 31 79 273 66.51
86 120 583 97
367 19 1 249 83.80
125 502 104 98
368 3 35 171 404.17
1079 404 329 204
369 89 36 260 20.00
33 31 134 27
370 53 0 167 145.81
283 244 302 900
371 7 33 254 236.69
386 399 1381 698
372 30 111 279 32.87
60 59 66 248
373 36 99 184 50.02
138 28 35 40
374 163 1 249 27.01
76 13 15 15
375 7 8 280 37.83
49 264 48 34
376 43 38 288 345.69
948 293 171 201
377 136 23 283 19.90
33 40 38 188
378 2 263 288 61.94
173 33 37 38
379 43 130 258 49.36
91 82 84 410
380 7 251 281 515.00
1156 1008 993 697
381 45 59 211 215.83
602 134 95 154
382 32 200 287 300.54
803 357 153 156
383 38 73 212 2.85
5 5 6 24
384 6 207 288 648.11
1282 1764 1473 1363
385 45 157 288 393.54
1118 204 159 146
386 24 102 288 111.09
306 89 55 61
387 138 50 209 60.81
80 408 85 71
388 130 23 191 44.51
56 63 435 49
389 45 152 255 175.64
472 199 94 73
390 133 6 269 55.59
88 127 112 526
391 95 23 192 244.15
271 1061 1471 459
392 68 129 275 24.66
43 41 140 43
393 8 6 187 26.84
36 45 226 50
394 5 15 139 17.17
24 22 151 26
395 42 138 224 235.85
663 122 141 95
396 88 122 232 97.80
275 48 54 55
397 158 84 287 62.88
113 77 99 662
398 95 25 288 112.67
148 509 540 110
399 4 64 287 21.29
33 27 164 34
400 60 30 198 252.03
412 775 1042 536
401 133 12 185 128.90
177 306 956 171
402 91 2 218 25.76
32 41 243 38
403 57 7 172 57.80
92 89 338 226
404 135 29 231 167.83
247 237 1164 637
405 16 7 85 72.01
118 136 169 663
406 41 13 255 139.84
258 184 776 228
407 129 48 288 117.35
148 828 152 128
408 40 57 258 383.80
767 1023 969 569
409 6 79 151 167.06
366 536 128 113
410 67 54 287 24.40
43 53 42 192
411 44 118 278 6.26
18 2 3 2
412 7 262 287 110.03
192 194 201 1005
413 39 29 278 432.38
1230 188 201 193
414 56 49 156 27.03
44 47 53 286
415 27 9 169 51.07
78 58 387 131
416 65 10 166 40.70
53 286 44 42
417 3 0 273 553.66
1080 1431 1726 669
418 58 58 288 223.57
615 133 173 148
419 32 141 288 20.19
40 30 30 148
420 36 84 287 2.54
4 4 18 4
421 22 1 155 458.78
1031 1105 613 526
422 11 10 150 104.57
153 460 405 113
423 62 37 194 23.86
68 11 8 13
424 93 152 288 245.07
379 1372 346 303
425 74 75 280 135.39
187 226 876 707
426 103 81 249 42.84
45 340 53 65
427 20 5 283 70.60
143 93 98 524
428 166 20 260 40.93
65 70 70 480
429 8 164 288 56.72
109 89 97 424
430 59 27 224 453.86
1085 954 371 498
431 2 131 273 10.89
17 61 15 12
432 36 133 197 93.63
146 148 151 1190
433 20 3 182 231.24
391 1093 389 298
434 58 117 288 384.27
1093 198 136 166
435 19 1 43 10.61
11 84 16 13
436 52 5 277 28.44
50 29 159 104
437 103 23 210 125.89
197 198 371 1257
438 77 62 203 114.48
154 417 633 193
439 26 62 101 54.32
72 107 283 414
440 69 179 287 551.05
1465 652 334 289
441 4 76 288 145.60
410 71 71 94
442 34 18 287 157.60
442 72 112 71
443 48 39 274 156.68
440 80 74 112
444 32 192 288 56.79
162 26 21 26
445 22 195 288 570.60
1052 1841 1143 1717
446 109 118 288 89.77
253 55 37 35
447 38 110 261 135.30
203 465 685 144
448 49 75 165 135.46
384 67 53 75
449 130 150 287 7.27
12 17 13 64
450 26 123 268 34.61
98 15 17 20
451 21 103 223 123.56
340 68 92 104
452 44 89 268 288.03
605 983 295 234
453 25 21 247 60.44
84 201 348 94
454 17 108 148 60.06
99 93 92 704
455 50 185 271 11.08
19 20 21 103
456 63 1 144 207.76
591 94 82 111
457 38 11 279 109.23
174 544 232 111
458 111 72 258 23.24
38 42 152 26
459 57 22 154 24.14
39 41 160 37
460 48 124 260 384.29
745 1318 824 303
461 119 23 205 54.63
156 24 20 26
462 164 24 280 102.17
286 63 49 52
463 154 87 275 77.78
220 42 35 30
464 35 240 285 498.07
1346 522 263 235
465 62 5 191 165.43
179 1015 641 199
466 58 50 200 37.03
62 130 129 58
467 11 16 262 21.31
32 36 161 28
468 53 5 231 33.85
51 63 248 40
469 103 29 239 394.32
1087 303 230 174
470 16 43 195 21.24
40 38 33 163
471 72 189 288 397.28
690 1261 1461 522
472 7 0 259 76.62
124 100 176 869
473 43 28 113 37.43
105 20 20 21
474 141 1 216 178.84
229 772 921 238
475 59 6 250 395.12
1047 458 249 265
476 76 41 205 118.15
326 86 69 62
477 55 16 228 159.25
180 412 1314 385
478 5 0 77 70.65
133 93 127 608
479 18 1 121 141.48
396 69 95 73
480 27 18 123 51.29
83 67 304 209
481 49 27 150 102.06
162 262 569 146
482 36 2 193 500.21
1321 695 230 223
483 68 174 288 273.49
765 155 148 154
484 3 0 137 77.45
138 147 127 665
485 44 47 240 90.62
96 535 377 149
486 49 3 56 4.00
7 7 5 41
487 41 27 218 145.22
241 264 485 1037
488 144 9 178 23.53
62 22 23 20
489 81 20 280 45.66
80 80 92 397
490 20 70 288 160.14
440 115 115 72
491 96 90 283 12.09
22 18 17 118
492 70 185 273 596.00
1352 1280 1082 402
493 125 33 237 141.44
212 158 1156 258
494 62 3 146 214.41
322 1285 251 249
495 116 0 202 81.52
126 79 688 88
496 145 132 287 248.97
706 101 139 118
497 28 32 288 33.08
46 66 71 422
498 102 2 230 37.38
49 82 70 517
499 54 38 220 213.26
354 370 805 1389
500 5 1 84 443.09
1103 845 303 251
501 22 84 288 35.08
55 193 44 54
502 96 81 275 61.57
172 33 35 40
503 61 20 216 147.98
199 419 1011 225
504 11 136 259 14.82
22 15 131 15
505 45 8 228 153.81
226 734 499 174
506 31 64 184 136.92
196 879 140 159
507 41 13 80 577.87
1451 1137 268 302
508 82 13 240 2.26
4 4 3 22
509 32 11 125 40.42
71 76 68 360
510 2 178 227 158.82
179 1223 172 232
511 41 11 78 34.49
68 42 67 254
512 36 13 288 63.99
175 43 49 43
513 20 153 285 59.61
112 106 77 494
514 11 114 286 126.05
219 177 750 261
515 52 81 254 52.04
147 23 30 25
516 27 104 273 328.30
935 122 164 171
517 112 79 271 3.79
6 6 26 7
518 23 61 178 208.27
373 876 410 183
519 35 80 288 42.02
50 74 406 52
520 133 17 283 225.12
295 1258 677 311
521 61 15 264 20.77
58 13 9 14
522 50 18 274 48.56
61 311 92 93
523 60 2 149 47.05
56 337 70 65
524 28 3 162 50.42
72 79 413 72
525 114 20 269 44.25
52 339 37 62
526 32 153 275 64.77
183 31 35 28
527 12 22 226 127.96
199 236 681 583
528 22 184 278 91.16
250 58 70 61
529 82 153 287 262.48
433 725 974 972
530 7 12 201 112.95
169 679 117 164
531 7 155 288 77.28
214 51 50 36
532 16 187 288 324.70
432 1550 1273 558
533 36 30 242 258.24
388 1003 1075 386
534 10 60 135 391.35
1110 177 210 144
535 11 27 123 78.08
123 117 556 134
536 15 134 176 237.38
282 998 1287 574
537 3 0 77 100.97
250 199 66 63
538 65 95 287 98.01
171 169 292 681
539 31 118 288 103.11
292 51 52 38
540 62 13 248 436.87
865 1280 1008 604
541 69 43 167 84.29
128 165 163 970
542 96 74 256 69.82
199 28 37 24
543 25 147 288 337.20
546 838 1192 1791
544 17 139 281 460.26
1106 928 424 448
545 11 98 188 264.48
464 921 874 235
546 10 95 191 300.24
495 1367 736 259
547 18 10 193 124.40
344 87 67 77
548 172 81 279 270.85
406 572 1664 785
549 16 1 245 81.68
130 122 173 940
550 9 59 268 12.49
35 7 6 8
551 161 49 238 32.70
42 57 280 71
552 24 1 193 278.66
358 1074 1494 623
553 45 29 277 202.35
352 231 945 1090
554 62 94 276 435.37
1241 167 222 187
555 80 1 139 51.43
66 68 490 78
556 98 172 281 117.44
198 162 313 1108
557 28 78 197 33.48
59 58 68 287
558 35 3 240 5.93
9 7 48 9
559 25 109 277 238.18
351 896 1096 330
560 24 6 186 102.34
101 666 397 144
561 27 69 287 620.87
1268 1174 1957 1203
562 24 3 142 13.41
23 23 21 137
563 70 125 237 66.15
80 86 577 280
564 18 1 166 223.47
634 90 125 103
565 2 18 178 30.32
57 54 47 235
566 5 19 209 142.66
221 324 485 1028
567 17 21 196 65.57
182 45 36 32
568 23 169 271 105.21
153 634 126 176
569 32 6 85 1.60
3 3 2 13
570 6 0 107 11.01
20 18 20 94
571 32 193 288 80.91
149 182 125 557
572 51 28 180 2.28
4 3 14 4
573 10 154 219 154.71
418 138 108 94
574 48 29 141 169.15
227 393 1305 223
575 42 130 288 102.78
133 296 734 151
576 36 33 238 48.28
62 93 355 195
577 21 7 46 201.55
342 284 1004 919
578 77 3 288 189.17
303 291 1158 610
579 3 62 204 64.46
118 110 95 568
580 43 14 285 268.24
729 183 214 219
581 38 6 235 109.42
163 255 327 950
582 48 16 236 253.89
724 83 142 123
583 106 10 266 214.93
606 112 97 122
584 13 18 258 155.48
184 928 484 281
585 25 170 245 227.02
350 510 1152 916
586 36 103 287 126.66
217 266 263 1022
587 69 17 287 174.80
183 663 1342 195
588 6 83 210 350.82
1000 128 155 218
589 237 49 288 67.40
124 97 94 650
590 41 23 287 244.48
329 906 1324 420
591 74 54 218 94.83
132 192 517 573
592 5 215 287 40.04
109 31 28 27
593 13 15 252 733.07
1546 1679 1873 733
594 4 161 260 394.90
644 1299 1431 1011
595 92 2 269 326.16
525 1138 1197 706
596 168 61 278 459.58
1282 280 246 255
597 34 121 284 35.69
65 52 123 205
598 90 21 282 138.64
209 627 457 172
599 39 161 258 65.12
85 194 448 100
600 48 162 288 52.09
66 335 104 77
601 14 130 231 28.07
41 166 36 49
602 140 1 233 49.19
80 74 67 615
603 52 18 254 4.45
12 4 3 3
604 21 2 42 246.79
420 359 1338 857
605 16 12 31 138.21
239 213 796 298
606 10 4 211 186.47
212 1225 536 211
607 101 62 252 132.31
194 583 502 155
608 15 132 233 173.71
485 85 119 101
609 2 151 165 267.42
665 525 180 122
610 59 51 254 223.28
565 419 113 98
611 12 192 217 66.27
120 121 101 572
612 9 32 196 124.95
157 482 738 191
613 24 93 287 306.26
505 985 1221 551
614 71 46 272 69.87
158 194 66 44
615 2 27 234 164.47
454 111 113 76
616 81 82 285 242.83
329 1422 620 210
617 15 90 203 22.14
59 19 18 22
618 12 139 288 658.21
1570 1547 518 321
619 76 66 267 215.03
366 914 523 228
620 1 0 69 11.90
23 24 23 66
621 10 54 288 314.33
863 218 242 141
622 43 25 285 163.20
251 352 1071 225
623 1 66 283 512.65
1241 1149 289 392
624 35 123 242 181.50
254 812 749 225
625 6 100 182 178.26
309 331 751 756
626 57 53 288 31.01
54 61 57 265
627 29 30 274 341.92
487 1353 1507 643
628 30 72 288 27.95
78 16 17 14
629 180 11 270 76.67
108 457 133 110
630 9 4 210 42.75
74 68 83 411
631 44 8 121 23.78
37 35 178 32
632 80 35 276 170.70
247 256 911 1208
633 20 48 283 126.47
187 202 595 962
634 15 20 287 140.45
225 194 823 592
635 24 149 258 237.02
345 497 1324 1106
636 40 85 282 44.63
57 71 376 134
637 76 147 287 191.41
539 102 95 94
638 6 95 242 17.50
21 125 26 23
639 28 59 150 3.39
9 3 3 3
640 158 68 250 18.89
24 130 24 29
641 14 84 122 52.16
144 36 27 39
642 29 193 288 349.71
550 1155 1418 864
643 128 49 221 109.42
158 175 348 1218
644 144 29 273 31.34
46 72 72 328
645 16 5 286 200.60
332 263 971 1148
646 4 52 204 231.09
403 955 538 240
647 92 26 214 411.30
1074 567 216 314
648 39 54 200 23.97
47 36 45 163
649 11 0 150 195.03
559 64 102 68
650 22 8 211 95.89
272 43 38 63
651 25 45 188 428.71
1144 486 223 303
652 8 177 287 124.17
341 84 90 72
653 1 87 206 3.69
5 7 7 52
654 23 3 250 444.36
1117 698 403 350
655 85 113 287 103.42
198 135 144 931
656 1 6 219 47.83
136 23 22 16
657 9 147 221 280.90
479 953 975 425
658 22 29 265 198.91
482 405 185 122
659 12 71 206 52.70
78 334 49 48
660 16 211 288 369.85
844 1083 215 226
661 7 92 261 94.15
144 183 202 1033
662 57 88 254 49.69
94 87 85 365
663 78 124 287 3.67
7 6 5 30
664 45 28 246 546.11
1444 671 358 268
665 68 133 288 48.04
68 52 425 84
666 25 1 93 94.36
256 81 56 72
667 3 5 128 342.82
979 153 144 119
668 40 128 288 41.26
72 80 62 382
669 29 8 285 177.46
477 141 147 148
670 72 29 232 517.62
1365 678 237 384
671 21 16 264 24.26
34 37 204 36
672 16 0 157 98.64
109 709 215 110
673 57 38 235 50.18
70 57 451 80
674 181 68 287 153.34
221 329 558 1321
675 9 169 287 632.94
1462 1143 1257 493
676 105 71 271 103.16
288 59 58 60
677 6 227 285 166.85
277 262 987 454
678 28 0 147 238.83
398 1106 476 310
679 1 107 273 130.94
187 228 554 1156
680 33 27 130 259.30
336 1419 849 363
681 40 34 125 6.49
18 4 4 4
682 42 12 275 27.83
79 13 12 14
683 8 0 102 132.43
190 248 419 1387
684 5 117 132 227.47
538 562 148 155
685 25 199 275 448.43
945 1439 610 294
686 96 31 288 58.53
169 23 17 19
687 17 11 287 194.11
546 104 95 105
688 2 51 288 19.60
30 37 35 232
689 75 92 288 146.02
212 299 644 1054
690 184 58 274 43.05
72 96 71 392
691 79 168 288 543.09
1011 1585 1374 1428
692 68 147 267 201.92
572 107 72 110
693 42 7 271 8.73
15 13 16 90
694 47 3 241 243.75
431 416 864 1351
695 43 33 269 22.70
63 14 14 13
696 72 18 132 56.39
93 101 348 96
697 46 11 270 68.08
137 91 93 517
698 23 19 260 89.52
122 600 99 99
699 40 12 194 67.68
88 270 368 99
700 35 7 128 711.77
1551 1616 1474 745
701 3 85 284 334.18
593 1515 505 348
702 93 8 132 48.23
57 347 70 71
703 68 3 161 197.15
330 269 1026 901
704 72 43 217 473.08
729 1749 1551 1554
705 165 8 284 142.40
365 206 100 125
706 71 77 239 90.32
126 569 121 126
707 52 48 288 582.52
1171 1696 1422 435
708 64 6 128 184.63
279 264 1134 882
709 11 51 276 189.48
322 237 779 1277
710 6 33 287 202.68
270 642 1273 363
711 105 109 287 395.00
1120 188 188 170
712 104 171 287 156.12
444 73 69 63
713 17 96 187 50.39
75 101 349 91
714 6 59 250 24.30
38 55 63 210
715 53 23 161 124.64
228 170 338 920
716 21 14 213 130.76
182 232 822 670
717 47 6 167 504.63
802 1499 2057 1611
718 3 124 259 618.42
1421 1393 871 472
719 9 162 243 103.73
149 670 89 135
720 113 11 205 107.61
192 168 444 494
721 36 8 255 289.93
504 355 1255 1693
722 10 8 154 120.45
335 76 65 72
723 5 98 285 83.07
102 607 90 102
724 93 46 223 67.61
111 130 141 648
725 64 9 140 49.47
57 369 64 70
726 74 2 127 71.71
201 38 40 40
727 6 46 78 94.06
136 145 300 1059
728 25 85 200 145.81
217 456 825 142
729 72 15 134 57.03
162 28 22 28
730 66 3 211 123.60
238 546 93 98
731 15 130 288 510.09
1423 350 215 280
732 63 32 280 203.57
555 162 138 121
733 76 116 261 49.55
65 88 436 60
734 52 99 196 76.01
97 510 129 85
735 87 4 142 55.40
84 94 412 73
736 114 5 245 186.40
517 113 120 106
737 23 92 229 145.77
190 378 1052 298
738 21 260 287 400.50
1020 675 253 213
739 20 9 119 613.11
1448 1541 436 294
740 19 161 271 54.60
86 93 335 168
741 12 129 238 193.50
539 93 140 120
742 105 8 159 40.11
114 18 18 19
743 60 117 277 56.06
93 92 294 217
744 14 75 157 46.44
78 71 87 495
745 71 34 234 10.61
17 18 15 129
746 77 2 268 59.33
76 397 85 97
747 36 3 208 136.12
195 285 453 1295
748 30 112 287 105.09
178 205 411 538
749 15 23 230 59.73
62 491 70 58
750 5 22 171 17.83
21 124 33 26
751 39 181 287 195.83
255 1098 596 268
752 40 18 257 239.82
412 391 1145 963
753 2 228 288 292.26
787 297 186 142
754 96 137 258 111.14
176 166 827 108
755 29 1 97 72.15
108 138 142 857
756 13 84 266 54.58
152 29 30 45
757 50 129 241 191.64
437 521 128 209
758 5 155 288 77.78
113 111 646 99
759 50 216 288 138.66
394 63 59 71
760 57 4 85 432.31
1063 882 277 294
761 31 243 287 92.55
143 220 163 946
762 137 43 234 27.13
78 10 9 13
763 189 75 282 167.08
466 110 77 94
764 96 3 279 25.88
40 49 175 43
765 54 23 252 47.57
73 70 348 94
766 1 125 168 27.83
40 176 28 39
767 2 13 185 146.10
403 78 110 114
768 39 191 281 2.05
3 12 3 3
769 76 72 288 487.34
1152 1174 353 359
770 106 6 266 96.39
134 461 347 144
771 8 50 167 28.96
47 53 181 52
772 59 35 260 88.55
248 39 58 59
773 76 38 287 153.79
255 224 819 657
774 31 74 285 194.98
283 699 944 341
775 62 82 251 62.13
91 130 110 757
776 40 184 288 28.18
45 42 57 328
777 16 170 239 15.34
27 22 24 160
778 57 54 280 19.71
23 103 91 25
779 125 119 287 386.93
764 1161 920 428
780 51 17 145 64.58
74 80 681 107
781 117 78 274 177.03
250 943 511 174
782 7 262 285 64.95
84 131 377 438
783 25 83 288 19.36
27 97 64 26
784 39 162 230 132.19
239 196 529 627
785 53 92 270 76.79
128 149 459 107
786 12 209 280 133.30
376 72 62 62
787 40 185 287 101.07
284 54 54 50
788 79 0 108 225.28
327 1333 363 273
789 171 21 265 200.70
404 773 178 200
790 49 112 262 19.43
54 10 13 14
791 28 25 153 133.58
218 688 200 162
792 116 77 235 21.41
27 29 210 25
793 19 2 251 375.50
795 1039 692 330
794 24 220 287 524.72
1199 1184 764 438
795 35 22 78 211.61
266 1351 469 280
796 90 73 284 55.57
94 101 113 517
797 17 66 288 37.29
66 67 59 342
798 16 20 216 466.61
1216 732 193 228
799 32 21 163 41.52
66 229 53 48
800 92 44 267 724.03
1609 1464 1638 582
801 27 60 215 58.63
77 116 338 390
802 36 3 193 254.86
360 659 1101 1614
803 53 26 189 545.12
1317 1117 489 404
804 97 51 277 66.98
108 351 106 70
805 80 9 167 20.91
31 43 145 36
806 5 0 174 258.15
475 1150 341 191
807 171 62 287 1.06
2 2 2 7
808 5 96 259 182.84
505 115 123 111
809 14 1 36 155.06
428 87 104 130
810 96 7 149 295.67
845 122 128 116
811 2 59 282 89.47
157 132 114 981
812 11 27 261 263.58
417 994 977 430
813 15 26 280 452.59
946 1014 1180 592
814 12 36 273 25.13
39 30 197 38
815 22 21 109 50.82
66 93 432 93
816 101 5 260 22.91
36 33 165 41
817 30 31 228 32.56
39 229 53 45
818 42 77 251 68.53
108 170 191 509
819 25 6 261 270.31
769 105 134 141
820 4 16 175 254.20
353 523 1527 1240
821 12 39 188 73.17
77 570 95 132
822 64 66 195 11.72
19 15 85 17
823 40 3 171 26.02
46 34 46 268
824 108 65 288 269.79
743 131 231 211
825 13 0 197 136.87
384 71 80 69
826 30 102 243 30.58
43 196 37 36
827 89 31 287 438.26
1162 548 253 211
828 3 10 287 518.91
895 1469 1737 1646
829 16 191 269 472.61
890 1400 1535 359
830 58 141 283 70.22
118 143 109 686
831 2 0 272 40.23
67 65 191 195
832 17 10 171 29.29
53 63 41 232
833 181 19 271 29.55
57 44 57 212
834 44 195 288 156.54
268 265 838 431
835 192 0 230 204.79
582 78 107 109
836 5 108 201 531.83
1342 899 408 305
837 49 17 288 125.39
164 808 194 222
838 3 60 267 52.67
150 18 28 29
839 15 24 162 415.14
1161 310 150 162
840 91 0 288 199.59
564 98 82 130
841 12 102 267 249.37
288 1577 736 365
842 12 273 287 442.12
1103 836 315 213
843 13 110 287 22.70
41 36 35 213
844 12 183 262 459.74
926 1193 1241 517
845 67 130 288 377.78
1011 407 243 197
846 78 44 280 270.05
378 770 1459 959
847 47 114 250 24.37
47 48 32 170
848 114 49 248 96.31
270 56 52 42
849 51 142 288 133.46
236 224 364 969
850 3 0 109 609.20
1327 1251 1271 1022
851 41 10 87 163.13
467 61 70 73
852 13 250 288 66.81
113 153 108 583
853 36 98 264 248.20
277 1454 985 340
854 21 79 288 147.58
258 199 894 276
855 30 124 246 467.15
1345 181 148 188
856 71 7 195 112.74
181 183 565 579
857 35 34 139 88.69
111 140 815 166
858 118 2 162 150.75
417 99 90 93
859 80 15 282 7.76
15 14 11 56
860 6 1 208 364.18
975 346 277 238
861 114 13 184 28.09
44 56 52 306
862 18 41 255 67.90
95 99 583 93
863 5 46 197 92.13
136 183 189 1085
864 17 48 195 67.50
119 117 120 612
865 19 260 287 33.15
53 51 79 356
866 106 149 274 1.22
2 3 2 11
867 39 4 136 38.37
56 78 81 451
868 93 30 276 7.62
15 10 10 64
869 26 130 274 47.88
85 58 297 77
870 9 4 189 69.47
129 136 95 549
871 39 22 174 217.31
334 347 1003 1514
872 68 63 154 142.61
223 297 654 741
873 64 90 288 424.17
925 1387 334 251
874 23 227 288 84.53
238 35 53 50
875 83 3 175 45.33
75 86 81 457
876 17 50 241 85.85
178 329 60 50
877 5 0 109 102.88
206 130 189 721
878 75 148 277 310.87
884 143 130 149
879 2 0 103 425.72
812 1229 1130 781
880 85 129 287 103.51
128 729 149 123
881 25 89 271 130.90
171 888 137 232
882 4 168 288 576.31
1110 1824 1210 1065
883 89 173 288 181.41
522 63 77 60
884 7 40 201 697.26
1654 1302 1092 392
885 33 140 267 80.34
141 130 168 715
886 70 89 287 129.86
366 71 60 63
887 99 112 262 111.35
182 184 398 837
888 57 16 288 240.67
347 1333 571 231
889 57 0 230 82.98
112 119 752 98
890 112 81 288 28.00
77 15 23 21
891 169 58 285 57.66
110 74 95 499
892 86 15 163 78.93
213 62 69 49
893 54 27 160 181.76
221 706 1102 310
894 156 21 221 75.56
116 435 83 117
895 85 58 288 139.16
369 173 87 56
896 26 0 43 204.25
374 930 206 244
897 74 74 276 7.55
12 12 14 89
898 61 10 274 62.18
95 126 133 669
899 59 47 146 79.12
121 458 81 133
900 38 3 230 773.55
1650 1687 1864 992
901 109 34 281 3.11
4 6 27 4
902 14 18 152 87.87
111 196 596 401
903 129 6 272 93.52
133 410 366 151
904 182 84 272 21.57
31 49 42 252
905 108 160 285 60.88
96 76 414 188
906 46 11 125 69.28
193 41 33 54
907 77 5 285 21.38
38 23 136 36
908 6 250 288 50.79
102 76 69 365
909 49 3 103 308.96
721 786 215 251
910 19 12 246 94.36
115 683 110 132
911 45 66 258 40.58
113 24 21 29
912 97 100 262 73.21
119 142 177 666
913 72 54 201 251.00
328 678 1276 1491
914 78 10 207 81.54
122 486 90 120
915 51 30 246 53.99
80 60 463 69
916 85 9 217 32.32
58 42 199 38
917 123 58 265 25.45
40 32 51 324
918 21 28 135 115.23
155 211 671 753
919 1 0 110 51.31
72 71 404 152
920 75 192 288 222.79
351 1302 216 218
921 78 139 288 170.26
286 315 761 766
922 30 121 222 431.42
1163 410 268 290
923 38 230 287 41.90
63 62 325 63
924 140 16 244 141.46
239 252 748 415
925 13 98 205 117.96
162 762 143 174
926 37 46 175 232.25
518 659 188 267
927 9 3 117 211.14
310 586 1055 767
928 59 121 279 76.06
121 85 591 102
929 39 3 127 2.52
4 5 6 24
930 25 0 112 15.50
42 13 11 10
931 35 42 204 423.04
978 1025 436 343
932 13 110 245 14.23
21 17 121 18
933 6 150 288 205.47
535 273 133 159
934 10 153 257 496.80
1284 751 293 302
935 16 15 146 42.89
56 287 58 62
936 146 53 247 37.81
76 145 36 36
937 107 23 190 182.35
235 975 606 324
938 4 61 220 32.75
46 68 63 418
939 110 26 287 78.06
219 38 45 48
940 28 40 259 113.07
317 61 61 63
941 48 13 134 70.32
139 91 141 488
942 51 22 99 337.71
895 405 169 272
943 103 57 214 110.99
314 57 56 39
944 6 5 287 164.12
459 90 90 100
945 79 89 192 105.73
175 157 711 151
946 81 8 186 521.21
1258 1080 428 447
947 225 55 288 119.13
220 159 193 1121
948 7 77 191 260.81
375 687 1241 1293
949 62 10 129 124.03
190 161 722 685
950 119 17 288 38.11
69 66 48 360
951 9 34 287 522.49
1241 1096 561 425
952 31 233 278 79.07
226 31 40 24
953 44 46 264 363.47
789 1193 261 303
954 80 16 195 55.90
79 122 128 648
955 15 1 244 186.65
269 370 1027 1004
956 62 13 163 15.27
28 28 24 125
957 42 52 268 19.29
37 30 29 154
958 89 36 273 269.09
747 185 134 157
959 14 270 287 111.91
216 142 177 953
960 49 85 228 133.67
207 290 805 304
961 61 71 248 2.14
4 4 3 17
962 89 18 217 129.74
162 252 733 1025
963 47 4 118 162.28
220 902 422 268
964 8 145 212 133.81
167 301 1102 243
965 12 130 215 167.25
471 86 79 99
966 23 76 239 28.68
49 44 182 37
967 26 0 96 100.86
148 251 666 130
968 37 73 239 489.71
1256 801 249 331
969 16 66 219 293.39
548 1114 578 301
970 133 68 276 22.23
26 167 24 32
971 91 22 149 208.96
598 83 84 93
972 1 64 210 239.75
383 798 937 561
973 16 160 268 228.55
513 698 137 165
974 7 1 79 197.03
251 1028 738 301
975 4 183 284 27.29
53 103 40 29
976 83 140 287 6.52
10 36 11 7
977 27 4 182 147.74
220 230 697 1116
978 71 88 283 245.00
696 106 106 140
979 35 0 179 94.53
234 175 70 77
980 27 0 169 150.35
420 77 101 78
981 57 157 275 347.66
524 1613 1041 521
982 78 6 283 39.74
56 69 277 144
983 128 0 246 66.79
103 134 246 503
984 20 2 191 141.77
190 303 984 489
985 29 7 109 46.98
93 68 69 353
986 66 34 277 430.66
1166 411 281 187
987 30 78 272 68.15
191 35 41 36
988 49 132 288 87.56
165 403 67 69
989 12 24 140 237.85
398 1045 532 339
990 48 164 247 229.26
650 109 118 82
991 24 125 182 9.95
27 7 8 8
992 29 9 283 92.36
149 174 199 920
993 173 3 284 104.71
292 53 63 78
994 91 101 284 289.18
757 329 232 243
995 102 102 283 279.68
560 1062 275 312
996 15 119 268 16.89
30 22 107 18
997 7 55 279 85.66
241 46 47 35
998 37 230 280 225.57
286 888 1326 268
999 9 94 256 238.76
354 754 1035 861
1000 99 57 228 278.48
779 180 130 131
1001 8 150 279 209.10
314 1014 568 314
1002 43 6 136 10.75
20 13 61 16
1003 78 0 205 104.95
205 129 121 962
1004 76 16 167 176.18
482 112 135 135
1005 16 4 113 31.97
48 190 34 49
1006 26 7 267 103.80
289 65 53 65
1007 26 125 287 472.38
1276 482 235 299
1008 2 0 200 75.94
120 139 350 431
1009 3 0 124 224.30
292 721 1084 1115
1010 66 19 175 238.11
680 96 104 105
1011 133 42 267 125.28
288 334 86 119
1012 14 103 140 157.62
233 190 920 1028
1013 21 140 259 167.17
482 59 57 67
1014 44 76 209 47.33
66 314 42 62
1015 52 45 288 22.56
62 16 15 13
1016 195 6 255 38.94
74 61 128 180
1017 103 95 288 54.39
66 111 483 89
1018 23 22 211 178.89
292 953 235 187
1019 138 94 269 95.40
259 79 65 62
1020 6 16 266 214.01
253 1227 780 314
1021 7 137 283 27.10
42 159 25 37
1022 5 249 277 12.26
23 15 15 124
1023 41 182 250 2.96
5 5 6 29
1024 23 193 288 273.84
456 733 1082 893
1025 70 24 162 21.97
30 39 180 37
1026 20 1 262 354.11
737 1260 313 328
1027 44 122 197 90.67
168 197 137 637
1028 21 32 287 790.94
1592 1965 2069 1299
1029 31 25 152 10.77
19 16 22 100
1030 61 45 276 57.43
82 84 481 79
1031 24 35 109 384.44
976 621 301 212
1032 47 64 271 162.78
222 272 1362 271
1033 20 4 279 41.97
92 126 36 46
1034 163 24 272 82.81
231 48 47 48
1035 190 3 208 199.33
544 140 155 127
1036 118 3 271 7.98
12 11 62 14
1037 48 71 251 89.96
133 125 629 329
1038 113 1 257 2.38
3 16 4 3
1039 109 43 258 58.58
165 30 30 30
1040 48 62 244 16.07
26 36 25 161
1041 61 216 288 22.16
63 10 10 10
1042 75 3 267 12.23
24 16 22 92
1043 10 2 48 42.77
66 106 64 448
1044 37 28 177 182.30
305 420 960 299
1045 33 193 256 59.64
169 30 26 27
1046 107 83 254 77.21
220 35 30 37
1047 51 125 284 52.91
142 46 41 41
1048 10 35 259 156.73
357 400 162 140
1049 19 16 280 38.37
74 52 46 347
1050 65 85 271 80.91
225 48 48 49
1051 65 5 277 7.83
11 13 64 12
1052 33 26 281 346.82
972 192 180 198
1053 152 2 162 163.27
319 220 390 1034
1054 40 79 264 52.77
95 118 79 401
1055 30 43 218 82.01
227 55 53 37
1056 169 20 286 3.83
5 27 4 4
1057 23 10 170 233.42
335 614 911 1568
1058 15 27 287 228.81
590 372 113 124
1059 25 146 268 254.60
431 271 1494 987
1060 94 29 246 44.84
79 55 66 503
1061 78 78 286 308.45
886 101 154 96
1062 54 88 277 65.38
106 103 156 674
1063 2 123 287 693.64
1477 1254 1969 1106
1064 21 0 240 168.59
482 61 78 79
1065 105 15 216 48.91
97 86 62 339
1066 22 10 221 7.69
10 52 10 11
1067 58 38 279 3.98
6 23 6 4
1068 4 188 262 15.53
31 22 23 114
1069 16 109 288 149.25
253 203 631 931
1070 134 23 278 6.73
13 11 13 45
1071 1 134 273 39.03
59 82 56 475
1072 47 43 262 115.44
332 42 39 55
1073 38 35 238 129.82
163 176 1239 230
1074 2 53 220 395.89
578 1577 1151 1703
1075 25 23 287 156.87
432 100 111 98
1076 83 1 228 389.40
1059 377 201 193
1077 2 225 287 9.36
15 18 25 84
1078 5 266 285 160.21
206 967 408 209
1079 3 6 258 240.06
395 760 964 466
1080 63 130 288 190.28
529 100 140 102
1081 34 10 257 21.38
58 18 14 15
1082 36 215 283 159.62
450 90 70 75
1083 29 129 287 37.10
52 71 214 208
1084 25 0 48 189.83
354 276 848 589
1085 37 179 263 146.59
202 284 1113 325
1086 13 39 283 191.15
487 313 125 118
1087 115 4 198 72.06
81 275 493 118
1088 118 12 274 428.08
1209 212 200 234
1089 55 119 274 105.37
301 41 52 38
1090 18 97 242 50.11
74 120 97 540
1091 26 220 281 26.44
29 209 30 31
1092 44 94 268 75.05
103 276 403 114
1093 139 80 245 27.67
40 37 240 25
1094 120 5 285 37.92
106 23 21 17
1095 21 142 278 107.51
304 55 45 59
1096 121 4 134 2.26
6 2 2 2
1097 73 11 181 291.32
821 123 163 194
1098 25 44 233 138.24
236 172 765 526
1099 5 57 288 226.79
357 314 1093 1514
1100 64 71 254 428.10
1157 448 219 217
1101 39 1 147 98.17
114 748 102 129
1102 39 27 267 475.20
1248 670 222 273
1103 6 1 19 5.01
14 3 3 2
1104 87 64 233 87.28
116 589 95 129
1105 8 198 265 341.76
768 869 435 298
1106 94 4 278 24.18
40 31 43 289
1107 12 116 288 378.70
635 927 1519 1388
1108 55 194 284 111.25
315 57 56 36
1109 69 14 266 757.48
1716 1776 1104 638
1110 7 69 210 64.74
84 429 100 89
1111 48 44 236 316.66
446 1529 1073 483
1112 63 77 278 30.72
88 11 13 15
1113 69 37 252 114.90
204 187 390 687
1114 70 7 267 110.64
241 347 101 86
1115 46 67 214 312.96
902 113 108 120
1116 32 124 273 68.74
94 115 587 87
1117 7 168 261 154.75
434 85 86 75
1118 60 26 211 317.53
868 261 207 148
1119 6 23 87 124.10
188 263 395 1064
1120 72 83 247 37.17
66 75 74 283
1121 30 15 282 131.77
205 251 561 856
1122 40 158 288 233.73
374 1010 691 287
1123 16 178 231 62.58
110 303 78 55
1124 29 2 273 37.36
68 76 61 286
1125 56 27 246 33.34
54 56 222 49
1126 95 14 246 7.29
7 60 11 10
1127 2 175 232 168.96
280 224 1071 448
1128 35 66 237 2.42
4 4 4 27
1129 18 3 137 98.62
177 141 211 869
1130 27 6 275 272.99
600 840 260 164
1131 40 1 109 4.56
13 2 2 2
1132 69 118 286 84.29
237 37 50 54
1133 39 61 287 96.03
267 62 48 62
1134 44 11 288 34.58
65 54 55 288
1135 60 43 216 47.19
87 64 96 404
1136 1 22 181 795.74
1793 1823 1228 797
1137 81 1 147 48.49
134 37 22 30
1138 19 52 197 108.50
150 291 761 117
1139 17 112 288 67.75
185 52 52 30
1140 45 173 268 1.46
4 1 1 1
1141 101 1 191 151.32
433 59 52 89
1142 14 5 28 23.34
31 158 32 20
1143 59 63 231 479.32
1312 420 239 268
1144 29 42 192 1.51
3 3 3 7
1145 95 6 137 56.11
90 81 126 630
1146 60 0 288 396.81
841 1301 398 394
1147 30 19 183 58.58
90 68 417 192
1148 2 137 181 280.43
422 775 1526 635
1149 98 2 141 172.00
303 260 694 901
1150 69 2 231 274.36
411 828 1262 900
1151 84 14 189 387.73
1093 219 177 168
1152 6 18 165 404.93
1050 664 163 194
1153 44 112 270 111.68
192 187 297 904
1154 5 139 288 98.10
119 533 395 115
1155 109 123 288 635.03
1439 1352 1228 335
1156 12 34 88 139.67
193 416 904 179
1157 70 113 242 31.12
51 36 225 51
1158 119 79 255 152.59
266 232 448 1170
1159 75 152 266 108.69
188 189 148 1125
1160 36 0 201 308.38
462 1045 1217 1071
1161 5 249 282 82.18
145 151 164 682
1162 116 78 280 275.93
354 981 1557 716
1163 39 39 195 161.22
255 301 662 1056
1164 22 179 274 73.17
110 141 234 679
1165 18 186 288 54.70
149 47 34 30
1166 4 28 230 369.43
937 638 249 173
1167 119 150 288 399.16
629 1422 1413 1069
1168 18 22 248 81.71
123 145 532 252
1169 32 0 142 20.63
30 40 42 253
1170 17 189 281 298.52
500 782 1115 1113
1171 7 202 288 168.84
214 568 994 489
1172 59 12 281 316.21
387 1379 1614 658
1173 134 33 280 511.05
1152 1241 783 306
1174 19 103 274 111.07
174 211 636 380
1175 30 40 177 263.25
417 1335 490 367
1176 5 82 287 204.79
235 1348 583 205
1177 66 2 180 104.85
174 188 282 893
1178 129 52 287 261.89
695 340 114 154
1179 121 0 250 334.56
889 387 173 268
1180 17 221 273 107.63
198 204 178 835
1181 53 78 268 81.63
226 55 48 45
1182 64 14 205 353.12
1008 160 147 124
1183 4 4 100 87.35
131 392 303 97
1184 99 27 225 168.35
233 624 894 234
1185 66 29 126 177.60
223 824 873 209
1186 9 3 78 86.43
133 114 550 370
1187 81 5 218 459.44
1321 187 161 152
1188 10 42 270 55.76
99 79 85 577
1189 41 3 160 114.50
156 482 535 167
1190 84 15 164 46.20
60 326 43 60
1191 28 0 90 126.36
200 715 134 158
1192 75 107 252 361.83
980 391 170 147
1193 39 55 286 121.13
160 185 784 786
1194 12 80 274 233.82
341 768 1249 363
1195 4 9 175 415.89
973 1026 328 322
1196 70 27 287 260.13
404 900 1187 327
1197 28 124 285 170.75
253 271 1006 891
1198 48 107 256 88.93
147 130 148 1036
1199 48 41 214 122.40
345 61 64 62
1200 60 0 191 205.38
264 1034 874 184
1201 36 46 221 14.68
42 5 8 5
1202 2 0 6 83.42
162 113 157 625
1203 2 24 268 58.89
79 69 567 56
1204 71 64 176 71.28
81 353 360 117
1205 54 11 262 73.89
102 122 630 87
1206 28 43 172 36.37
61 137 111 59
1207 78 36 259 371.83
1058 170 168 147
1208 67 49 227 234.81
497 813 203 178
1209 154 4 225 138.12
383 97 67 84
1210 75 90 287 46.28
76 89 83 470
1211 32 126 177 74.44
114 74 626 94
1212 76 56 287 12.28
19 16 96 16
1213 11 235 283 90.43
121 494 259 150
1214 89 83 279 182.54
269 406 1199 377
1215 31 119 201 239.35
414 427 1120 857
1216 21 24 112 107.23
294 71 74 81
1217 21 100 287 453.34
636 1737 1881 1393
1218 27 6 85 67.71
118 128 86 670
1219 17 0 136 107.68
155 283 716 126
1220 26 13 271 222.51
636 102 70 108
1221 32 175 249 111.89
181 278 612 164
1222 162 33 223 66.27
132 91 95 506
1223 113 95 287 23.64
39 39 48 246
1224 33 79 245 451.30
880 1082 1540 537
1225 61 1 169 429.93
1228 180 188 167
1226 38 102 212 57.29
87 129 104 622
1227 17 45 238 555.63
1135 1492 1255 742
1228 74 9 182 378.20
1077 198 133 138
1229 43 26 284 88.76
125 167 398 726
1230 105 85 288 176.00
287 227 676 1430
1231 25 53 176 3.79
6 5 5 52
1232 7 55 182 379.21
1050 300 170 179
1233 20 116 252 250.01
386 388 1654 751
1234 35 79 270 715.51
1584 1784 1139 608
1235 17 15 148 4.96
8 8 33 9
1236 16 37 256 56.81
88 94 226 449
1237 112 2 282 47.03
132 24 25 29
1238 29 133 288 65.47
124 77 92 632
1239 6 264 288 137.58
224 220 583 886
1240 51 8 281 35.71
66 54 54 324
1241 16 29 171 320.66
594 1184 729 304
1242 185 8 284 44.93
78 83 69 431
1243 115 7 146 365.69
1033 192 159 188
1244 157 4 278 346.84
852 718 183 295
1245 56 15 219 20.77
46 59 21 20
1246 114 13 217 282.15
771 213 212 136
1247 21 128 268 5.51
9 10 8 62
1248 118 6 168 21.93
61 13 15 9
1249 1 194 277 20.42
31 51 33 215
1250 62 142 286 150.49
196 922 335 217
1251 108 32 209 6.42
10 10 10 83
1252 10 6 196 598.00
1335 1723 556 448
1253 8 104 254 94.13
115 167 891 108
1254 28 225 276 287.11
444 1082 1137 468
1255 122 13 236 27.78
39 62 47 355
1256 31 191 272 110.17
317 38 45 41
1257 38 19 259 2.28
3 4 20 3
1258 88 2 135 4.19
6 7 33 7
1259 66 57 287 346.44
969 188 192 212
1260 3 248 287 195.64
264 917 785 299
1261 3 73 282 1.88
3 3 13 3
1262 10 14 105 435.09
1120 688 257 236
1263 27 20 282 70.46
153 221 65 60
1264 38 76 262 34.07
58 65 66 309
1265 27 2 254 20.26
31 52 48 175
1266 15 3 97 158.96
182 999 491 230
1267 57 5 122 487.48
1259 782 216 317
1268 29 12 138 199.76
554 132 100 139
1269 26 100 281 145.25
405 82 89 80
1270 47 15 287 109.18
205 213 127 878
1271 28 11 106 110.71
306 83 58 57
1272 98 15 211 212.49
407 917 194 195
1273 4 1 154 69.31
118 80 331 392
1274 25 53 282 250.62
382 1083 890 276
1275 53 65 275 177.57
504 71 87 105
1276 164 43 269 40.37
63 70 88 448
1277 19 47 225 131.46
213 378 669 134
1278 78 8 142 17.17
29 23 32 191
1279 82 60 182 200.77
562 112 119 92
1280 76 94 264 73.57
87 368 341 123
1281 37 1 67 449.98
1019 1356 252 289
1282 50 75 205 90.06
125 366 388 204
1283 4 144 281 49.80
76 46 430 55
1284 20 219 287 73.52
107 466 73 83
1285 55 126 263 78.62
106 150 651 106
1286 83 65 220 165.86
472 81 70 59
1287 7 28 162 171.86
278 352 751 855
1288 56 74 288 433.89
893 1302 817 401
1289 82 143 266 165.53
281 272 489 1308
1290 51 6 168 270.45
746 173 196 141
1291 53 103 278 537.02
1442 667 204 230
1292 24 65 263 225.75
308 1389 455 207
1293 69 130 288 6.94
12 14 13 59
1294 41 10 110 55.38
156 25 31 33
1295 120 98 288 19.39
54 11 13 9
1296 36 170 267 244.88
312 932 1367 511
1297 44 46 257 13.67
37 9 12 12
1298 22 46 217 92.46
129 582 138 102
1299 65 32 253 177.34
204 1324 271 168
1300 20 21 255 69.05
119 156 89 623
1301 4 8 154 210.77
328 351 1097 1120
1302 26 107 288 60.11
171 30 21 29
1303 40 72 265 153.79
261 307 486 990
1304 55 28 94 31.92
51 41 213 94
1305 25 3 275 7.69
9 14 73 13
1306 39 10 279 91.59
251 68 65 45
1307 108 7 255 154.61
234 650 591 164
1308 11 94 252 47.33
89 58 92 408
1309 7 49 157 9.58
11 75 8 12
1310 36 127 287 268.83
364 1449 873 238
1311 3 20 97 57.61
94 102 227 373
1312 14 12 166 69.17
80 89 712 129
1313 64 1 148 255.63
388 659 1113 1231
1314 76 27 165 400.01
1138 195 147 192
1315 92 98 288 24.21
41 33 46 264
1316 4 98 251 9.25
16 13 19 92
1317 11 0 184 220.13
314 876 989 355
1318 64 142 288 93.94
141 194 658 121
1319 13 3 267 66.44
116 96 197 518
1320 70 1 261 10.21
28 7 6 9
1321 7 108 246 304.52
842 186 221 156
1322 3 1 275 248.60
690 142 150 181
1323 18 9 28 211.94
606 70 122 71
1324 10 9 209 572.48
1142 1782 1139 722
1325 21 62 231 20.51
23 159 23 27
1326 18 25 80 84.43
237 46 44 45
1327 28 102 184 113.65
215 129 192 1050
1328 68 40 288 29.22
38 202 36 32
1329 2 3 176 335.10
947 170 129 218
1330 17 45 187 39.85
69 62 68 406
1331 96 40 279 36.94
39 302 39 40
1332 63 6 281 197.71
369 865 235 173
1333 45 2 288 483.83
1235 818 262 298
1334 20 33 288 414.69
1046 719 309 208
1335 116 12 173 119.63
340 51 65 42
1336 37 43 189 19.83
32 28 144 23
1337 51 7 288 42.89
72 66 71 475
1338 81 2 134 383.80
553 1573 1209 1435
1339 17 0 83 388.55
574 1206 1587 1688
1340 30 9 132 250.20
399 440 1116 1497
1341 36 102 265 7.27
7 62 7 11
1342 54 63 243 55.38
76 102 460 64
1343 48 94 287 16.47
47 7 7 7
1344 14 87 270 87.14
122 541 148 77
1345 13 40 285 53.17
92 99 91 493
1346 37 7 251 3.15
5 17 5 3
1347 2 132 237 287.42
652 795 237 230
1348 47 39 197 39.97
57 246 47 69
1349 27 15 153 44.75
73 114 82 374
1350 105 9 281 81.05
146 158 128 671
1351 69 97 287 377.33
658 853 1384 1500
1352 46 2 210 71.75
85 514 101 116
1353 18 1 53 78.84
222 38 46 37
1354 64 36 183 383.64
607 1537 1360 478
1355 129 117 288 185.31
311 260 1159 425
1356 56 46 246 193.90
249 1308 325 182
1357 34 0 114 3.13
6 6 5 21
1358 25 43 96 73.33
124 72 546 73
1359 29 20 225 127.67
155 654 538 219
1360 22 5 123 229.09
364 391 1250 969
1361 66 3 285 123.04
174 776 157 152
1362 36 9 247 263.30
394 659 1372 955
1363 45 176 248 172.28
233 355 1295 406
1364 52 62 287 328.26
500 1049 1140 1526
1365 19 123 254 171.10
385 474 166 129
1366 41 1 47 499.95
1411 323 175 178
1367 5 2 208 246.08
354 1234 753 296
1368 15 17 195 43.26
73 64 79 467
1369 11 24 116 232.72
656 148 85 94
1370 8 177 232 212.91
589 162 116 86
1371 91 103 287 182.77
329 221 718 1064
1372 29 243 287 92.55
151 134 275 868
1373 11 3 143 122.55
344 56 72 81
1374 10 19 287 140.73
139 1121 263 147
1375 45 25 250 146.75
417 57 65 99
1376 145 1 187 411.68
1133 351 179 226
1377 39 1 247 245.54
328 594 1274 1515
1378 15 1 273 288.97
811 149 159 164
1379 46 1 248 114.26
156 736 147 171
1380 7 122 286 55.00
73 82 431 208
1381 9 135 261 153.79
425 98 95 103
1382 114 165 288 77.40
157 133 105 483
1383 51 114 251 91.70
128 157 596 443
1384 21 92 235 116.26
117 928 174 172
1385 12 22 281 97.30
170 115 167 1077
1386 115 17 282 278.97
775 184 173 110
1387 38 6 107 521.26
1307 904 427 293
1388 5 73 133 409.47
1165 180 205 145
1389 32 106 267 796.07
1630 1978 1689 1706
1390 5 2 110 102.55
136 208 823 185
1391 55 0 104 40.02
57 56 329 77
1392 45 97 166 70.22
80 493 140 106
1393 12 85 238 156.99
262 533 595 216
1394 20 52 241 239.47
342 1225 664 388
1395 37 1 179 462.59
1257 451 215 282
1396 11 248 287 34.42
65 48 44 321
1397 21 117 261 139.16
193 772 373 151
1398 65 26 183 77.47
121 207 446 86
1399 73 150 287 37.90
70 52 74 327
1400 87 11 104 215.17
353 792 800 228
1401 102 51 269 13.27
21 22 21 162
1402 21 52 278 194.96
556 90 81 71
1403 44 134 245 26.44
74 17 13 11
1404 4 209 284 63.47
84 378 147 94
1405 23 2 257 189.99
336 239 653 1349
1406 165 20 252 385.54
898 987 275 305
1407 106 71 279 69.52
192 41 49 46
1408 5 41 282 534.74
1208 1512 441 400
1409 56 14 190 14.96
24 36 26 140
1410 30 188 288 95.80
133 121 818 211
1411 3 0 134 169.50
245 230 1026 1033
1412 11 38 132 77.96
84 619 105 71
1413 74 6 279 184.18
255 1078 381 263
1414 35 135 287 88.46
136 131 654 155
1415 26 1 258 467.13
1225 590 283 370
1416 29 108 163 16.66
46 12 8 12
1417 21 71 179 196.09
365 260 891 663
1418 27 0 257 316.56
788 596 221 194
1419 15 23 106 20.37
31 39 144 27
1420 56 46 166 113.02
215 203 313 559
1421 71 1 152 34.37
98 13 17 16
1422 75 24 171 20.96
59 9 12 14
1423 107 97 258 58.13
72 426 55 75
1424 4 88 279 625.79
1303 1548 1500 714
1425 151 55 266 28.77
51 61 44 238
1426 64 50 162 38.49
74 70 62 266
1427 18 156 287 185.17
519 114 88 87
1428 62 81 287 95.49
267 52 61 43
1429 2 63 243 39.19
56 239 51 63
1430 176 19 288 15.53
19 29 137 33
1431 30 2 226 126.64
233 151 265 1138
1432 8 1 275 23.57
67 12 8 12
1433 91 63 215 114.69
159 771 102 132
1434 14 14 284 613.51
1318 1422 1372 616
1435 119 12 209 44.65
63 57 391 63
1436 27 116 248 92.06
179 160 114 699
1437 46 11 179 292.59
776 323 208 188
1438 38 127 257 63.92
100 110 116 755
1439 92 27 287 74.37
132 105 438 122
1440 70 0 220 93.44
145 167 622 197
1441 35 8 201 52.98
67 383 58 49
1442 91 58 225 36.86
48 267 32 30
1443 45 18 284 48.58
79 102 99 455
1444 131 35 236 25.36
71 15 12 15
1445 58 1 221 83.26
121 152 628 133
1446 71 90 262 117.30
339 38 38 50
1447 77 74 261 41.08
117 17 20 17
1448 81 3 280 148.10
236 319 566 902
1449 17 14 224 157.36
440 77 93 112
1450 71 52 266 24.02
34 48 49 303
1451 47 0 220 87.89
242 55 65 53
1452 8 21 39 206.46
334 337 998 1093
1453 9 121 256 138.24
170 600 767 162
1454 78 1 150 287.25
824 89 126 155
1455 9 48 230 543.75
1378 926 374 295
1456 13 47 93 59.76
86 67 529 77
1457 4 131 268 262.24
731 159 145 146
1458 14 149 247 75.17
91 97 736 158
1459 26 4 187 17.79
48 15 15 9
1460 32 128 271 92.06
137 572 92 95
1461 13 70 288 44.39
86 64 69 353
1462 28 138 288 325.93
898 243 183 187
1463 67 58 181 287.34
793 231 127 165
1464 119 75 281 112.43
152 170 837 467
1465 102 96 285 189.36
238 1028 710 213
1466 34 68 245 192.86
356 251 642 1177
1467 81 81 260 213.31
354 630 890 441
1468 47 9 274 14.19
21 14 127 13
1469 186 0 256 293.70
790 235 243 233
1470 74 28 181 263.25
391 1282 751 368
1471 54 102 232 18.16
34 29 39 131
1472 52 97 274 146.42
214 658 518 218
1473 23 4 195 50.56
80 177 226 46
1474 15 58 254 2.75
5 3 4 30
1475 152 22 287 16.14
29 24 23 162
1476 62 6 220 77.31
215 55 35 41
1477 50 209 288 136.31
227 712 153 174
1478 32 3 137 22.23
38 36 49 207
1479 6 57 225 9.65
26 8 8 6
1480 16 157 241 80.74
118 150 612 106
1481 31 17 277 95.96
134 156 688 359
1482 101 63 280 13.17
35 13 9 13
1483 28 0 101 309.01
424 1394 1377 263
1484 60 136 230 83.99
137 101 398 553
1485 57 176 287 99.33
142 619 143 91
1486 32 39 162 363.64
1032 177 173 132
1487 34 12 96 309.58
429 1458 1045 689
1488 37 120 284 155.51
273 231 497 1101
1489 48 14 182 31.08
56 50 60 267
1490 6 3 232 82.98
128 90 690 85
1491 27 97 281 56.16
98 100 106 503
1492 28 7 266 65.26
130 101 93 465
1493 29 34 211 21.20
28 128 49 27
1494 120 78 262 50.63
82 95 272 175
1495 3 13 249 358.18
622 1642 579 433
1496 2 0 168 69.82
135 80 96 646
1497 196 19 272 120.36
343 43 65 55
1498 43 29 209 104.38
296 42 56 55
1499 62 144 262 437.82
1105 765 262 321
1500 25 70 288 99.14
275 70 57 40
1501 6 79 201 188.39
280 396 1185 530
1502 112 80 283 87.68
130 148 671 121
1503 276 8 288 48.44
137 22 21 33
1504 36 44 226 214.81
307 494 1227 897
1505 19 124 287 37.76
62 47 276 44
1506 25 1 79 91.02
178 171 117 630
1507 16 5 68 455.98
1118 854 397 374
1508 42 240 287 108.15
312 36 37 47
1509 63 73 175 4.16
8 6 7 33
1510 43 39 110 66.18
133 103 92 458
1511 61 43 287 245.92
699 117 112 92
1512 30 91 165 115.14
185 246 374 818
1513 2 87 258 613.46
1201 1793 1489 905
1514 3 271 287 161.39
238 358 738 978
1515 123 70 246 173.53
279 646 683 166
1516 93 0 204 151.51
216 494 857 220
1517 36 58 238 72.86
203 50 35 35
1518 31 0 38 41.29
70 75 73 404
1519 171 28 232 12.75
36 7 5 7
1520 12 242 287 321.15
436 1302 1009 1623
1521 63 70 287 156.00
439 89 69 80
1522 26 3 224 90.88
132 138 708 185
1523 35 11 115 105.77
177 205 374 655
1524 16 68 206 17.50
16 154 18 22
1525 8 177 271 2.78
4 17 3 5
1526 50 163 287 231.89
299 784 1529 261
1527 31 37 271 0.82
1 6 1 1
1528 23 11 266 318.47
563 902 1004 941
1529 20 128 288 123.37
344 79 56 79
1530 172 5 282 310.42
780 529 244 200
1531 57 16 133 323.69
911 157 200 134
1532 13 3 251 71.17
129 136 209 393
1533 16 94 274 15.41
21 30 125 21
1534 51 143 244 11.83
32 9 9 10
1535 54 31 217 112.05
154 754 100 145
1536 18 100 288 97.28
282 29 35 30
1537 96 64 253 0.96
1 8 1 1
1538 27 16 214 272.08
763 151 139 152
1539 7 142 264 272.88
441 805 1241 528
1540 128 152 287 202.63
581 71 94 78
1541 44 9 218 200.89
291 269 1422 814
1542 34 3 282 53.22
68 85 498 59
1543 3 76 280 43.88
91 162 34 37
1544 36 62 288 79.12
220 42 51 55
1545 53 124 229 207.94
527 338 145 157
1546 136 39 253 31.52
53 53 45 349
1547 6 164 239 418.08
1144 374 204 225
1548 30 105 199 106.76
195 190 182 874
1549 7 62 233 135.25
249 273 276 892
1550 7 17 167 298.26
805 294 163 200
1551 54 79 240 366.01
807 993 505 271
1552 106 21 277 160.23
451 82 83 85
1553 86 10 256 386.36
927 870 276 283
1554 2 31 286 89.94
167 373 120 126
1555 39 4 116 387.42
1099 141 224 211
1556 7 5 267 91.09
146 521 82 101
1557 17 264 287 249.40
714 95 110 100
1558 32 37 244 57.26
94 103 104 601
1559 13 68 255 124.22
212 150 611 640
1560 59 3 275 282.59
493 597 1127 1065
1561 12 26 168 35.99
53 55 282 59
1562 3 2 193 85.42
128 167 406 526
1563 9 0 240 454.24
1293 228 152 218
1564 3 9 149 205.00
452 654 140 144
1565 46 130 213 61.94
94 92 380 281
1566 29 47 233 43.57
84 60 65 366
1567 49 132 251 23.81
67 12 12 14
1568 225 10 274 121.42
231 176 235 929
1569 75 147 278 126.57
178 200 1061 166
1570 7 181 286 5.62
10 13 9 42
1571 57 55 248 403.07
1138 212 192 181
1572 19 96 238 408.08
955 1000 372 232
1573 15 4 145 618.71
1131 1697 1859 1656
1574 8 0 256 121.51
178 241 491 968
1575 57 9 190 10.85
17 16 81 13
1576 12 126 281 400.65
1075 409 231 291
1577 28 19 277 110.78
162 430 491 169
1578 47 14 201 28.49
45 30 224 43
1579 82 7 157 9.83
16 18 20 100
1580 18 26 123 54.44
83 304 78 84
1581 39 6 288 26.47
74 15 15 14
1582 28 12 208 101.84
286 53 62 42
1583 48 14 243 69.87
102 178 435 138
1584 47 17 264 341.60
899 411 257 187
1585 11 53 287 49.45
89 81 62 489
1586 13 135 255 436.55
982 1102 510 482
1587 1 59 267 235.05
363 566 1349 513
1588 48 5 235 33.74
61 52 45 334
1589 8 145 287 10.26
12 19 99 13
1590 64 182 287 2.14
3 13 3 4
1591 20 59 178 3.86
7 5 7 37
1592 76 6 249 59.80
114 71 72 589
1593 10 34 288 411.66
1166 190 220 164
1594 17 2 66 288.17
823 103 151 116
1595 60 15 273 122.19
151 820 241 138
1596 21 86 265 37.31
69 51 51 365
1597 17 0 133 131.09
333 221 74 99
1598 50 7 258 99.98
167 226 162 910
1599 6 17 239 144.17
217 290 980 260
1600 49 24 273 43.50
76 81 89 364
1601 24 62 284 287.46
546 984 602 419
1602 96 151 282 80.88
95 592 109 114
1603 50 13 233 4.16
5 30 6 5
1604 116 102 248 323.27
475 876 1622 1219
1605 7 35 288 67.71
129 120 103 506
1606 15 17 272 182.73
316 335 618 1102
1607 5 134 225 42.37
72 52 293 51
1608 25 151 285 540.36
1158 1153 1155 988
1609 100 7 169 719.82
1606 1444 1420 941
1610 18 52 280 83.49
106 124 791 111
1611 21 58 195 213.97
278 608 1193 993
1612 69 22 268 104.01
215 381 98 72
1613 2 0 270 86.36
145 126 156 951
1614 108 59 238 36.98
66 73 73 283
1615 158 37 288 66.37
105 138 150 637
1616 14 127 241 109.32
135 664 320 125
1617 92 26 288 65.78
185 31 43 27
1618 16 41 199 31.92
51 60 66 331
1619 37 227 286 6.80
19 4 4 3
1620 30 0 283 400.08
809 1343 687 277
1621 24 14 212 52.37
64 377 61 77
1622 75 48 261 1.62
3 2 3 15
1623 33 9 253 220.08
394 285 1004 976
1624 7 0 195 9.06
12 15 78 16
1625 64 10 238 8.52
12 53 13 9
1626 15 16 220 193.24
481 349 127 179
1627 4 98 253 186.75
249 1001 644 161
1628 46 108 246 7.83
10 10 75 13
1629 2 0 96 107.11
193 147 182 1046
1630 31 6 265 6.63
19 3 2 3
1631 5 115 198 326.77
542 790 1266 1400
1632 20 213 287 95.82
159 154 171 1043
1633 44 5 177 12.77
36 7 6 6
1634 74 90 288 152.96
219 927 234 187
1635 78 105 287 39.10
52 54 323 126
1636 13 0 115 346.63
911 435 230 215
1637 100 11 230 43.31
87 75 53 292
1638 22 164 263 16.63
19 126 21 21
1639 71 14 287 140.07
383 113 80 93
1640 3 44 263 330.96
503 1032 1363 1204
1641 75 20 255 356.82
819 927 313 294
1642 45 155 287 470.87
1219 656 312 357
1643 80 46 288 107.35
306 44 50 47
1644 23 116 288 423.65
692 1493 1267 1307
1645 14 97 167 401.09
580 1377 1596 1606
1646 126 62 288 7.60
13 14 14 71
1647 23 2 44 37.90
67 62 69 349
1648 42 17 115 5.53
10 11 13 36
1649 72 116 240 79.89
223 46 44 48
1650 11 1 73 4.96
8 11 10 46
1651 28 2 81 169.62
242 347 1206 369
1652 85 88 287 63.05
69 192 529 80
1653 214 37 280 150.05
257 175 452 1351
1654 56 146 254 126.05
341 84 113 106
1655 37 88 172 51.03
65 365 59 46
1656 38 125 286 86.88
248 37 34 42
1657 25 10 168 84.15
115 193 187 1014
1658 22 7 68 419.98
946 1088 422 500
1659 3 44 281 19.53
32 29 37 221
1660 231 9 267 12.14
22 16 19 122
1661 81 27 288 182.37
247 856 736 254
1662 22 15 288 77.78
118 121 601 89
1663 115 17 287 75.52
136 116 108 742
1664 10 1 116 568.93
1258 1262 1044 697
1665 50 58 166 3.81
7 6 7 32
1666 141 18 261 441.20
950 1335 522 405
1667 7 63 271 274.36
476 348 1226 1502
1668 35 13 279 199.15
548 138 117 145
1669 87 85 272 76.06
131 132 185 633
1670 33 5 75 20.82
39 32 30 183
1671 81 89 271 19.97
55 12 14 15
1672 20 115 260 525.36
1172 1170 880 653
1673 67 97 249 149.22
224 416 879 201
1674 51 65 223 66.01
116 119 114 597
1675 5 0 215 168.21
209 422 1235 488
1676 17 182 287 56.65
101 121 91 449
1677 36 37 279 440.92
1164 494 327 310
1678 94 21 182 103.40
139 697 120 118
1679 6 125 212 59.14
90 336 85 76
1680 77 82 287 488.21
1268 750 238 274
1681 13 225 288 169.79
229 303 856 1390
1682 80 1 145 25.95
50 32 39 229
1683 58 57 260 66.53
111 81 331 369
1684 26 117 287 60.51
86 71 538 79
1685 60 15 207 213.76
304 269 1452 1119
1686 58 4 237 16.75
29 31 20 173
1687 1 115 262 26.33
43 32 194 33
1688 27 36 203 24.77
38 31 198 32
1689 49 188 264 329.50
775 840 207 222
1690 32 220 287 45.48
131 15 18 18
1691 183 10 244 131.30
206 743 164 140
1692 4 73 276 95.23
115 649 185 121
1693 19 53 194 106.22
165 249 273 912
1694 26 214 288 11.81
21 23 18 103
1695 57 17 229 205.31
284 1033 684 284
1696 182 8 268 237.94
600 466 95 126
1697 25 40 205 3.65
6 7 6 38
1698 59 37 186 70.37
111 161 155 644
1699 6 232 277 525.00
1088 1441 1127 507
1700 150 2 245 42.32
70 86 67 427
1701 57 12 251 28.77
43 41 226 46
1702 55 4 273 70.65
96 168 167 821
1703 10 156 223 1.32
2 2 10 2
1704 43 11 286 593.98
1301 1395 1157 535
1705 2 264 287 66.60
114 118 330 221
1706 8 7 172 158.82
231 599 763 194
1707 103 5 160 25.50
46 48 27 242
1708 40 145 222 21.97
35 125 22 25
1709 7 9 211 313.03
473 793 1411 1483
1710 3 132 229 97.77
184 159 309 485
1711 36 143 282 177.78
452 294 108 131
1712 17 230 288 150.80
256 231 692 749
1713 59 0 71 235.73
360 356 1185 1542
1714 111 0 167 156.35
429 134 79 80
1715 7 1 41 200.96
276 863 870 349
1716 23 152 281 228.01
644 101 130 113
1717 10 0 167 69.45
197 30 35 34
1718 21 9 143 210.32
394 243 919 857
1719 5 46 85 196.32
335 283 953 900
1720 125 31 273 112.97
314 72 62 66
1721 125 150 285 20.26
33 38 29 227
1722 16 0 159 15.93
23 31 120 22
1723 41 80 257 83.14
213 114 78 54
1724 15 125 246 115.72
121 613 609 168
1725 35 90 257 77.12
211 50 62 50
1726 31 27 258 60.06
89 371 61 72
1727 80 44 222 101.11
184 196 186 762
1728 235 23 287 42.46
72 65 69 464
1729 42 86 288 566.57
1030 1889 1267 1462
1730 42 0 138 476.85
1354 240 217 159
1731 45 3 282 19.15
34 36 39 152
1732 3 31 153 255.98
720 110 151 169
1733 57 52 187 54.96
157 24 22 22
1734 9 107 235 203.38
371 319 829 836
1735 39 21 239 89.66
136 81 739 186
1736 21 72 167 57.31
93 102 129 570
1737 26 91 288 358.65
1033 125 135 138
1738 73 30 223 34.87
98 17 21 17
1739 92 40 258 1.62
3 2 9 3
1740 60 109 287 335.43
956 119 153 211
1741 94 0 235 93.77
194 136 109 644
1742 29 65 285 203.50
313 1255 173 157
1743 8 96 123 10.02
16 15 16 125
1744 10 70 275 64.55
76 468 91 94
1745 34 1 227 110.31
273 187 102 102
1746 9 45 288 345.08
988 133 127 183
1747 37 2 115 15.34
27 29 26 135
1748 35 4 91 231.00
654 116 96 123
1749 14 125 286 59.73
169 30 26 31
1750 36 21 149 9.65
18 16 15 80
1751 137 6 170 346.58
881 584 186 274
1752 3 48 238 78.93
127 122 358 495
1753 112 58 201 114.55
204 160 341 851
1754 79 33 249 145.44
237 208 656 928
1755 39 163 284 134.90
168 627 659 183
1756 9 54 89 493.76
1373 384 202 210
1757 9 78 225 7.34
9 54 8 8
1758 104 127 288 433.02
1195 318 228 266
1759 33 4 246 99.73
127 507 397 146
1760 106 66 273 22.58
64 10 13 8
1761 12 16 275 206.42
321 324 1362 584
1762 32 128 288 21.74
34 21 179 27
1763 71 15 224 342.23
930 285 235 202
1764 20 86 167 151.86
345 400 135 155
1765 105 137 288 95.73
161 132 162 1095
1766 28 24 141 99.91
161 202 503 381
1767 35 229 287 20.00
28 36 156 38
1768 142 37 258 38.49
60 84 64 416
1769 24 114 282 191.10
289 363 1256 476
1770 49 5 93 82.60
142 138 173 763
1771 14 97 286 285.58
780 218 189 187
1772 113 2 287 3.25
6 6 8 20
1773 14 37 287 458.85
1097 1078 320 272
1774 105 178 287 20.23
34 34 46 190
1775 61 100 277 9.58
26 7 7 8
1776 20 46 287 26.94
51 47 40 210
1777 117 66 240 54.34
154 30 21 22
1778 9 216 244 45.73
63 52 418 70
1779 62 85 231 3.25
9 2 2 2
1780 31 142 224 143.84
399 65 112 109
1781 19 29 105 173.41
277 810 436 191
1782 162 13 284 47.12
65 322 39 49
1783 52 6 234 190.11
340 232 694 1237
1784 114 8 283 143.44
210 803 252 244
1785 55 56 214 5.69
16 3 3 3
1786 18 85 218 171.15
283 247 893 786
1787 5 103 286 273.65
477 595 1013 1143
1788 32 125 273 39.88
64 75 47 480
1789 14 15 260 48.53
79 82 100 511
1790 82 0 90 215.36
273 1288 635 198
1791 12 131 242 99.28
283 41 49 37
1792 63 47 153 548.32
1374 981 390 348
1793 36 7 287 446.29
854 1509 1002 483
1794 25 145 194 321.86
816 475 302 228
1795 94 16 271 96.83
272 49 59 43
1796 65 77 287 29.90
83 19 17 18
1797 56 16 244 448.85
650 1762 1691 1311
1798 20 254 288 437.60
828 1298 1285 545
1799 40 57 261 324.14
499 1078 1376 806
1800 33 168 288 702.34
1552 1807 1034 637
1801 5 10 234 443.67
1159 624 264 233
1802 59 185 272 14.23
21 20 113 25
1803 37 75 255 25.81
72 15 14 16
1804 90 145 288 359.66
1010 229 170 121
1805 27 60 157 78.62
146 136 151 588
1806 45 0 223 117.49
131 943 114 103
1807 21 6 288 147.72
225 286 579 1113
1808 78 3 83 6.85
18 7 6 6
1809 13 5 288 16.30
28 22 26 183
1810 74 22 171 227.31
372 1200 332 190
1811 36 2 119 391.00
1111 158 199 194
1812 87 98 288 99.56
162 202 207 944
1813 6 0 274 49.47
82 73 299 138
1814 38 28 258 74.88
125 390 88 87
1815 54 164 283 27.71
46 58 42 276
1816 78 46 250 89.16
125 565 92 161
1817 17 9 90 20.19
30 25 167 29
1818 14 50 275 168.35
233 261 1127 857
1819 13 72 201 166.82
276 206 1061 487
1820 10 66 143 474.26
1221 733 308 250
1821 2 4 179 285.27
390 1386 1063 382
1822 59 3 165 2.66
5 4 5 21
1823 26 33 287 48.96
90 85 62 442
1824 4 82 287 77.80
221 27 44 44
1825 15 67 263 125.42
140 499 846 182
1826 148 43 269 112.62
318 53 63 50
1827 30 4 78 96.97
159 184 176 992
1828 17 0 233 619.51
1299 1713 1224 560
1829 45 105 202 89.26
138 171 161 1027
1830 50 11 205 40.49
59 93 82 452
1831 166 90 288 41.45
55 269 65 55
1832 21 53 181 30.28
49 41 64 350
1833 48 75 241 86.72
165 117 145 735
1834 123 107 252 28.21
49 34 137 137
1835 8 153 288 72.29
199 54 47 31
1836 88 84 244 586.78
1330 1540 646 410
1837 10 53 114 29.38
47 47 170 110
1838 2 41 244 67.54
95 145 154 798
1839 52 45 121 252.03
645 407 146 170
1840 43 45 224 152.54
396 213 102 97
1841 33 175 221 32.70
62 41 43 313
1842 39 93 270 227.33
647 99 118 72
1843 29 6 288 285.30
455 697 1413 840
1844 84 59 287 298.90
803 277 195 242
1845 22 9 287 498.63
1064 1321 980 376
1846 75 6 253 62.98
103 129 131 586
1847 29 61 288 107.80
300 58 69 70
1848 39 1 43 37.95
59 58 85 443
1849 37 106 284 65.97
116 94 133 632
1850 59 2 180 113.56
186 177 281 1130
1851 70 208 288 470.63
1006 1463 543 446
1852 52 36 241 35.71
99 22 24 18
1853 4 222 276 309.29
686 889 284 308
1854 80 109 288 69.50
123 116 99 686
1855 75 32 277 517.36
1082 1162 1372 613
1856 8 1 166 270.81
354 1395 984 402
1857 73 6 234 529.19
1105 1583 931 413
1858 98 15 270 179.48
438 359 129 162
1859 33 9 288 281.84
380 1365 1150 265
1860 14 83 224 172.56
267 715 623 206
1861 45 54 217 223.21
365 369 1230 811
1862 60 44 167 26.94
49 53 47 206
1863 30 27 274 191.12
254 950 728 262
1864 14 6 178 32.16
39 228 49 39
1865 31 2 204 5.36
6 41 6 9
1866 18 1 169 165.88
303 266 569 873
1867 57 13 288 67.68
93 100 586 103
1868 39 66 159 108.36
301 69 59 67
1869 32 213 287 430.97
931 1305 541 288
1870 5 16 52 257.04
400 639 1465 479
1871 133 34 246 130.64
164 947 160 96
1872 72 162 287 141.91
189 576 714 230
1873 72 201 288 38.49
65 79 73 343
1874 109 83 287 235.56
522 731 179 154
1875 79 26 278 64.60
107 124 82 712
1876 39 28 263 16.99
29 27 26 183
1877 130 7 207 23.17
40 40 34 237
1878 10 29 287 308.26
370 1461 1525 490
1879 36 36 131 437.60
908 1488 491 443
1880 38 77 271 66.18
186 36 38 25
1881 90 103 288 74.91
109 449 107 97
1882 12 41 125 403.07
952 1003 261 274
1883 42 41 288 95.56
163 173 149 963
1884 31 20 237 156.40
363 419 102 105
1885 114 118 281 1.60
2 3 14 3
1886 59 134 285 242.97
682 104 155 158
1887 15 153 273 89.75
103 654 155 101
1888 14 0 106 321.60
527 1119 991 953
1889 8 225 287 148.47
417 74 89 73
1890 110 106 276 87.87
157 398 123 97
1891 146 13 182 8.26
12 17 15 102
1892 21 226 287 275.18
358 1266 1222 443
1893 22 5 113 166.28
307 753 162 187
1894 17 5 128 2.33
4 4 4 23
1895 101 1 125 64.15
182 28 32 31
1896 14 50 232 10.80
30 7 6 6
1897 7 0 279 81.59
161 96 126 674
1898 122 68 287 14.42
41 5 8 8
1899 7 3 81 135.06
385 61 57 54
1900 46 6 175 490.65
1323 499 279 279
1901 29 1 284 3.91
11 2 2 2
1902 21 35 194 4.31
7 7 10 44
1903 20 3 112 85.47
243 40 38 35
1904 69 56 179 196.39
299 966 498 268
1905 12 38 186 390.98
1071 301 225 272
1906 17 58 201 74.04
210 36 35 29
1907 75 41 208 324.80
913 209 123 151
1908 3 76 196 256.29
426 1257 432 295
1909 102 104 239 450.43
1018 1016 701 444
1910 105 49 287 238.20
421 353 1102 968
1911 93 6 277 38.61
69 82 75 279
1912 11 34 204 60.11
83 161 420 70
1913 34 13 245 30.82
37 220 46 40
1914 13 26 173 355.85
1014 168 125 176
1915 4 258 281 115.86
162 265 845 172
1916 61 74 219 47.29
56 358 54 44
1917 11 1 65 102.78
152 408 452 113
1918 7 17 241 65.61
84 112 430 417
1919 81 83 277 108.90
310 49 50 42
1920 60 82 242 13.62
21 18 105 21
1921 115 45 212 71.52
197 55 40 37
1922 95 153 277 61.36
104 107 122 587
1923 5 77 279 78.48
141 150 139 634
1924 16 0 104 168.99
274 297 685 1086
1925 21 15 276 112.27
144 642 354 122
1926 7 36 198 122.57
195 244 511 726
1927 63 187 288 133.96
233 283 285 1013
1928 46 6 149 84.50
84 704 95 114
1929 158 42 287 70.86
201 33 35 29
1930 13 56 166 29.92
55 39 56 273
1931 11 1 63 120.41
196 164 272 1338
1932 72 23 287 354.58
974 269 213 203
1933 43 152 215 133.04
228 253 344 1016
1934 49 35 129 11.27
16 18 16 169
1935 77 0 264 2.96
5 5 6 29
1936 28 0 243 158.45
405 244 112 109
1937 75 16 246 139.86
298 453 133 148
1938 10 2 177 71.35
97 457 105 94
1939 45 0 74 139.25
397 64 56 57
1940 2 121 171 211.05
511 487 109 138
1941 29 7 107 62.96
102 97 342 273
1942 84 66 268 148.42
279 232 341 1025
1943 58 0 156 323.76
928 110 165 110
1944 20 83 208 27.93
48 51 43 276
1945 30 85 182 67.24
109 68 420 288
1946 115 3 218 5.67
10 7 8 64
1947 42 36 248 137.63
379 95 92 75
1948 112 41 285 26.44
47 34 44 276
1949 20 25 237 315.41
564 715 1174 1018
1950 14 17 124 404.60
842 941 1073 441
1951 59 38 286 75.78
104 101 578 306
1952 24 208 239 33.41
48 70 233 72
1953 14 157 229 19.64
29 33 142 46
1954 10 4 265 181.88
259 405 707 1476
1955 63 32 160 63.17
65 508 82 87
1956 8 5 223 80.83
97 350 459 110
1957 61 4 222 70.18
140 108 90 519
1958 23 89 278 85.96
107 283 559 189
1959 50 94 281 68.15
82 497 86 86
1960 57 149 230 245.59
464 914 436 329
1961 30 59 288 231.14
653 100 130 123
1962 17 25 199 122.59
181 163 898 392
1963 28 1 61 126.12
200 168 667 723
1964 19 8 174 83.85
183 250 86 80
1965 191 38 279 13.27
24 25 23 107
1966 35 61 281 29.41
41 34 273 28
1967 8 9 257 86.06
111 117 804 145
1968 10 12 179 11.27
31 8 6 9
1969 79 80 225 1.20
2 3 3 8
1970 33 8 260 6.75
19 3 4 4
1971 8 62 80 326.02
690 1197 205 197
1972 15 51 288 263.56
479 368 1166 1061
1973 110 167 287 21.60
58 20 16 14
1974 28 83 276 320.96
494 1137 1043 1230
1975 3 41 250 123.82
159 217 1056 274
1976 15 47 272 106.13
180 161 519 470
1977 4 118 262 236.83
412 280 1120 1219
1978 28 10 272 75.64
140 135 108 634
1979 6 62 287 423.37
1092 669 203 295
1980 92 89 261 138.99
289 492 125 136
1981 65 23 251 257.35
423 456 1364 921
1982 54 141 287 171.03
438 284 92 102
1983 19 200 288 467.34
715 1622 1593 1803
1984 28 35 180 27.38
41 59 56 301
1985 164 14 202 366.34
1008 274 192 254
1986 25 172 271 37.57
108 16 11 15
1987 19 13 173 63.26
81 76 571 185
1988 11 20 173 169.69
204 1057 486 214
1989 74 117 285 199.59
345 1027 191 191
1990 40 23 233 413.68
1009 819 305 391
1991 6 3 220 44.09
126 16 20 22
1992 23 1 227 114.48
213 162 455 488
1993 20 0 45 451.15
1283 193 201 234
1994 32 4 157 199.50
340 291 814 1219
1995 76 122 278 587.46
1310 1029 1440 664
1996 18 193 288 451.30
1188 598 288 181
1997 79 9 282 13.62
23 28 20 133
1998 31 40 287 332.94
851 510 235 238
1999 96 151 288 102.41
164 125 334 1014
