288
0 0.04546
1 0.04546
2 0.04546
3 0.04546
4 0.04546
5 0.04546
6 0.04543
7 0.04543
8 0.04543
9 0.04543
10 0.04543
11 0.04543
12 0.04543
13 0.04543
14 0.04543
15 0.04543
16 0.04543
17 0.04543
18 0.04402
19 0.04402
20 0.04402
21 0.04402
22 0.04402
23 0.04402
24 0.04546
25 0.04546
26 0.04546
27 0.04546
28 0.04546
29 0.04546
30 0.04546
31 0.04546
32 0.04546
33 0.04546
34 0.04546
35 0.04546
36 0.04543
37 0.04543
38 0.04543
39 0.04543
40 0.04543
41 0.04543
42 0.04543
43 0.04543
44 0.04543
45 0.04543
46 0.04543
47 0.04543
48 0.04543
49 0.04543
50 0.04543
51 0.04543
52 0.04543
53 0.04543
54 0.04543
55 0.04543
56 0.04543
57 0.04543
58 0.04543
59 0.04543
60 0.04543
61 0.04543
62 0.04543
63 0.04543
64 0.04543
65 0.04543
66 0.04546
67 0.04546
68 0.04546
69 0.04546
70 0.04546
71 0.04546
72 0.04310
73 0.04310
74 0.04310
75 0.04310
76 0.04310
77 0.04310
78 0.04310
79 0.04310
80 0.04310
81 0.04310
82 0.04310
83 0.04310
84 0.04487
85 0.04487
86 0.04487
87 0.04487
88 0.04487
89 0.04487
90 0.04727
91 0.04727
92 0.04727
93 0.04727
94 0.04727
95 0.04727
96 0.04595
97 0.04595
98 0.04595
99 0.04595
100 0.04595
101 0.04595
102 0.04727
103 0.04727
104 0.04727
105 0.04727
106 0.04727
107 0.04727
108 0.05749
109 0.05749
110 0.05749
111 0.05749
112 0.05749
113 0.05749
114 0.05749
115 0.05749
116 0.05749
117 0.05749
118 0.05749
119 0.05749
120 0.05970
121 0.05970
122 0.05970
123 0.05970
124 0.05970
125 0.05970
126 0.05970
127 0.05970
128 0.05970
129 0.05970
130 0.05970
131 0.05970
132 0.05970
133 0.05970
134 0.05970
135 0.05970
136 0.05970
137 0.05970
138 0.05970
139 0.05970
140 0.05970
141 0.05970
142 0.05970
143 0.05970
144 0.05749
145 0.05749
146 0.05749
147 0.05749
148 0.05749
149 0.05749
150 0.05970
151 0.05970
152 0.05970
153 0.05970
154 0.05970
155 0.05970
156 0.05749
157 0.05749
158 0.05749
159 0.05749
160 0.05749
161 0.05749
162 0.05641
163 0.05641
164 0.05641
165 0.05641
166 0.05641
167 0.05641
168 0.05617
169 0.05617
170 0.05617
171 0.05617
172 0.05617
173 0.05617
174 0.05617
175 0.05617
176 0.05617
177 0.05617
178 0.05617
179 0.05617
180 0.05617
181 0.05617
182 0.05617
183 0.05617
184 0.05617
185 0.05617
186 0.05749
187 0.05749
188 0.05749
189 0.05749
190 0.05749
191 0.05749
192 0.05749
193 0.05749
194 0.05749
195 0.05749
196 0.05749
197 0.05749
198 0.05970
199 0.05970
200 0.05970
201 0.05970
202 0.05970
203 0.05970
204 0.06811
205 0.06811
206 0.06811
207 0.06811
208 0.06811
209 0.06811
210 0.06183
211 0.06183
212 0.06183
213 0.06183
214 0.06183
215 0.06183
216 0.13380
217 0.13380
218 0.13380
219 0.13380
220 0.13380
221 0.13380
222 0.14983
223 0.14983
224 0.14983
225 0.14983
226 0.14983
227 0.14983
228 0.20214
229 0.20214
230 0.20214
231 0.20214
232 0.20214
233 0.20214
234 0.13472
235 0.13472
236 0.13472
237 0.13472
238 0.13472
239 0.13472
240 0.07116
241 0.07116
242 0.07116
243 0.07116
244 0.07116
245 0.07116
246 0.06514
247 0.06514
248 0.06514
249 0.06514
250 0.06514
251 0.06514
252 0.05749
253 0.05749
254 0.05749
255 0.05749
256 0.05749
257 0.05749
258 0.04595
259 0.04595
260 0.04595
261 0.04595
262 0.04595
263 0.04595
264 0.04487
265 0.04487
266 0.04487
267 0.04487
268 0.04487
269 0.04487
270 0.04310
271 0.04310
272 0.04310
273 0.04310
274 0.04310
275 0.04310
276 0.04310
277 0.04310
278 0.04310
279 0.04310
280 0.04310
281 0.04310
282 0.04310
283 0.04310
284 0.04310
285 0.04310
286 0.04310
287 0.04310
