5
4
80
0 170 0.1 0.1
2156 2081 2182 2061
1 190 0.1 0.0
2075 2148 2162 2089
2 190 0.1 0.0
2139 2213 2079 2069
3 170 0.1 0.1
2204 2201 2066 2169
4 120 0.1 0.1
2108 2143 2114 2127
5 170 0.1 0.1
2078 2179 2144 2046
6 130 0.0 0.1
2090 2093 2092 2109
7 130 0.0 0.1
2116 2119 2056 2069
8 190 0.1 0.0
2142 2122 2100 2194
9 170 0.1 0.1
2117 2135 2173 2131
10 120 0.1 0.1
2123 2182 2127 2026
11 130 0.0 0.1
2091 2109 2099 2117
12 170 0.1 0.1
2048 2175 2104 2169
13 120 0.1 0.1
2172 2168 2012 2051
14 120 0.1 0.1
2142 2074 2188 2110
15 130 0.0 0.1
2056 2137 2140 2151
16 170 0.1 0.1
2169 2120 2163 2102
17 150 0.1 0.1
2037 2123 2081 2069
18 120 0.1 0.1
2109 2134 2206 2150
19 120 0.1 0.1
2121 2111 2072 2052
20 190 0.1 0.0
2158 2193 2170 2158
21 130 0.0 0.1
2203 2175 2068 2193
22 170 0.1 0.1
2154 2117 2089 2177
23 190 0.1 0.0
2122 2116 2081 2100
24 150 0.1 0.1
2149 2094 2069 2127
25 130 0.0 0.1
2109 2114 2178 2169
26 120 0.1 0.1
2143 2119 2149 2207
27 170 0.1 0.1
2139 2146 2129 2153
28 120 0.1 0.1
2229 2176 2261 2059
29 120 0.1 0.1
2164 2096 2131 2125
30 190 0.1 0.0
2106 2150 2121 2061
31 150 0.1 0.1
2171 2152 2139 2223
32 130 0.0 0.1
2078 2134 2067 2170
33 150 0.1 0.1
2117 2156 2122 2170
34 120 0.1 0.1
2103 2213 2151 2064
35 150 0.1 0.1
2141 2201 2111 2101
36 120 0.1 0.1
2144 2242 2128 2107
37 190 0.1 0.0
2103 2196 2152 2187
38 190 0.1 0.0
2113 2128 2124 2147
39 120 0.1 0.1
2092 2140 2123 2168
40 130 0.0 0.1
2051 2174 2139 2088
41 150 0.1 0.1
2211 2192 2129 2100
42 120 0.1 0.1
2134 2138 2131 2189
43 170 0.1 0.1
2088 2127 2167 2076
44 150 0.1 0.1
2046 2119 2106 2185
45 170 0.1 0.1
2100 2200 2156 2259
46 170 0.1 0.1
2130 2111 2116 2152
47 120 0.1 0.1
2231 2151 2224 2189
48 120 0.1 0.1
2184 2074 2103 2147
49 150 0.1 0.1
2170 2221 2025 2137
50 170 0.1 0.1
2191 2036 2144 2085
51 120 0.1 0.1
2090 2039 2123 2093
52 170 0.1 0.1
2183 2156 2053 2043
53 170 0.1 0.1
2097 2168 2197 2098
54 120 0.1 0.1
2083 2133 2150 2109
55 170 0.1 0.1
2166 2114 2110 2121
56 150 0.1 0.1
2140 2208 2075 2210
57 120 0.1 0.1
2092 2096 2080 2070
58 120 0.1 0.1
2215 2085 2037 2024
59 170 0.1 0.1
2196 2155 2158 2084
60 120 0.1 0.1
2138 2085 2050 2158
61 120 0.1 0.1
2112 2084 2084 2097
62 130 0.0 0.1
2135 2080 2102 2136
63 120 0.1 0.1
2167 2105 2124 2064
64 170 0.1 0.1
2117 2100 2075 2157
65 190 0.1 0.0
2210 2140 2061 2137
66 120 0.1 0.1
2071 2153 2108 2137
67 120 0.1 0.1
2092 2149 2148 1997
68 120 0.1 0.1
2184 2151 2164 2081
69 190 0.1 0.0
2126 2134 2104 2181
70 190 0.1 0.0
2170 2198 2080 2058
71 150 0.1 0.1
2076 2185 2062 2100
72 170 0.1 0.1
2157 2159 2133 2146
73 150 0.1 0.1
2089 2039 2116 2113
74 120 0.1 0.1
2145 2156 2154 2118
75 190 0.1 0.0
2099 2167 2122 2135
76 170 0.1 0.1
2175 2033 2115 2182
77 130 0.0 0.1
2093 2079 2160 2075
78 190 0.1 0.0
2148 2169 2162 2098
79 120 0.1 0.1
2079 2116 2079 2172
2000
0 36 137 277 247.18
700 115 112 157
1 31 2 262 60.82
65 476 87 78
2 5 38 167 55.56
81 85 348 281
3 54 3 124 142.99
188 624 683 219
4 21 69 230 552.94
1113 1348 1410 1101
5 123 6 224 6.55
10 10 50 9
6 26 1 176 144.98
250 226 583 830
7 104 35 288 21.67
39 30 37 213
8 60 21 287 1.27
2 2 9 2
9 45 82 287 214.89
518 473 154 172
10 22 88 271 60.96
75 450 60 76
11 1 98 277 133.38
174 792 346 176
12 29 12 211 268.17
366 1179 1113 533
13 65 39 287 109.95
185 226 202 1010
14 24 182 226 583.68
1175 1631 1502 509
15 41 103 181 410.85
1168 185 187 215
16 4 63 238 108.49
309 48 51 48
17 9 124 287 82.07
108 151 631 268
18 26 68 154 48.82
86 87 67 480
19 14 204 253 243.21
329 889 1400 284
20 108 143 287 73.92
209 38 34 40
21 26 50 288 71.53
203 32 36 36
22 87 81 288 668.48
1431 1460 1635 783
23 84 201 288 130.19
203 250 440 1072
24 47 47 287 41.99
75 75 73 367
25 40 47 288 179.69
321 319 582 1037
26 48 1 177 429.78
1212 239 198 221
27 50 13 178 126.62
172 496 669 158
28 48 0 236 50.25
90 90 95 420
29 13 165 287 313.42
478 702 1492 1565
30 177 97 287 168.37
476 81 88 87
31 28 123 288 93.95
142 149 586 394
32 238 16 288 140.87
389 97 92 78
33 149 40 252 4.81
7 29 7 6
34 116 16 242 315.53
511 616 1512 1411
35 24 4 239 300.39
855 138 130 148
36 120 15 239 100.29
281 58 58 47
37 27 4 198 286.06
816 128 113 148
38 7 130 269 285.17
809 152 122 118
39 36 1 117 66.03
187 30 35 34
40 10 225 288 524.90
1294 1094 309 337
41 18 54 251 258.03
606 645 205 159
42 92 74 279 106.31
169 144 731 267
43 61 2 233 10.66
14 69 17 17
44 39 29 94 512.27
979 1530 1320 879
45 32 9 191 98.32
174 168 134 979
46 53 161 288 72.47
119 100 415 290
47 12 210 249 192.13
311 333 885 1059
48 138 52 287 33.65
47 58 272 57
49 82 10 287 25.15
44 43 48 230
50 42 25 287 78.71
118 391 207 113
51 81 12 113 425.79
1103 632 277 240
52 5 5 162 224.21
326 742 1207 344
53 39 1 286 50.32
75 79 313 230
54 28 179 254 35.83
58 53 65 425
55 58 24 240 29.94
80 31 21 20
56 91 37 215 323.96
804 600 242 256
57 17 5 109 8.81
12 12 80 11
58 98 8 195 74.60
113 223 407 112
59 49 168 287 127.42
199 254 307 1264
60 36 22 244 243.26
685 125 131 132
61 77 2 103 115.49
169 154 945 200
62 31 166 286 192.89
282 385 1354 403
63 49 162 279 55.21
100 77 79 562
64 21 104 263 163.53
214 495 1140 203
65 142 12 284 592.28
1378 1267 834 461
66 87 76 229 120.77
175 169 1002 182
67 45 38 266 2.30
3 3 22 3
68 65 45 120 65.26
181 38 43 45
69 93 83 281 239.47
623 311 181 181
70 25 193 249 220.55
516 568 163 138
71 96 49 242 138.15
203 873 127 168
72 37 34 138 132.14
295 399 98 104
73 45 177 287 2.16
3 3 19 3
74 37 11 256 661.43
1418 1587 1499 556
75 45 24 288 135.35
233 242 277 1222
76 67 58 287 35.18
67 51 53 301
77 63 64 258 131.74
369 68 77 86
78 42 58 219 96.44
237 184 77 83
79 70 40 245 118.45
333 62 60 76
80 39 9 153 111.52
316 52 59 51
81 38 145 258 82.61
234 39 40 45
82 58 40 283 85.38
117 552 117 108
83 34 20 254 76.27
112 110 581 188
84 32 49 265 78.74
121 166 534 93
85 55 2 132 22.38
38 36 35 243
86 129 9 202 106.45
303 49 44 56
87 8 0 275 49.97
76 72 304 240
88 16 13 201 10.26
16 13 79 16
89 24 4 34 499.21
1291 719 336 356
90 26 1 172 22.36
39 42 36 208
91 58 39 288 107.67
188 186 172 1051
92 75 187 286 4.56
13 2 2 2
93 29 1 157 28.74
40 189 29 39
94 16 57 288 64.22
76 487 68 74
95 83 2 98 264.01
400 435 1548 1242
96 37 130 186 167.71
265 283 571 1441
97 73 71 251 145.08
405 82 82 98
98 58 36 249 143.97
220 241 474 1380
99 24 2 206 459.22
821 1456 1511 672
100 46 35 270 58.94
79 183 385 85
101 44 13 271 206.18
581 111 97 119
102 18 5 259 298.89
841 164 146 170
103 13 2 78 263.66
423 522 1365 1010
104 85 71 237 5.66
10 11 10 48
105 7 257 287 364.82
1014 222 223 228
106 56 1 169 340.59
957 180 202 162
107 60 189 273 161.70
221 535 972 243
108 87 118 241 29.42
52 44 52 289
109 63 103 282 401.53
870 1243 428 334
110 20 141 189 131.20
213 733 130 146
111 53 162 227 187.09
252 748 964 267
112 75 153 259 16.58
26 91 23 23
113 33 21 215 337.61
954 159 176 192
114 13 1 244 761.84
1679 1458 1626 1311
115 14 59 150 379.97
829 1204 322 319
116 5 27 136 22.45
30 31 205 33
117 15 187 288 518.07
862 1700 1739 1416
118 106 69 249 64.62
103 124 134 670
119 25 1 69 66.97
89 308 284 114
120 1 174 288 216.25
368 306 992 1155
121 4 4 114 108.18
197 164 212 933
122 12 41 171 14.58
21 91 18 18
123 31 140 266 397.77
736 1519 811 456
124 54 48 215 65.54
112 94 297 347
125 49 9 170 121.12
341 58 71 68
126 36 71 231 141.67
202 361 978 166
127 42 27 194 236.16
296 1284 872 317
128 29 210 261 501.49
1356 526 285 224
129 19 16 185 39.83
51 273 56 51
130 17 199 287 87.45
116 591 118 91
131 3 181 263 73.85
128 133 124 706
132 78 67 236 83.81
126 123 630 176
133 102 6 270 21.86
36 43 42 214
134 51 191 287 255.14
729 115 110 94
135 72 129 283 26.98
76 14 14 15
136 18 69 283 137.02
223 195 607 914
137 32 90 266 73.31
130 114 119 722
138 16 140 286 110.39
152 522 426 155
139 79 68 287 371.12
915 754 231 270
140 45 67 197 48.33
61 336 67 62
141 5 3 234 131.38
173 501 749 172
142 1 99 251 40.77
72 58 60 434
143 90 11 190 96.84
179 138 181 842
144 9 124 280 82.42
133 183 170 759
145 3 72 287 647.37
1429 1724 914 562
146 11 35 173 98.81
160 187 203 1001
147 31 10 52 78.06
169 262 63 46
148 18 0 20 244.50
473 1031 246 205
149 32 121 288 159.80
250 204 1046 601
150 14 3 79 23.98
44 41 46 190
151 35 3 201 76.58
111 134 601 103
152 11 41 268 41.28
56 277 46 51
153 53 92 288 62.23
105 97 106 677
154 90 76 287 124.67
354 60 54 65
155 10 43 275 99.45
276 66 52 69
156 28 117 261 39.38
48 290 43 49
157 9 21 192 85.85
121 122 727 142
158 135 105 287 273.13
614 808 187 237
159 38 12 226 48.94
138 24 26 28
160 118 140 288 338.62
956 159 191 177
161 46 96 221 75.21
139 129 136 598
162 78 43 243 90.76
256 48 41 55
163 26 8 268 493.18
932 1279 1597 923
164 13 46 235 71.13
115 135 141 732
165 102 13 287 14.68
27 26 24 121
166 9 8 116 592.68
1550 861 321 314
167 27 3 129 428.37
1199 243 242 243
168 66 136 262 248.47
547 789 172 212
169 25 39 285 5.49
10 10 10 44
170 30 1 267 242.25
498 930 165 224
171 40 1 120 82.78
234 44 36 45
172 20 86 288 3.01
4 20 4 4
173 71 105 287 1.13
2 2 2 10
174 30 84 216 361.68
1014 203 192 213
175 21 105 288 9.13
12 14 82 15
176 5 9 280 162.73
273 279 535 1201
177 42 11 96 664.95
1484 1671 955 618
178 116 15 168 50.32
141 30 24 31
179 53 23 287 601.72
1191 1588 1763 660
180 104 122 279 15.85
29 21 24 158
181 116 31 244 245.11
612 422 213 178
182 9 12 274 93.65
265 53 39 41
183 65 65 272 116.12
200 216 218 1061
184 84 149 280 75.31
123 136 150 777
185 6 26 239 101.70
286 51 63 48
186 194 17 258 441.07
1232 295 222 206
187 2 13 55 267.89
390 485 1526 1441
188 93 3 149 78.24
110 354 312 106
189 192 13 286 32.24
57 57 67 270
190 10 114 223 93.91
144 157 686 140
191 141 59 258 38.58
55 243 49 46
192 83 12 205 173.94
364 594 177 175
193 58 36 282 3.90
7 7 7 33
194 38 2 164 23.60
36 40 176 29
195 22 49 127 263.24
690 349 162 179
196 47 8 126 344.28
656 1146 813 413
197 11 24 256 292.59
765 388 215 156
198 247 10 287 111.87
310 67 75 73
199 73 40 261 42.71
53 184 235 55
200 37 79 287 15.73
23 23 128 23
201 53 3 142 106.35
191 187 159 976
202 55 112 265 313.23
878 195 148 166
203 43 10 141 1.62
3 3 3 12
204 120 97 231 111.59
192 200 187 1090
205 34 5 260 406.67
1138 254 206 212
206 6 7 238 51.76
58 379 90 75
207 13 0 85 584.76
1045 1952 1486 1444
208 53 62 249 713.35
1682 1317 1136 607
209 27 20 149 150.05
202 996 185 204
210 10 72 273 235.06
652 156 139 136
211 7 119 166 128.21
172 862 150 166
212 22 55 243 243.58
406 417 923 1592
213 21 74 254 596.83
1271 1330 1461 710
214 30 131 278 132.04
366 77 91 86
215 68 0 180 228.53
339 427 1138 1429
216 8 133 263 98.16
124 610 254 106
217 165 42 268 164.05
463 80 95 74
218 7 0 164 85.95
138 180 181 826
219 103 2 184 49.69
72 69 417 67
220 21 16 217 344.44
510 1395 1345 653
221 48 44 215 213.83
598 109 138 131
222 66 46 279 29.17
38 141 123 41
223 18 122 170 300.67
631 1090 237 226
224 21 20 288 14.42
18 103 18 17
225 138 27 246 26.25
43 48 55 262
226 133 102 287 47.27
79 96 106 407
227 1 60 277 38.44
56 48 331 47
228 53 9 159 2.42
4 5 5 22
229 40 5 108 258.80
362 1095 1151 366
230 48 92 179 298.46
849 141 127 147
231 105 106 287 127.16
316 234 91 107
232 45 151 288 385.37
541 1292 1597 1767
233 16 199 288 85.90
98 652 114 102
234 125 98 284 61.71
72 451 90 87
235 7 22 249 33.32
60 55 63 288
236 61 7 192 419.84
1124 458 247 275
237 25 74 269 215.38
326 554 1249 448
238 9 157 287 53.21
74 333 77 77
239 79 41 163 573.77
1280 1334 1000 512
240 3 51 283 414.23
815 1385 869 337
241 17 16 278 267.28
628 667 196 197
242 61 133 287 58.82
165 32 31 37
243 1 82 276 269.30
425 496 1460 1110
244 55 69 252 40.30
65 57 227 181
245 16 7 217 15.19
26 24 28 155
246 29 31 284 140.82
401 68 54 71
247 89 115 280 15.52
44 8 7 7
248 17 107 267 201.67
574 93 87 99
249 34 90 201 110.11
159 539 343 160
250 49 46 176 0.59
1 1 1 6
251 20 154 241 124.86
216 228 404 801
252 53 58 279 67.23
96 87 576 106
253 22 3 132 22.14
62 11 14 14
254 72 119 279 389.18
598 1243 1504 1464
255 37 24 258 89.82
181 351 84 70
256 114 8 287 73.97
144 307 75 63
257 58 40 255 211.44
327 317 1153 1169
258 11 23 149 313.30
589 1319 392 355
259 60 0 216 136.93
208 250 554 1061
260 159 54 281 51.99
80 107 85 603
261 5 7 187 191.90
548 74 90 98
262 29 172 287 380.79
1044 318 230 186
263 23 91 252 71.53
204 28 34 38
264 7 112 281 196.69
524 240 108 104
265 76 4 252 78.36
145 124 106 723
266 5 27 236 304.78
858 165 157 158
267 45 91 273 25.03
40 50 52 252
268 142 13 210 399.27
1085 387 194 264
269 180 63 269 450.28
1210 462 292 265
270 78 157 271 126.27
150 640 606 145
271 33 40 280 529.74
1314 1031 377 316
272 25 61 240 151.63
434 61 63 72
273 41 176 280 16.93
22 118 21 17
274 12 242 287 746.70
1735 1620 1020 608
275 119 86 275 132.09
233 194 235 1311
276 118 0 269 552.33
1431 800 357 373
277 21 53 201 81.30
232 34 37 38
278 4 7 273 60.61
78 410 92 75
279 134 55 259 427.73
1086 744 275 229
280 3 102 287 30.81
52 54 73 276
281 38 10 197 167.38
475 73 85 89
282 25 22 87 187.34
279 407 1193 465
283 105 1 209 168.35
228 316 1124 781
284 8 74 288 580.23
1329 1520 546 451
285 40 40 203 115.21
324 61 64 59
286 31 28 284 110.56
181 193 187 1221
287 12 6 199 661.36
1446 1383 1533 705
288 38 5 225 268.15
431 649 1199 1040
289 6 21 203 140.38
247 243 439 913
290 30 15 168 38.72
47 289 43 38
291 52 27 246 29.49
45 39 235 39
292 130 22 219 39.94
53 272 47 49
293 76 1 256 89.87
147 191 183 830
294 113 163 288 110.58
195 189 203 1006
295 57 27 155 191.36
331 334 675 1163
296 6 43 205 102.52
143 277 695 143
297 127 64 285 25.03
46 39 41 223
298 70 38 270 169.07
398 434 105 116
299 69 9 219 228.37
648 107 114 104
300 98 38 273 13.83
25 25 25 114
301 20 4 39 109.22
308 56 60 51
302 17 236 288 119.57
180 518 419 180
303 26 61 199 146.18
240 231 922 328
304 37 12 259 277.47
488 1287 409 305
305 5 31 168 92.62
111 695 99 107
306 112 89 285 190.94
529 133 100 126
307 11 96 266 53.49
90 109 100 491
308 8 211 275 282.82
807 114 128 148
309 7 18 178 69.41
103 126 513 110
310 138 127 277 370.13
1003 363 219 193
311 25 23 174 340.50
866 583 201 225
312 9 106 288 535.68
1017 1741 1310 731
313 144 10 265 263.07
419 669 1145 1040
314 44 139 266 1.88
3 4 11 4
315 245 1 255 36.26
49 238 49 46
316 66 26 287 253.63
721 110 133 111
317 5 104 249 440.39
885 1409 894 349
318 42 199 287 238.79
327 685 1420 696
319 40 79 280 70.56
131 105 160 536
320 80 97 286 215.99
592 183 118 125
321 21 45 153 59.72
99 97 306 254
322 39 189 275 136.79
384 82 68 67
323 25 186 238 505.44
1372 548 222 228
324 33 133 244 584.53
1087 1843 1592 961
325 120 116 276 10.54
20 17 19 80
326 21 50 283 142.44
232 210 834 520
327 16 1 278 83.06
97 620 102 115
328 46 123 241 412.63
1109 468 213 216
329 102 37 237 17.12
26 26 131 25
330 17 182 281 162.80
196 885 637 260
331 1 7 268 718.75
1476 1720 1664 1456
332 6 3 248 146.79
413 82 74 75
333 44 111 287 271.55
761 147 154 161
334 26 43 121 737.87
1635 1518 1501 976
335 73 18 111 145.52
415 65 61 70
336 79 56 270 172.39
258 340 722 1265
337 62 157 288 63.97
182 31 26 31
338 46 19 288 17.47
30 31 32 167
339 89 77 273 148.81
205 580 771 185
340 13 1 51 273.05
769 155 136 125
341 52 3 68 48.02
80 90 96 463
342 77 20 225 7.66
22 3 3 3
343 119 2 158 8.50
15 16 17 70
344 12 149 169 120.07
145 802 260 157
345 59 153 288 274.39
389 867 1490 658
346 23 10 287 525.63
1184 1210 893 392
347 42 127 287 84.61
148 152 162 751
348 57 74 233 4.09
6 25 5 5
349 91 47 228 366.70
1010 255 232 247
350 58 10 170 359.26
776 1163 331 284
351 145 24 288 239.83
349 898 1153 327
352 25 14 81 94.38
174 146 180 785
353 16 0 280 25.74
30 190 34 38
354 71 25 242 501.30
1167 1208 456 474
355 33 26 173 27.62
46 37 188 45
356 10 67 258 139.60
372 154 90 95
357 10 1 80 478.22
1182 928 379 275
358 109 15 259 2.63
3 20 3 4
359 33 1 222 25.53
46 43 45 224
360 2 0 137 144.98
205 239 1206 175
361 7 207 263 520.96
1123 1517 728 456
362 55 6 257 160.88
244 239 1098 522
363 9 11 163 25.50
44 44 67 204
364 52 88 209 571.33
1154 1537 1436 691
365 18 173 284 309.19
488 638 1511 1399
366 51 112 287 508.37
1311 782 308 333
367 42 67 256 140.82
204 267 1077 186
368 4 48 87 58.87
104 95 101 564
369 119 45 288 111.26
195 179 219 1033
370 10 218 287 177.22
253 617 943 268
371 65 4 113 347.47
467 1406 1578 885
372 9 15 127 502.88
1013 1525 1079 500
373 5 202 275 153.41
434 80 69 79
374 23 107 286 13.34
22 16 95 22
375 8 1 287 221.21
370 328 1098 1060
376 96 17 248 7.58
13 13 45 12
377 137 1 265 55.49
90 81 318 224
378 38 201 287 47.72
64 76 420 68
379 16 90 258 16.44
23 22 144 24
380 76 7 288 231.42
649 136 114 133
381 49 8 204 303.96
474 874 1469 748
382 8 124 180 101.02
176 156 163 1044
383 11 233 274 459.18
1234 465 297 289
384 10 84 136 117.55
331 64 58 64
385 84 36 277 60.77
171 31 33 35
386 122 100 278 140.24
399 64 63 68
387 19 1 85 137.33
389 66 70 64
388 37 14 274 41.12
66 77 64 468
389 32 2 230 15.92
21 24 145 22
390 7 121 195 23.46
38 50 51 215
391 83 35 288 243.54
694 95 126 118
392 55 176 281 28.93
54 47 53 229
393 9 185 260 17.28
26 22 139 28
394 46 178 253 25.08
44 48 52 204
395 21 179 241 87.47
150 122 305 649
396 72 18 133 87.05
120 489 220 120
397 135 75 277 289.56
482 541 1332 1296
398 18 188 244 71.69
94 104 657 111
399 159 48 237 12.99
25 19 24 98
400 40 58 199 54.10
84 80 407 74
401 15 5 266 213.08
303 783 1091 301
402 7 4 114 48.00
83 91 90 429
403 6 0 267 17.31
28 36 35 167
404 17 52 245 131.81
206 214 501 1085
405 63 47 270 268.01
391 1053 1231 318
406 26 57 258 35.18
43 250 49 48
407 4 72 262 468.76
1344 173 229 169
408 8 152 235 105.51
189 177 144 1028
409 4 56 237 75.87
101 505 95 112
410 95 63 287 394.69
1115 206 185 210
411 152 1 235 78.27
108 124 643 163
412 22 7 245 133.85
199 272 516 1066
413 25 57 265 60.91
101 85 376 173
414 72 5 207 185.11
248 928 671 285
415 10 141 237 37.57
68 69 59 323
416 81 19 235 7.12
20 4 4 3
417 67 20 152 46.61
60 329 53 52
418 109 14 287 189.97
299 328 1193 534
419 124 46 241 167.48
258 281 1004 669
420 1 5 109 277.19
458 427 1427 1257
421 3 28 208 62.44
102 132 112 611
422 41 85 169 1.57
3 3 3 10
423 59 7 103 275.92
422 1471 582 265
424 3 3 117 171.21
223 1074 374 199
425 39 10 149 271.22
761 128 175 162
426 20 90 288 540.45
1294 1255 389 356
427 25 8 42 149.61
427 69 57 72
428 135 12 258 25.43
46 36 46 239
429 1 63 237 297.55
598 1182 232 289
430 179 0 185 6.48
9 10 55 10
431 44 46 112 330.54
451 1657 1193 405
432 61 126 288 260.56
386 951 1176 487
433 15 45 183 184.46
315 259 795 1078
434 12 16 58 30.08
41 41 269 46
435 27 144 261 159.87
261 275 498 1333
436 88 10 209 26.84
40 37 219 34
437 34 145 284 141.44
268 222 302 1001
438 37 34 277 4.02
7 7 8 36
439 49 100 274 198.29
551 124 112 134
440 177 85 287 49.69
138 31 30 31
441 65 110 211 102.24
166 165 345 845
442 45 66 172 35.15
53 56 126 335
443 3 94 264 278.27
395 590 1709 1132
444 58 4 193 173.89
263 557 923 206
445 30 1 220 115.25
155 189 985 201
446 8 92 248 193.19
232 754 1221 275
447 86 173 288 241.07
680 117 132 131
448 107 112 288 120.35
191 680 139 133
449 55 15 122 58.00
104 97 111 501
450 63 2 152 479.96
1295 485 281 292
451 54 1 211 60.54
100 105 129 605
452 172 54 287 346.93
876 629 208 207
453 43 29 246 75.12
110 248 413 89
454 24 161 283 30.32
38 46 290 41
455 44 0 228 301.14
437 709 1647 1285
456 33 90 287 79.86
226 43 37 34
457 33 0 96 163.53
280 218 683 1024
458 2 19 215 79.56
133 140 305 496
459 41 88 257 9.77
17 16 18 94
460 80 0 212 198.17
268 1015 686 270
461 60 30 155 495.88
1284 713 351 300
462 110 69 282 4.20
7 9 9 36
463 11 3 185 87.14
122 133 745 114
464 16 9 196 151.56
248 266 505 1174
465 27 6 230 407.87
1140 235 225 254
466 9 125 273 89.12
154 125 161 942
467 138 36 282 171.96
480 96 113 89
468 76 122 268 127.51
214 232 215 1308
469 14 54 281 32.38
89 24 19 23
470 58 83 284 117.20
187 262 295 997
471 37 38 258 118.87
171 770 116 126
472 17 27 191 141.55
233 198 645 882
473 81 50 239 305.51
779 523 165 205
474 81 27 257 5.17
9 8 8 54
475 23 1 200 240.13
380 349 1300 1259
476 10 178 204 556.18
1032 1664 1389 1467
477 4 37 176 208.15
349 270 948 1272
478 141 41 267 147.59
424 53 61 68
479 46 1 127 91.53
133 234 584 166
480 52 17 170 24.16
34 141 49 32
481 151 99 284 109.62
177 172 484 706
482 22 22 131 368.07
502 1284 1728 1338
483 91 90 288 35.29
38 277 50 40
484 11 129 287 103.39
293 47 53 54
485 80 4 176 22.10
38 49 36 190
486 74 12 112 106.40
124 620 394 147
487 37 141 288 487.29
1060 1288 837 373
488 26 14 66 30.48
53 47 49 317
489 15 160 260 145.43
229 346 854 241
490 3 2 105 13.53
38 7 8 7
491 38 0 174 25.41
41 35 181 41
492 68 112 287 60.21
103 93 113 617
493 55 183 288 666.48
1515 1419 1222 471
494 118 66 287 47.53
133 28 25 28
495 62 79 220 62.98
104 112 128 634
496 15 16 70 160.71
256 210 1031 568
497 14 10 189 204.37
298 325 1053 1450
498 102 17 145 292.90
820 174 140 191
499 45 195 287 282.10
478 390 1452 1247
500 76 0 172 12.23
17 20 101 21
501 112 12 178 17.17
48 10 10 9
502 49 39 287 41.96
46 328 57 45
503 74 103 281 522.18
1163 1282 860 389
504 62 170 286 359.24
1013 172 188 224
505 7 6 73 442.58
910 1400 732 443
506 19 92 287 183.99
287 365 814 1094
507 40 0 266 266.46
751 143 133 138
508 14 0 200 33.42
42 235 40 50
509 39 64 287 13.24
24 21 24 117
510 31 46 288 46.68
80 80 101 426
511 38 147 234 50.91
91 80 74 506
512 44 5 149 277.38
387 1171 1264 353
513 29 113 287 363.37
1033 167 158 195
514 90 29 288 69.65
121 153 121 571
515 47 9 84 194.76
313 294 757 1516
516 2 87 228 436.23
825 1358 1270 413
517 30 48 190 164.40
441 193 82 84
518 45 32 219 292.99
806 259 141 134
519 53 48 263 14.84
25 28 21 156
520 5 50 98 210.87
528 406 126 118
521 44 77 212 70.07
126 104 107 694
522 74 185 288 312.29
456 1524 951 441
523 100 142 284 374.85
645 1504 1033 355
524 12 121 263 52.23
99 93 80 399
525 167 8 240 48.30
88 78 83 425
526 94 13 145 431.21
984 1144 418 319
527 15 0 152 235.69
364 336 1244 1445
528 23 128 271 198.62
339 293 846 1141
529 37 102 288 4.67
9 8 21 7
530 6 62 288 61.15
104 95 313 237
531 54 111 287 58.05
75 411 65 59
532 21 107 217 330.07
517 1205 1221 761
533 9 1 287 546.49
1388 935 349 337
534 71 19 278 145.10
236 273 636 784
535 75 36 220 72.75
205 38 40 34
536 126 78 247 140.40
241 244 321 1231
537 3 8 222 412.75
958 1100 276 313
538 50 127 258 47.62
67 77 298 263
539 36 156 268 95.17
142 168 450 661
540 32 106 273 110.11
182 168 301 1035
541 142 19 266 181.29
251 513 1150 367
542 45 58 208 611.58
1463 1345 508 511
543 8 107 286 243.42
311 1019 1235 485
544 51 231 287 167.20
467 103 86 101
545 35 54 166 197.30
256 1214 473 230
546 52 61 288 49.92
84 78 82 552
547 15 4 165 65.89
99 222 342 70
548 126 31 287 545.62
1365 1018 385 301
549 71 65 288 409.77
1153 220 209 230
550 16 0 169 566.28
1417 976 454 441
551 148 1 231 15.83
21 101 27 23
552 4 86 243 239.24
618 351 156 171
553 63 154 275 158.04
449 72 72 84
554 36 96 288 79.14
91 602 104 82
555 20 64 185 108.84
184 191 154 1178
556 90 26 280 135.89
171 894 287 137
557 3 65 277 18.97
21 148 23 24
558 84 42 247 600.19
1533 986 404 331
559 16 96 242 173.79
362 648 127 135
560 6 2 179 37.85
66 66 75 340
561 48 55 250 332.11
747 988 228 265
562 20 22 285 18.72
30 29 129 32
563 15 125 273 40.60
62 65 221 224
564 3 0 81 44.90
76 93 79 411
565 76 1 208 50.06
95 75 78 421
566 44 101 288 10.64
16 15 84 16
567 120 15 259 43.09
75 66 80 427
568 66 39 245 12.23
18 76 14 13
569 14 61 280 207.14
582 117 102 118
570 13 60 287 376.35
883 895 314 352
571 71 194 279 88.44
119 599 104 95
572 152 11 252 25.62
44 46 42 253
573 16 37 288 133.26
164 936 193 185
574 34 5 146 78.38
128 159 124 821
575 4 40 198 40.72
77 74 58 318
576 19 126 288 271.74
762 157 142 149
577 62 92 288 681.49
1398 1768 1673 799
578 90 15 113 562.90
1407 1069 370 326
579 48 1 69 8.48
16 15 13 66
580 132 62 275 344.56
870 606 207 261
581 99 2 216 112.29
161 178 913 168
582 101 87 234 129.51
193 184 724 813
583 85 84 203 455.30
1070 1161 303 320
584 3 148 263 35.95
45 255 47 42
585 31 193 287 107.71
199 168 228 841
586 42 61 287 82.80
143 148 116 848
587 5 0 101 52.32
93 92 78 494
588 7 0 228 120.51
178 649 272 149
589 36 4 84 487.85
1238 814 361 279
590 2 0 116 419.70
965 1110 371 291
591 41 99 288 175.88
270 404 1134 230
592 103 64 190 15.62
43 11 10 10
593 50 193 288 17.12
31 24 31 161
594 68 12 198 228.32
341 419 1189 1314
595 25 140 271 35.69
50 55 292 71
596 38 65 180 274.98
752 215 185 167
597 44 40 269 278.03
584 977 253 227
598 19 2 234 82.05
91 633 106 109
599 60 35 261 20.12
32 38 35 225
600 22 29 235 106.66
302 50 58 48
601 46 108 256 150.17
224 324 1027 233
602 66 63 214 155.81
229 255 997 670
603 11 182 288 169.90
289 270 765 849
604 32 230 287 13.10
19 18 107 24
605 178 1 287 253.87
381 856 1128 653
606 9 227 287 38.98
70 55 74 367
607 25 2 48 79.51
222 49 45 41
608 18 27 281 115.70
180 144 892 191
609 124 57 287 18.25
25 97 55 26
610 1 65 274 635.93
1552 1369 426 394
611 16 28 278 91.16
150 157 162 987
612 45 120 264 90.48
185 329 97 82
613 97 9 239 29.61
50 49 63 288
614 140 73 287 25.67
68 35 12 12
615 67 35 259 32.26
52 57 163 149
616 26 109 259 1.17
2 2 2 12
617 24 3 216 259.32
443 458 1225 1017
618 24 1 249 592.14
1445 1274 418 328
619 27 9 50 139.30
188 240 1187 206
620 34 127 285 73.76
121 119 237 616
621 21 113 206 320.28
505 1560 750 389
622 144 45 287 3.38
4 26 3 4
623 91 109 287 100.01
139 153 840 174
624 1 113 275 277.12
788 130 130 119
625 59 47 261 128.64
166 624 543 196
626 23 0 164 234.12
653 152 111 150
627 9 4 50 8.27
23 5 5 5
628 154 16 288 244.57
407 381 1036 1502
629 72 66 287 225.76
361 672 1098 348
630 43 74 283 63.38
104 102 269 399
631 8 32 245 265.28
656 529 159 208
632 83 106 287 14.30
39 9 12 12
633 7 129 288 93.04
156 194 145 906
634 41 10 222 40.58
54 155 225 57
635 47 83 282 63.14
119 262 82 73
636 17 79 189 207.00
577 118 128 127
637 26 53 116 67.37
190 36 31 39
638 32 29 128 345.85
510 861 1681 1643
639 94 73 191 60.44
96 100 108 714
640 50 58 280 60.47
72 447 73 80
641 39 8 197 528.99
1228 1310 497 411
642 59 0 142 24.12
42 48 49 197
643 102 111 288 245.16
682 150 146 150
644 3 267 287 174.69
244 276 1259 677
645 222 15 254 145.38
407 74 87 97
646 26 195 288 451.29
1193 594 249 236
647 16 0 237 366.44
1024 225 195 204
648 15 43 94 178.30
233 1069 467 190
649 139 88 281 57.95
73 413 70 67
650 7 279 288 89.89
172 399 75 73
651 234 0 246 68.48
190 44 43 38
652 2 0 9 98.60
276 50 67 51
653 5 206 269 70.59
113 114 493 96
654 1 129 223 450.14
685 1569 1698 1476
655 52 10 118 518.14
1291 1015 316 314
656 18 20 207 148.08
187 1012 246 160
657 26 3 152 397.35
1102 261 240 230
658 13 42 183 157.52
217 308 1184 378
659 98 70 287 47.95
69 86 325 168
660 31 16 288 21.44
36 30 144 31
661 145 25 287 99.92
283 47 49 54
662 163 39 286 80.22
120 119 563 253
663 122 25 252 37.81
63 75 66 371
664 71 120 288 298.56
420 1102 1286 956
665 4 126 263 164.68
248 264 990 769
666 2 174 285 27.52
50 55 51 205
667 3 1 287 377.04
564 1340 1461 1218
668 9 201 249 46.75
67 77 382 58
669 3 21 285 44.15
51 334 57 50
670 37 2 63 460.33
803 1467 1562 836
671 12 2 263 617.29
1293 1706 1252 563
672 36 98 208 47.83
70 72 383 75
673 39 28 239 107.39
187 215 177 956
674 26 4 112 0.59
1 1 1 6
675 27 168 264 209.61
311 891 815 269
676 83 80 237 225.13
335 437 1423 740
677 27 164 274 62.70
112 93 116 591
678 13 0 37 216.86
362 328 809 1565
679 13 5 288 219.77
375 322 960 1223
680 220 21 287 141.36
176 1003 193 161
681 127 11 248 25.81
71 16 20 17
682 48 202 287 229.54
311 526 1407 1029
683 63 78 257 124.93
350 77 58 73
684 62 49 148 61.05
87 385 76 75
685 18 61 285 128.24
179 477 660 204
686 85 41 258 54.15
80 90 329 258
687 50 98 262 142.63
263 646 154 146
688 116 24 227 11.46
20 24 18 100
689 34 47 284 128.00
195 256 582 789
690 28 8 108 165.32
470 71 88 71
691 43 12 268 161.94
216 1091 211 177
692 15 67 288 392.51
1068 329 263 250
693 21 11 53 63.99
90 218 371 69
694 50 17 149 142.44
216 223 542 1289
695 3 40 287 182.29
307 929 234 210
696 80 137 287 45.18
75 84 74 474
697 109 100 283 182.08
513 94 89 112
698 140 16 206 45.25
126 24 31 29
699 95 96 238 174.87
263 281 1125 672
700 96 0 197 109.66
198 165 176 1051
701 10 15 184 48.54
66 324 55 61
702 95 43 271 111.31
317 53 50 43
703 27 2 49 23.74
40 45 36 244
704 70 69 287 233.46
662 111 118 105
705 70 2 203 373.75
927 705 274 275
706 2 8 52 45.79
59 323 56 43
707 15 0 181 202.68
285 577 1178 554
708 14 4 146 17.42
24 88 58 26
709 58 75 159 133.83
198 252 553 1065
710 11 33 130 61.13
96 87 457 84
711 67 45 173 167.52
282 289 599 1121
712 241 42 287 138.36
194 247 850 735
713 179 4 271 115.70
193 238 268 975
714 52 56 174 117.69
149 532 589 152
715 101 34 269 25.20
46 48 37 211
716 45 29 206 466.72
1285 406 229 209
717 8 2 283 62.60
105 101 91 711
718 54 17 223 70.89
127 126 93 677
719 3 79 288 203.10
290 534 1269 449
720 22 2 90 5.35
15 3 3 3
721 13 97 193 20.03
24 145 27 28
722 16 74 210 210.99
301 360 1470 751
723 75 105 235 55.30
153 36 36 33
724 12 215 241 543.71
1096 1773 979 533
725 70 1 202 297.83
823 218 174 159
726 108 100 288 98.39
144 140 804 146
727 134 30 284 59.46
108 91 90 567
728 15 155 287 147.05
208 524 787 204
729 9 1 76 305.04
461 715 1444 1503
730 83 55 263 30.83
46 47 241 46
731 21 4 96 73.62
121 122 491 93
732 138 18 279 18.39
29 31 37 210
733 33 2 260 94.89
121 668 117 109
734 17 69 205 52.32
76 91 344 203
735 187 26 265 57.84
162 34 30 33
736 202 18 288 89.02
144 162 144 1001
737 11 20 134 332.58
897 358 176 179
738 159 12 288 86.49
146 160 142 875
739 26 1 271 342.14
495 980 1699 1302
740 24 37 280 332.79
477 1422 1434 360
741 3 48 200 73.24
133 126 140 599
742 48 124 288 39.31
64 50 231 166
743 89 57 241 141.11
236 221 453 1136
744 67 25 287 608.95
1315 1729 923 489
745 5 152 277 19.37
34 34 28 191
746 102 10 257 214.56
443 770 208 209
747 2 41 288 217.17
606 129 133 111
748 19 103 282 9.39
14 14 73 16
749 6 59 270 295.29
494 815 1229 756
750 44 9 222 209.44
350 312 1078 927
751 58 45 238 619.07
1510 1323 425 404
752 121 67 253 67.93
83 490 88 85
753 7 20 181 408.24
1058 604 251 259
754 3 73 280 132.00
374 70 60 55
755 27 63 222 55.82
75 80 509 69
756 48 48 244 104.05
292 65 48 52
757 34 37 231 51.71
83 85 343 99
758 39 4 113 145.17
214 660 501 204
759 33 0 231 204.25
274 951 857 295
760 6 130 287 135.78
222 202 787 494
761 28 61 288 641.75
1460 1199 1337 618
762 23 1 205 202.61
299 1000 596 250
763 3 134 268 22.92
40 38 45 212
764 11 58 278 17.24
21 127 20 19
765 137 50 272 141.95
197 764 393 209
766 66 30 287 600.10
1443 1394 371 429
767 30 52 218 292.17
623 996 227 278
768 30 32 140 127.96
368 53 46 46
769 8 66 287 75.78
105 202 509 133
770 40 29 265 603.13
1322 1416 1182 564
771 116 66 261 495.48
1039 1383 915 575
772 49 118 214 130.33
210 267 392 1025
773 19 181 288 185.25
525 88 92 91
774 73 108 274 177.83
268 461 1117 204
775 26 145 246 173.84
267 285 784 1242
776 146 49 231 425.90
1151 401 271 278
777 13 77 284 40.79
67 78 73 419
778 25 4 204 58.64
99 115 113 540
779 16 15 249 749.12
1664 1772 1390 509
780 16 0 236 73.81
111 106 528 215
781 22 11 284 49.24
89 70 87 467
782 45 12 152 41.38
69 64 76 452
783 7 41 282 593.22
1465 1179 415 385
784 76 1 256 170.79
459 197 87 82
785 8 1 56 201.17
463 541 147 168
786 44 1 273 2.40
3 17 3 3
787 60 108 271 549.33
1473 624 286 327
788 71 0 235 18.25
26 24 158 25
789 48 44 264 758.39
1793 1505 1037 605
790 38 1 165 43.65
74 69 213 190
791 133 45 241 2.09
4 3 10 4
792 171 56 267 174.19
495 86 72 86
793 99 92 277 197.72
278 410 1418 462
794 23 161 227 332.14
945 145 164 151
795 5 60 232 0.61
1 1 1 7
796 150 7 252 34.21
55 61 130 244
797 19 101 286 193.59
544 106 101 108
798 55 1 70 17.38
49 8 10 10
799 51 11 169 613.08
1412 1625 499 467
800 81 127 254 56.55
102 96 112 468
801 11 186 256 310.65
868 181 184 166
802 64 22 111 120.65
210 217 282 983
803 107 13 271 115.16
183 165 843 161
804 64 2 188 196.99
321 348 800 1251
805 26 4 188 19.35
24 142 21 20
806 105 11 258 50.46
65 352 60 63
807 7 150 260 257.23
428 448 1170 1278
808 76 34 206 29.80
53 59 54 242
809 125 13 207 21.37
59 15 13 13
810 43 118 176 332.54
752 965 241 256
811 8 76 288 660.47
1208 1972 1764 1770
812 20 100 180 71.53
97 119 609 113
813 9 116 280 50.63
61 358 74 80
814 42 183 287 71.29
75 574 88 88
815 4 100 259 65.00
119 120 108 526
816 56 58 288 442.76
1199 463 225 230
817 6 1 186 126.55
211 206 387 1043
818 64 48 235 211.08
320 598 1223 269
819 23 87 217 60.91
95 117 124 665
820 57 194 287 218.01
587 233 113 141
821 31 31 131 228.11
338 987 859 303
822 52 105 287 173.58
495 75 73 91
823 29 105 288 420.81
595 1767 1378 1533
824 17 54 211 21.30
40 33 33 182
825 141 6 179 143.22
402 80 73 85
826 122 48 273 73.92
84 561 97 95
827 71 1 102 29.82
50 52 51 312
828 71 200 287 120.49
216 226 177 1075
829 2 24 219 239.01
656 197 141 121
830 90 53 276 378.77
1079 181 165 151
831 45 28 140 100.08
144 147 823 159
832 53 0 60 21.18
60 10 11 10
833 72 58 280 112.55
321 44 59 49
834 4 104 288 13.10
18 20 114 18
835 45 228 287 581.80
1410 1266 437 364
836 222 0 284 307.36
466 869 1421 1116
837 100 4 141 69.74
110 103 480 161
838 14 2 24 377.58
599 1266 1513 869
839 27 33 184 4.56
6 6 43 6
840 17 77 197 116.99
163 629 342 129
841 2 129 220 133.47
219 243 281 1327
842 116 35 253 341.37
491 859 1747 1592
843 5 0 203 250.02
390 640 1167 933
844 19 214 288 560.06
1456 853 290 327
845 29 36 169 422.69
1201 217 168 199
846 15 146 229 40.27
68 72 76 395
847 1 149 204 123.02
187 659 254 136
848 179 3 224 21.98
61 13 13 17
849 190 19 287 230.25
361 365 1132 1392
850 53 74 207 47.39
82 94 88 412
851 60 113 288 111.71
243 354 101 91
852 45 7 140 190.75
404 688 131 141
853 14 24 270 176.87
416 439 133 125
854 201 7 288 38.07
61 67 77 412
855 43 205 281 167.83
252 266 959 903
856 99 0 228 277.28
766 172 184 200
857 8 2 74 98.20
275 56 53 58
858 88 15 287 8.83
13 12 72 14
859 32 0 217 24.94
41 51 49 237
860 46 49 278 44.45
82 82 72 355
861 22 255 287 306.87
516 533 1450 1345
862 149 44 220 113.47
141 816 140 130
863 55 71 227 234.50
300 1089 1112 295
864 59 3 225 35.98
48 237 50 49
865 11 211 288 74.56
124 139 152 718
866 58 191 266 75.80
136 147 113 657
867 27 1 156 302.10
866 111 131 146
868 30 14 163 393.47
532 1620 1577 1294
869 24 2 98 246.90
366 1210 740 280
870 40 41 246 76.60
119 154 143 848
871 36 14 89 93.93
135 125 808 119
872 96 21 253 28.01
41 32 244 35
873 65 38 280 27.29
45 50 58 266
874 19 12 184 83.79
148 125 160 801
875 106 26 280 4.37
12 3 3 3
876 62 9 126 21.37
39 30 79 116
877 108 21 287 150.26
188 1052 209 193
878 34 2 267 2.68
4 4 5 36
879 22 65 247 110.51
316 43 54 45
880 34 4 201 84.65
149 139 127 848
881 40 139 231 24.23
33 37 212 35
882 1 44 248 46.59
79 76 166 318
883 33 23 222 50.77
144 25 23 25
884 62 1 86 176.19
279 255 1063 706
885 6 29 288 28.60
49 52 61 254
886 71 13 137 241.78
688 105 111 127
887 75 2 163 126.57
355 63 82 67
888 32 1 175 45.72
72 55 349 76
889 32 96 209 121.80
157 434 751 185
890 5 198 287 48.05
84 77 82 475
891 49 97 282 93.46
193 343 89 71
892 92 11 269 21.35
40 38 31 173
893 42 220 288 47.81
132 31 33 29
894 20 113 285 453.87
1259 341 217 245
895 21 18 288 278.83
782 156 144 170
896 6 105 137 27.31
47 41 48 286
897 80 66 280 203.08
572 98 108 130
898 74 17 137 27.94
38 42 247 38
899 95 21 274 61.10
95 159 357 81
900 3 33 288 152.75
405 184 87 109
901 39 28 188 77.80
133 151 115 768
902 49 143 270 13.06
24 23 26 99
903 69 61 288 147.05
272 208 392 1046
904 50 46 149 289.77
430 1126 1164 614
905 27 0 205 210.69
566 198 153 148
906 51 4 257 315.65
446 862 1557 1498
907 114 9 286 76.37
214 47 38 39
908 57 1 164 236.35
337 490 1394 1089
909 23 180 287 355.55
629 1391 859 444
910 44 131 271 347.12
545 1021 1480 1129
911 161 3 228 195.84
545 119 115 123
912 35 50 279 14.00
19 89 20 23
913 40 75 245 23.53
66 13 14 11
914 51 136 220 71.32
201 38 37 35
915 25 44 212 108.25
267 216 73 78
916 161 8 206 26.79
76 13 13 12
917 53 43 261 96.82
273 47 54 52
918 44 35 246 18.53
25 25 167 30
919 207 4 287 194.39
312 307 1221 547
920 30 3 166 264.06
337 1029 1460 520
921 19 8 210 22.47
38 40 45 215
922 20 20 101 151.84
190 623 850 237
923 93 50 277 322.27
526 731 1403 1361
924 27 63 221 479.42
1056 1503 404 315
925 58 161 272 74.44
96 528 75 92
926 136 0 245 126.52
193 433 600 187
927 55 26 287 98.02
176 189 162 819
928 49 36 282 246.64
372 802 1301 287
929 71 63 213 7.28
10 46 11 10
930 111 4 255 18.57
29 40 31 203
931 24 10 125 76.39
95 552 95 77
932 98 92 288 204.46
345 262 884 1323
933 6 11 285 576.40
1440 1116 347 344
934 48 80 288 68.71
124 132 97 600
935 32 90 288 32.99
46 51 282 44
936 28 8 287 20.15
24 106 86 32
937 108 34 287 147.61
217 237 1055 427
938 30 152 194 41.78
74 72 78 371
939 137 86 276 196.48
560 86 90 89
940 24 112 215 37.03
106 16 16 13
941 20 103 251 1.32
2 2 10 2
942 26 131 257 73.52
124 120 375 285
943 17 4 35 114.01
317 78 57 69
944 66 31 258 42.36
76 78 61 384
945 61 22 268 756.79
1778 1444 1173 658
946 144 11 269 258.61
367 1087 1125 364
947 134 0 275 103.32
174 203 168 1019
948 8 57 180 413.32
1028 815 267 230
949 43 5 129 135.56
379 81 73 78
950 59 3 160 272.02
758 175 144 159
951 44 3 195 45.79
75 78 99 468
952 114 137 274 82.49
119 508 100 123
953 13 71 259 140.24
394 71 80 83
954 32 119 285 94.96
122 666 117 104
955 89 4 112 262.49
742 151 108 121
956 92 89 288 135.92
388 53 69 59
957 48 1 126 109.43
307 58 64 60
958 12 1 123 514.64
1082 1488 931 442
959 38 17 205 184.74
264 847 701 228
960 60 143 247 206.67
342 348 1072 825
961 45 204 287 272.84
361 962 1561 557
962 107 22 222 339.51
508 1066 1561 1026
963 35 14 200 32.43
52 58 62 355
964 99 132 277 103.04
128 493 476 165
965 117 81 286 5.10
9 9 28 8
966 141 8 208 553.62
1287 1336 565 420
967 84 121 288 188.33
300 232 1267 590
968 10 0 253 64.34
137 214 62 56
969 11 58 261 81.11
229 41 42 41
970 68 24 288 435.79
1234 232 189 208
971 37 81 237 404.67
1078 513 201 200
972 42 0 123 804.53
1844 1442 1606 907
973 35 120 212 485.27
1370 284 206 221
974 228 10 287 65.59
126 119 92 488
975 32 7 87 189.20
251 373 1459 506
976 21 194 287 78.41
95 547 127 114
977 28 214 288 475.33
1227 684 345 322
978 115 24 259 22.80
35 48 46 245
979 42 131 247 541.79
1281 1339 407 307
980 26 47 254 45.13
70 51 361 67
981 7 131 282 145.94
391 161 82 94
982 169 25 288 380.37
1049 269 224 257
983 86 10 281 6.79
9 46 8 9
984 22 105 248 106.80
191 203 152 961
985 36 24 122 23.29
37 43 68 209
986 211 56 288 55.02
101 89 96 470
987 25 0 182 138.76
228 196 699 731
988 3 55 245 195.73
247 1269 406 258
989 22 0 89 32.01
52 63 70 306
990 4 23 239 140.14
233 218 635 782
991 15 48 285 12.99
24 20 24 109
992 48 1 246 14.39
23 21 101 26
993 27 1 130 283.43
459 468 1406 1428
994 142 24 288 28.63
53 45 44 254
995 182 18 276 68.80
130 118 116 524
996 112 52 287 18.43
30 35 38 184
997 5 0 98 58.14
103 94 96 560
998 36 84 219 392.72
839 1191 554 297
999 152 73 288 278.95
800 106 122 117
1000 6 10 44 92.99
157 164 137 996
1001 24 146 270 89.63
150 147 138 1000
1002 6 0 50 171.68
260 229 1308 368
1003 35 76 213 133.01
187 407 816 193
1004 44 18 272 27.59
76 18 19 19
1005 60 43 266 285.50
468 1214 825 314
1006 110 0 178 138.15
392 67 64 66
1007 51 161 259 142.07
406 58 62 68
1008 42 22 157 435.72
1231 231 200 228
1009 72 5 276 151.72
193 1079 161 200
1010 15 123 283 295.29
471 830 1140 1211
1011 50 6 66 172.20
489 76 86 87
1012 17 113 218 39.87
70 67 53 411
1013 18 201 287 98.11
124 498 390 168
1014 32 13 200 15.29
42 10 11 11
1015 230 19 272 71.83
108 249 350 100
1016 3 1 135 628.20
1471 1254 974 448
1017 25 190 271 573.09
1267 1319 1078 554
1018 48 116 204 50.35
67 302 114 72
1019 1 25 137 76.01
135 131 141 672
1020 47 83 255 388.59
1089 229 195 225
1021 5 89 272 164.85
465 79 89 95
1022 3 128 277 66.76
90 253 371 82
1023 19 14 171 290.60
579 1008 483 279
1024 97 76 287 26.91
77 11 11 13
1025 22 16 239 460.96
1087 1135 347 313
1026 38 173 288 47.48
81 80 78 492
1027 130 19 231 163.20
465 75 69 77
1028 66 3 243 5.92
8 40 7 6
1029 45 27 265 491.04
1035 1607 618 364
1030 91 181 288 16.72
47 8 10 10
1031 11 0 262 275.57
776 140 139 173
1032 20 1 29 384.06
1079 204 208 221
1033 59 31 288 79.14
123 119 391 509
1034 60 2 224 53.54
87 101 198 363
1035 47 31 284 194.95
304 476 1113 392
1036 72 57 281 274.70
587 923 242 227
1037 7 86 263 99.03
173 179 197 864
1038 98 42 246 3.48
6 6 7 32
1039 159 62 288 3.57
5 5 31 5
1040 63 3 281 120.96
286 296 86 87
1041 19 47 222 235.27
660 136 129 113
1042 88 8 265 365.18
668 1303 913 464
1043 35 125 287 9.25
15 15 17 105
1044 113 0 241 116.50
327 61 66 68
1045 19 0 33 68.38
123 115 109 627
1046 41 6 56 518.09
1225 1205 435 428
1047 152 4 248 3.36
6 6 5 31
1048 45 134 262 51.87
67 364 61 57
1049 27 3 122 386.10
1048 370 207 246
1050 152 15 279 86.25
243 45 49 38
1051 16 167 214 192.98
283 574 1066 402
1052 13 260 288 618.53
1515 1255 444 477
1053 63 7 197 37.31
50 243 56 48
1054 26 22 268 3.26
3 29 3 4
1055 92 150 287 158.13
282 253 415 1197
1056 135 138 288 54.01
151 32 32 26
1057 2 44 287 397.72
825 1394 439 327
1058 131 106 268 70.82
113 135 144 741
1059 154 0 288 68.29
126 125 111 547
1060 25 2 203 97.48
124 652 167 125
1061 49 194 287 26.35
47 46 48 230
1062 104 181 288 310.84
529 1257 870 320
1063 10 2 135 98.67
278 47 59 51
1064 7 0 214 681.77
1485 1750 1193 607
1065 61 66 238 171.61
481 90 101 102
1066 41 9 254 124.06
349 70 58 71
1067 13 127 259 24.02
42 41 37 238
1068 7 51 161 36.87
59 62 255 48
1069 144 16 284 496.66
1379 353 255 275
1070 22 0 125 666.50
1292 1684 1811 1621
1071 68 134 261 28.98
82 15 13 15
1072 1 84 228 14.84
19 104 18 18
1073 7 33 218 71.15
198 41 44 47
1074 11 2 44 397.77
1137 188 144 169
1075 140 31 251 0.47
1 1 1 1
1076 82 83 279 400.94
1069 477 214 249
1077 41 132 231 41.05
119 14 13 14
1078 3 8 268 74.42
162 250 46 59
1079 5 67 115 28.09
31 219 38 29
1080 80 13 263 113.68
315 71 76 66
1081 9 154 264 215.01
294 590 1365 540
1082 6 13 194 74.74
112 102 600 109
1083 22 82 287 201.06
298 891 723 271
1084 44 68 155 89.59
108 660 97 129
1085 7 0 89 79.82
128 160 166 795
1086 139 31 225 73.92
88 530 110 106
1087 131 142 288 155.45
448 55 60 63
1088 92 6 263 126.69
164 854 188 161
1089 153 2 277 115.09
167 433 543 178
1090 29 106 169 0.47
1 1 1 1
1091 24 169 287 35.74
65 63 56 311
1092 47 55 276 4.91
6 35 7 6
1093 19 10 63 82.26
112 470 202 121
1094 1 260 267 285.24
755 352 185 151
1095 76 9 139 21.93
41 34 38 182
1096 90 176 286 2.94
4 19 4 4
1097 97 119 276 128.12
173 276 1016 174
1098 32 87 209 70.24
118 130 107 735
1099 13 1 19 260.89
423 474 1156 1454
1100 13 143 256 113.63
326 44 48 47
1101 86 118 288 19.98
32 25 150 28
1102 29 21 287 5.66
7 40 8 7
1103 27 23 281 214.70
406 971 173 200
1104 32 132 271 313.82
434 968 1372 1640
1105 37 20 269 134.04
210 510 531 176
1106 12 82 287 1.78
5 1 1 1
1107 15 38 256 121.73
174 208 961 202
1108 59 147 266 78.64
94 577 101 100
1109 16 0 216 255.11
407 464 1336 1102
1110 67 2 89 86.79
112 619 83 105
1111 24 3 125 322.27
761 764 277 224
1112 66 16 180 43.14
121 26 21 23
1113 87 10 285 37.13
65 62 60 365
1114 14 1 153 110.95
183 247 639 144
1115 48 80 287 432.36
1150 479 292 291
1116 1 8 271 268.92
426 1162 809 384
1117 49 110 240 42.10
63 58 339 59
1118 70 174 288 117.46
179 157 930 165
1119 10 49 187 571.94
1461 993 316 291
1120 168 3 190 37.95
61 74 58 424
1121 27 34 200 122.86
217 200 277 1040
1122 75 107 287 32.26
45 111 178 55
1123 111 22 283 187.39
442 448 148 152
1124 84 143 287 149.65
322 507 107 130
1125 88 5 279 334.51
955 141 143 166
1126 42 7 284 8.08
22 6 6 6
1127 68 4 266 71.83
95 489 85 92
1128 16 90 213 25.50
41 45 52 273
1129 89 32 176 96.77
157 171 191 1028
1130 22 15 174 674.56
1432 1565 1540 903
1131 39 49 288 181.03
228 1135 416 280
1132 30 19 159 90.76
111 639 125 144
1133 44 1 282 230.01
311 1082 916 363
1134 9 54 288 488.13
1361 333 250 234
1135 13 0 148 182.18
364 704 177 196
1136 42 39 258 147.89
227 255 864 627
1137 16 0 250 163.65
460 89 86 90
1138 37 14 158 99.03
126 701 116 118
1139 31 25 79 273.52
775 131 140 125
1140 1 24 224 353.15
947 371 205 258
1141 98 20 283 224.35
323 843 1096 311
1142 52 22 106 253.78
376 441 1425 1370
1143 57 17 281 148.29
255 253 531 924
1144 16 0 92 581.85
1426 1252 334 390
1145 154 78 288 130.52
167 935 134 147
1146 31 16 112 97.05
273 56 47 49
1147 6 3 285 52.13
77 82 405 86
1148 35 48 275 41.92
76 68 64 389
1149 107 49 223 405.03
960 967 304 299
1150 131 60 266 46.47
132 21 22 24
1151 19 56 287 486.96
1187 1039 317 368
1152 74 0 261 96.56
121 164 897 132
1153 166 47 283 56.01
89 125 114 536
1154 21 0 172 117.98
152 842 118 134
1155 28 12 265 48.12
62 333 63 56
1156 25 64 273 46.26
130 24 27 24
1157 49 112 287 36.26
49 59 307 67
1158 134 85 288 209.86
328 282 1374 751
1159 96 18 254 91.14
252 54 66 59
1160 17 0 244 31.16
59 55 48 240
1161 91 4 218 56.64
104 96 103 462
1162 11 11 271 32.38
52 53 226 40
1163 18 33 254 53.94
150 34 31 33
1164 27 96 210 141.98
221 359 859 157
1165 49 93 269 33.96
54 53 240 51
1166 5 9 236 131.27
178 616 524 202
1167 91 106 288 41.35
59 60 324 107
1168 26 81 284 14.47
24 19 102 19
1169 3 46 276 573.37
1315 1539 485 420
1170 64 0 89 184.76
276 343 952 1071
1171 166 5 230 53.38
93 96 89 505
1172 20 125 287 79.18
99 560 92 122
1173 48 76 287 239.80
398 417 1099 1191
1174 15 6 243 275.07
782 117 129 157
1175 29 222 284 5.17
9 10 8 48
1176 20 25 287 288.06
450 671 1232 1490
1177 106 67 287 227.48
562 457 146 156
1178 5 62 226 3.05
5 5 5 35
1179 20 13 133 444.69
1200 484 241 203
1180 3 93 288 290.78
432 677 1382 1540
1181 19 89 288 68.08
94 193 459 86
1182 90 3 189 365.86
789 1131 413 315
1183 87 126 251 9.09
17 14 15 77
1184 146 31 287 100.60
174 211 170 875
1185 12 5 283 6.67
19 3 3 3
1186 6 26 169 202.28
310 290 1218 968
1187 208 35 287 69.48
125 112 99 675
1188 11 56 255 10.73
19 19 16 102
1189 159 128 288 597.04
1440 1264 511 451
1190 20 86 197 350.73
597 1254 1153 510
1191 8 12 128 86.63
134 147 357 658
1192 7 21 271 194.51
334 297 880 956
1193 9 17 218 22.97
37 42 36 262
1194 35 13 159 220.43
624 99 124 106
1195 37 189 287 423.30
941 1132 562 332
1196 95 64 277 21.74
32 133 27 25
1197 45 49 233 157.12
346 481 144 116
1198 76 25 288 39.05
66 63 196 158
1199 4 1 176 705.13
1467 1677 1640 1179
1200 12 192 250 37.90
59 69 76 429
1201 143 22 222 83.03
123 168 337 636
1202 74 2 151 98.58
113 761 117 99
1203 67 91 288 381.36
1010 507 181 217
1204 110 31 220 135.54
386 62 61 60
1205 36 13 246 466.43
1269 418 269 305
1206 42 203 274 70.31
88 486 103 98
1207 55 26 279 23.01
37 45 33 261
1208 51 91 214 178.96
258 717 812 234
1209 106 84 288 289.70
805 217 140 136
1210 4 4 130 223.60
642 87 89 95
1211 2 0 64 124.88
209 209 333 1099
1212 20 86 257 157.00
256 415 805 247
1213 33 134 260 226.25
332 757 1206 304
1214 23 111 191 192.25
302 375 1119 596
1215 71 58 216 377.36
1080 146 166 180
1216 93 0 287 48.35
82 95 99 428
1217 110 72 288 60.49
114 93 90 521
1218 4 55 177 215.24
305 676 1219 430
1219 46 102 288 375.88
761 1215 655 398
1220 228 22 288 289.52
823 150 120 117
1221 25 1 148 558.91
1405 977 410 380
1222 24 100 261 110.53
194 173 331 810
1223 29 1 108 183.26
319 321 598 1179
1224 28 1 104 11.46
21 19 18 101
1225 17 129 250 25.81
47 54 41 197
1226 22 28 154 43.96
58 298 52 62
1227 45 19 273 289.09
630 899 287 220
1228 62 8 263 46.50
61 322 52 56
1229 8 152 281 94.61
138 243 625 118
1230 60 76 208 18.50
24 132 19 18
1231 17 62 241 50.79
90 82 109 439
1232 38 87 273 5.66
8 36 7 7
1233 1 2 149 368.39
780 1114 524 378
1234 107 86 288 414.63
1183 166 205 187
1235 26 59 266 9.93
15 15 77 14
1236 32 42 243 256.31
373 626 1372 1071
1237 55 39 235 10.73
14 17 99 12
1238 83 23 280 376.33
1056 222 186 204
1239 1 212 287 388.85
756 1511 562 318
1240 81 22 214 133.47
377 58 76 80
1241 186 11 270 38.49
65 66 71 389
1242 19 240 284 23.04
63 16 17 17
1243 9 65 187 25.20
39 34 176 73
1244 103 96 288 232.48
341 418 1235 1402
1245 21 121 281 453.68
936 1345 903 375
1246 20 88 219 234.45
410 448 1096 708
1247 22 111 270 44.36
72 89 144 326
1248 96 82 271 152.14
274 236 393 1149
1249 45 4 147 173.44
270 302 1051 598
1250 2 41 284 86.44
243 43 50 50
1251 82 101 245 37.71
55 107 233 49
1252 46 17 288 265.87
743 148 156 164
1253 53 2 113 36.49
67 58 70 302
1254 73 167 288 127.60
164 850 201 186
1255 137 11 271 78.01
133 130 199 672
1256 43 30 266 146.46
240 292 457 1087
1257 77 13 287 338.15
527 888 1365 1628
1258 25 53 172 100.76
168 202 177 979
1259 60 58 189 113.61
140 832 128 126
1260 21 126 229 62.11
176 28 29 39
1261 12 217 274 84.91
238 53 41 43
1262 42 7 156 7.63
13 14 11 79
1263 78 30 241 218.97
285 993 1024 308
1264 203 34 285 355.20
972 302 200 212
1265 65 69 150 244.73
387 1206 563 260
1266 133 21 282 88.04
246 56 43 51
1267 12 96 288 340.64
943 225 227 175
1268 41 4 239 484.42
1097 1451 299 320
1269 147 0 284 413.06
660 1559 1538 597
1270 4 2 268 97.15
164 510 106 99
1271 30 37 137 176.35
278 278 711 1362
1272 13 59 287 690.03
1601 1500 989 493
1273 11 22 165 60.70
104 101 197 432
1274 1 91 263 242.95
388 405 1066 1567
1275 28 0 273 8.88
12 58 13 10
1276 93 0 205 157.78
375 381 107 112
1277 59 54 209 56.57
98 89 75 620
1278 41 60 212 7.30
12 13 14 76
1279 2 10 260 25.95
39 33 212 36
1280 20 0 75 1.69
3 3 3 15
1281 62 62 287 97.19
160 203 177 936
1282 114 102 287 51.38
145 29 24 23
1283 117 13 210 19.80
36 33 38 164
1284 22 168 287 509.85
1259 975 386 389
1285 35 95 182 4.09
6 25 5 5
1286 92 9 122 126.27
187 204 754 639
1287 51 68 170 168.46
251 258 1129 628
1288 36 4 164 405.75
1039 580 339 315
1289 79 31 223 33.56
53 48 249 45
1290 2 258 288 195.09
548 98 103 136
1291 118 2 262 18.86
23 136 24 25
1292 105 84 277 13.24
24 25 25 103
1293 171 101 288 71.60
118 139 124 732
1294 166 59 281 101.21
171 202 162 986
1295 52 7 104 496.19
1359 421 291 259
1296 14 259 288 2.44
7 1 1 1
1297 30 51 288 98.49
125 688 129 122
1298 58 45 280 269.34
372 1483 769 275
1299 74 131 287 97.36
120 586 298 112
1300 57 135 288 194.44
548 99 101 109
1301 12 198 231 288.41
369 1252 1340 680
1302 74 20 218 104.54
296 46 58 54
1303 14 163 271 90.27
165 126 210 736
1304 83 63 288 120.30
199 227 299 1058
1305 41 1 130 511.99
1172 1407 392 390
1306 146 38 230 10.75
29 9 8 9
1307 6 58 105 173.82
271 278 757 1260
1308 46 207 269 176.94
272 338 764 1185
1309 124 55 245 275.92
403 1071 1155 585
1310 135 15 251 153.13
428 97 78 82
1311 98 19 285 60.14
79 190 395 95
1312 6 103 288 5.21
15 2 2 2
1313 33 36 154 122.79
145 907 168 142
1314 19 137 270 123.02
354 45 50 48
1315 4 227 287 110.79
175 174 720 306
1316 24 126 240 284.82
395 1531 832 342
1317 73 86 288 321.33
524 896 1377 906
1318 129 2 221 60.70
105 100 122 571
1319 38 155 286 7.49
20 6 7 7
1320 17 143 287 17.31
32 27 30 148
1321 18 60 268 112.67
142 620 411 128
1322 50 0 271 311.78
422 1061 1601 984
1323 45 2 277 215.87
611 116 96 99
1324 34 222 287 432.27
601 1658 1751 1518
1325 26 42 285 484.19
951 1664 914 485
1326 16 80 262 205.82
278 699 1250 276
1327 162 19 258 10.78
17 17 76 18
1328 141 11 258 99.28
156 207 234 955
1329 8 161 288 17.10
23 111 25 23
1330 2 20 252 225.53
406 293 1108 825
1331 81 4 278 524.25
1353 765 355 378
1332 57 42 244 304.71
660 1023 209 249
1333 70 12 168 195.19
548 105 108 109
1334 25 3 238 60.82
91 350 88 90
1335 12 180 288 252.06
409 400 1245 1318
1336 43 6 67 528.90
1221 1211 698 400
1337 52 144 229 19.87
29 28 163 30
1338 1 185 215 251.99
589 661 155 192
1339 8 5 242 95.55
271 51 39 44
1340 38 187 288 662.42
1363 1878 1468 557
1341 19 150 246 128.29
363 67 63 54
1342 94 87 234 686.68
1652 1414 716 440
1343 1 0 258 296.98
824 181 191 186
1344 101 9 287 24.42
36 40 180 56
1345 34 5 101 36.35
48 248 44 44
1346 73 24 206 147.05
248 207 626 917
1347 110 11 157 148.41
164 1120 226 212
1348 14 24 197 579.06
1453 1009 468 354
1349 85 62 268 39.78
77 58 59 324
1350 27 152 281 435.20
1078 818 321 345
1351 77 51 265 342.84
946 265 200 161
1352 62 92 288 502.85
1073 1500 714 464
1353 20 14 242 675.69
1436 1457 1526 1247
1354 23 2 169 158.79
244 253 912 763
1355 46 34 280 96.89
155 540 120 96
1356 134 77 274 430.88
736 1538 1483 465
1357 57 105 248 115.98
201 226 212 1023
1358 149 16 208 231.04
520 658 201 183
1359 23 90 224 381.24
900 947 251 292
1360 76 115 273 46.00
80 74 86 445
1361 68 3 166 164.45
266 277 505 1438
1362 25 2 254 166.63
461 99 112 121
1363 19 124 288 60.37
106 107 103 560
1364 21 104 251 25.03
47 41 46 193
1365 117 4 142 62.84
178 31 29 33
1366 32 42 287 480.66
798 1691 1407 1410
1367 6 1 255 4.30
8 8 8 31
1368 2 93 264 210.83
319 954 665 320
1369 26 2 159 32.15
44 208 44 41
1370 46 36 243 78.46
150 116 129 635
1371 51 12 169 156.30
203 779 602 273
1372 49 11 110 235.69
369 880 968 295
1373 90 78 196 93.48
133 480 277 125
1374 7 2 154 106.31
200 154 177 911
1375 41 1 261 14.56
22 19 117 21
1376 148 7 238 273.97
552 1032 308 227
1377 18 5 145 25.85
45 34 77 215
1378 16 49 142 33.98
52 68 63 389
1379 46 0 107 75.24
96 509 102 129
1380 43 5 283 6.48
12 11 9 57
1381 48 46 169 3.73
5 5 35 4
1382 51 77 241 64.48
106 117 114 683
1383 54 92 181 69.72
103 107 550 106
1384 10 108 288 178.94
312 296 574 1216
1385 19 64 274 79.84
121 140 376 534
1386 6 56 260 52.01
83 108 106 517
1387 42 5 214 17.49
50 8 7 7
1388 108 50 278 147.40
411 87 88 86
1389 15 42 244 98.13
277 53 43 56
1390 41 89 248 70.52
87 512 79 91
1391 114 2 239 225.13
504 655 180 206
1392 16 59 150 155.50
203 654 779 260
1393 81 23 259 641.05
1482 1611 659 400
1394 9 20 268 58.75
100 107 96 589
1395 61 30 141 181.17
514 74 96 105
1396 84 142 274 45.09
64 282 65 48
1397 52 90 195 125.04
222 225 233 1076
1398 160 59 251 131.67
377 54 59 49
1399 57 5 276 142.30
217 245 691 905
1400 11 23 218 482.66
845 1562 1569 900
1401 20 0 120 40.41
46 313 46 46
1402 144 13 283 16.74
18 134 18 23
1403 27 0 132 36.77
51 247 36 39
1404 140 19 288 82.19
232 43 40 43
1405 59 21 235 50.56
77 87 316 182
1406 69 50 210 116.03
319 80 81 73
1407 106 39 264 76.53
216 41 37 38
1408 27 3 261 139.11
259 243 311 947
1409 32 3 133 474.68
1278 532 234 258
1410 71 52 188 104.97
179 160 667 150
1411 83 8 258 222.59
327 418 1118 1411
1412 67 28 283 167.36
241 326 869 1037
1413 40 46 241 375.39
898 855 286 277
1414 55 11 225 111.80
184 163 636 424
1415 34 31 273 343.27
503 1278 1516 710
1416 99 124 287 99.03
131 155 877 164
1417 93 27 279 64.84
114 139 100 548
1418 29 12 183 3.76
7 7 7 27
1419 36 126 262 104.59
178 147 193 1135
1420 117 74 255 274.86
376 1015 1402 592
1421 40 66 267 210.57
304 857 906 328
1422 61 8 162 57.51
99 92 86 615
1423 95 3 243 117.15
171 179 701 656
1424 52 50 288 181.66
318 274 537 1388
1425 12 1 113 33.51
58 63 66 294
1426 42 50 265 34.52
53 65 66 401
1427 22 5 227 11.41
14 78 19 18
1428 63 59 288 110.44
313 53 57 48
1429 66 12 230 66.64
105 83 508 103
1430 36 53 156 21.02
31 77 103 24
1431 53 6 162 81.91
137 143 136 869
1432 26 153 287 29.73
51 46 54 306
1433 65 7 153 125.51
209 685 120 124
1434 15 1 279 356.16
1004 182 199 167
1435 41 4 254 242.55
358 665 1364 594
1436 80 11 209 5.03
9 8 8 48
1437 107 42 281 372.90
542 1576 1388 788
1438 3 14 288 232.62
370 434 1003 1418
1439 31 1 243 57.18
74 398 67 71
1440 3 82 238 142.63
241 242 454 1066
1441 46 9 216 198.36
225 1299 563 274
1442 33 0 106 30.29
53 48 100 204
1443 41 21 277 52.23
79 67 420 77
1444 21 0 172 17.54
50 8 8 7
1445 16 1 125 28.46
38 188 42 32
1446 119 46 223 40.77
66 80 74 424
1447 29 4 230 96.37
170 139 178 951
1448 46 10 288 149.61
419 81 81 100
1449 107 6 248 136.69
216 250 405 1237
1450 13 60 185 221.28
516 544 197 173
1451 33 2 216 399.65
636 1382 1363 1243
1452 4 159 280 97.88
270 60 71 66
1453 46 41 243 94.42
166 175 142 888
1454 160 24 238 182.53
508 103 125 102
1455 177 30 287 116.00
176 188 858 196
1456 91 20 198 283.53
695 606 163 200
1457 89 24 286 597.82
1531 948 421 338
1458 18 105 250 71.69
205 29 34 28
1459 56 56 245 51.71
78 79 370 133
1460 47 14 282 600.68
1317 1549 981 533
1461 20 2 125 14.63
21 23 120 20
1462 52 46 138 22.28
58 32 15 11
1463 77 31 253 180.79
245 956 585 231
1464 93 62 177 18.90
52 13 13 12
1465 77 138 287 285.57
642 835 242 184
1466 22 75 269 191.22
536 100 114 111
1467 32 129 230 57.51
91 76 428 91
1468 95 28 235 333.87
936 168 220 170
1469 13 155 254 8.62
12 12 75 13
1470 94 1 210 112.08
314 55 72 68
1471 35 187 269 17.47
31 31 26 165
1472 142 38 267 13.64
15 106 17 19
1473 32 99 276 17.07
25 102 24 23
1474 17 4 99 6.81
19 4 4 4
1475 39 51 224 57.81
164 27 30 25
1476 97 139 287 8.99
15 15 15 98
1477 5 42 287 275.29
421 644 1456 985
1478 54 0 265 34.12
57 62 60 349
1479 127 16 219 269.70
740 219 159 150
1480 83 5 151 5.07
6 36 8 8
1481 6 64 197 466.83
683 1595 1938 1657
1482 62 108 205 378.37
1062 227 199 166
1483 42 65 266 28.81
52 42 51 271
1484 123 18 281 219.66
336 372 1310 914
1485 47 2 85 639.88
1370 1410 1359 1121
1486 3 223 288 141.69
403 62 73 60
1487 33 0 262 96.23
165 192 174 864
1488 16 53 288 439.57
937 1444 470 329
1489 46 24 217 102.41
138 176 870 161
1490 14 19 235 204.13
578 89 108 118
1491 33 133 271 698.61
1572 1598 1181 586
1492 37 191 287 397.25
1055 501 215 214
1493 9 73 234 21.04
29 139 24 25
1494 25 10 218 11.37
15 16 104 18
1495 34 1 110 439.76
648 1701 1511 1530
1496 3 118 285 244.34
355 408 1417 1377
1497 38 23 281 457.74
805 1464 1386 1059
1498 76 14 231 47.41
70 283 62 66
1499 38 85 252 248.21
372 411 1519 1091
1500 10 135 189 273.52
567 954 279 290
1501 10 116 241 108.61
194 170 150 1099
1502 10 114 270 13.90
26 19 26 119
1503 16 49 267 68.80
105 115 508 99
1504 81 3 251 248.19
681 207 146 122
1505 17 155 249 291.54
676 772 214 207
1506 49 6 174 87.82
146 192 161 798
1507 16 8 200 36.73
47 254 49 46
1508 108 99 272 143.15
186 983 185 173
1509 14 109 256 42.53
64 81 244 184
1510 35 10 271 129.88
370 56 60 63
1511 88 0 205 61.43
172 40 29 30
1512 8 48 232 251.38
712 112 148 105
1513 29 38 248 555.81
1329 1281 395 430
1514 64 20 271 163.20
199 757 815 263
1515 1 21 154 210.15
324 576 1196 293
1516 5 33 224 263.47
373 489 1647 1237
1517 4 5 119 106.16
177 192 205 1057
1518 20 19 278 152.12
429 76 76 92
1519 5 42 253 242.34
378 396 1403 1034
1520 12 31 172 48.56
136 28 25 30
1521 8 136 268 68.55
100 235 365 84
1522 9 198 285 11.53
32 7 7 8
1523 11 26 271 284.51
810 124 136 132
1524 30 239 275 112.81
179 159 660 501
1525 42 9 147 3.71
6 7 7 39
1526 63 0 256 442.58
623 1690 1865 1325
1527 86 41 227 90.71
119 617 115 116
1528 97 0 131 118.75
216 197 188 1066
1529 32 125 287 6.43
11 13 12 57
1530 25 92 133 317.39
887 190 193 142
1531 3 56 169 43.54
79 74 61 404
1532 18 72 136 50.37
87 96 92 455
1533 17 64 189 108.21
175 181 618 379
1534 19 1 40 400.73
615 1300 1653 1249
1535 46 35 160 188.78
458 418 130 113
1536 28 91 286 262.18
402 387 1587 1202
1537 14 47 267 112.11
187 141 582 569
1538 13 60 224 150.88
428 75 73 62
1539 46 2 146 15.90
29 28 27 133
1540 62 0 144 332.63
518 836 1359 1687
1541 18 243 288 300.13
468 557 1611 1336
1542 2 31 100 29.68
42 174 56 42
1543 78 0 239 234.52
655 135 140 132
1544 15 77 279 240.67
619 361 181 138
1545 36 3 201 109.41
190 560 103 113
1546 13 122 253 23.25
34 32 193 32
1547 19 4 181 343.06
679 1289 442 352
1548 21 43 260 67.00
101 88 543 89
1549 31 115 242 349.02
755 1068 363 363
1550 2 55 288 71.86
201 38 43 46
1551 122 8 223 48.28
82 77 99 479
1552 70 47 275 259.20
378 468 1541 1260
1553 23 140 288 314.55
737 790 244 219
1554 28 202 285 30.15
43 117 146 39
1555 15 2 60 60.80
83 205 365 82
1556 21 25 272 212.54
349 367 858 1348
1557 149 27 288 18.34
26 60 106 25
1558 53 101 275 89.47
105 672 103 118
1559 61 149 279 334.51
958 136 144 137
1560 94 89 271 21.09
33 36 68 192
1561 2 5 120 543.55
1271 1357 446 390
1562 48 1 163 14.25
17 102 21 21
1563 49 1 192 187.79
230 1206 457 245
1564 69 105 256 59.22
79 405 61 79
1565 39 46 247 278.78
367 964 1509 824
1566 101 0 174 12.66
23 24 22 101
1567 10 9 98 240.16
676 113 139 146
1568 40 125 287 115.86
181 186 843 156
1569 4 212 239 636.68
1418 1578 1014 499
1570 51 118 287 310.37
855 226 200 169
1571 8 9 112 183.21
289 279 728 1463
1572 47 49 288 142.84
227 283 450 1156
1573 7 7 248 114.27
178 207 433 887
1574 121 0 165 207.37
359 321 851 1140
1575 10 0 101 832.10
1702 2064 1970 1475
1576 56 185 281 456.29
706 1562 1731 1399
1577 72 6 288 137.09
301 426 113 120
1578 94 73 209 39.69
49 288 47 46
1579 109 19 175 114.67
179 259 723 154
1580 46 194 288 64.98
115 105 110 622
1581 44 152 253 67.25
117 103 124 669
1582 58 1 167 183.07
525 72 77 76
1583 146 58 283 77.45
89 583 106 91
1584 55 70 204 20.43
36 39 38 173
1585 5 1 103 18.34
24 86 77 33
1586 131 131 287 21.79
63 8 7 8
1587 18 33 105 144.91
224 271 562 1098
1588 113 16 251 83.93
143 148 147 834
1589 128 31 284 78.95
113 98 691 104
1590 177 37 259 254.71
629 509 171 172
1591 31 145 287 328.94
410 1338 1764 726
1592 28 22 180 19.33
31 29 76 150
1593 14 106 283 202.37
325 330 984 1110
1594 98 0 213 65.92
185 34 42 31
1595 13 1 47 526.85
1198 1402 485 488
1596 195 0 277 204.37
581 89 92 118
1597 10 213 288 75.14
135 125 103 729
1598 27 136 254 348.74
683 1469 288 306
1599 11 48 207 294.31
502 524 1278 1377
1600 89 14 286 415.45
604 1411 1801 1401
1601 42 214 287 6.50
11 14 10 61
1602 20 48 152 667.87
1617 1486 456 433
1603 54 224 288 0.47
1 1 1 1
1604 33 0 44 20.29
37 39 31 167
1605 8 42 143 169.90
290 286 468 1381
1606 4 0 77 209.65
360 317 940 1057
1607 20 41 163 579.95
1169 1362 1642 961
1608 63 30 263 224.35
340 721 1148 335
1609 56 0 117 188.42
317 334 719 1146
1610 70 144 287 2.49
4 4 4 30
1611 29 7 280 206.27
264 1321 414 297
1612 90 33 288 232.10
513 677 218 235
1613 60 70 253 39.43
68 52 200 171
1614 111 47 270 84.94
125 112 709 113
1615 54 154 286 129.20
203 735 157 141
1616 38 185 285 39.03
69 68 76 340
1617 51 99 287 33.32
51 52 249 51
1618 5 47 140 125.28
354 67 56 66
1619 49 36 283 101.35
141 537 296 139
1620 30 16 135 260.91
417 448 1400 1129
1621 35 0 251 124.48
195 720 148 115
1622 7 0 242 3.83
6 7 7 44
1623 120 47 196 26.00
49 49 41 192
1624 42 100 287 214.02
329 407 963 1361
1625 68 1 76 39.15
54 56 347 49
1626 102 87 235 31.28
85 29 18 19
1627 58 22 230 192.63
271 498 1313 289
1628 65 49 288 26.49
47 52 51 212
1629 36 103 251 2.47
4 4 4 29
1630 152 82 288 31.51
56 56 49 292
1631 75 2 207 70.66
79 540 92 99
1632 55 59 271 169.83
378 529 117 119
1633 49 25 276 519.53
1218 1188 581 346
1634 114 104 287 260.16
735 117 157 124
1635 92 71 244 38.98
63 67 149 279
1636 171 9 237 49.03
68 68 429 74
1637 77 50 151 114.01
201 583 98 96
1638 43 4 247 18.69
26 32 153 30
1639 29 169 288 23.41
40 36 37 255
1640 54 119 287 399.48
629 1211 1663 1247
1641 145 1 288 209.44
336 391 755 1532
1642 16 162 273 133.01
239 201 455 805
1643 34 7 126 150.95
226 213 1107 411
1644 11 76 278 302.15
855 152 160 121
1645 140 4 178 102.10
176 188 201 918
1646 47 59 279 449.64
909 1393 873 497
1647 56 73 190 655.54
1510 1333 1111 555
1648 34 132 231 41.26
65 72 180 271
1649 3 37 105 410.50
1143 285 193 238
1650 9 224 287 19.77
24 148 21 20
1651 99 27 261 69.77
108 127 410 258
1652 45 71 206 123.40
207 179 637 546
1653 20 71 276 624.66
1285 1632 1543 629
1654 39 1 236 47.65
73 80 351 65
1655 9 1 250 3.36
4 25 4 4
1656 175 2 223 337.04
951 169 186 160
1657 10 273 286 247.76
604 506 200 177
1658 47 29 108 115.77
161 756 123 162
1659 28 82 251 111.26
315 54 56 54
1660 29 1 171 113.35
190 602 121 119
1661 101 10 287 61.78
110 104 104 571
1662 5 156 254 72.09
134 109 106 655
1663 90 5 234 37.97
67 61 69 358
1664 97 120 277 82.92
126 417 204 108
1665 92 28 208 120.89
164 754 196 198
1666 3 163 287 37.92
58 46 309 47
1667 89 63 288 434.26
857 1178 1274 413
1668 75 3 172 273.05
372 746 1572 1038
1669 36 26 134 679.84
1504 1424 1550 523
1670 174 13 285 218.97
465 732 220 179
1671 109 1 148 216.25
352 296 1014 1365
1672 108 139 285 242.46
609 429 164 184
1673 23 0 244 329.22
487 1058 1331 1366
1674 1 25 167 211.74
371 307 1016 870
1675 74 163 287 212.89
337 631 1085 285
1676 11 43 238 100.95
281 64 56 61
1677 60 2 117 817.00
1847 1533 1455 1425
1678 57 6 134 251.52
351 956 1260 409
1679 81 129 288 31.35
86 24 21 17
1680 43 25 131 21.56
36 47 46 181
1681 15 2 147 867.73
1863 1960 1955 1080
1682 127 2 160 123.73
283 332 99 113
1683 44 136 269 65.49
184 35 38 32
1684 132 4 267 193.71
550 100 78 93
1685 18 0 26 45.18
129 19 21 19
1686 5 33 236 342.63
932 334 185 171
1687 117 135 279 49.22
86 85 87 463
1688 1 0 245 284.77
462 1384 609 289
1689 28 21 123 442.93
1169 578 260 242
1690 36 12 213 7.75
11 10 67 12
1691 63 46 164 327.35
916 182 193 184
1692 6 38 233 273.64
750 238 158 123
1693 183 2 280 113.63
195 194 173 1181
1694 31 152 271 259.20
439 1046 706 342
1695 104 6 219 32.52
45 208 41 49
1696 39 4 270 21.98
33 32 174 30
1697 29 148 254 130.14
176 853 167 185
1698 12 183 259 25.01
69 17 15 18
1699 173 18 250 176.68
302 293 684 1049
1700 100 41 226 156.42
238 518 779 217
1701 16 71 266 371.75
576 1198 1440 1293
1702 3 131 244 479.16
1041 1263 811 420
1703 6 44 288 486.49
1361 323 241 212
1704 71 97 276 161.00
281 217 910 451
1705 138 2 187 345.50
920 396 207 231
1706 11 26 288 5.45
7 37 8 7
1707 31 69 226 95.57
142 165 719 149
1708 30 108 287 761.75
1700 1461 1717 822
1709 40 12 195 111.35
123 865 131 163
1710 55 135 236 124.34
233 226 185 985
1711 87 34 224 20.24
32 43 33 219
1712 14 226 285 64.93
89 420 89 81
1713 11 155 288 543.32
947 1675 1697 1460
1714 39 6 248 137.84
240 182 728 508
1715 47 30 287 365.46
872 806 312 313
1716 49 212 287 288.98
393 881 1482 1197
1717 3 5 231 111.50
318 51 49 45
1718 127 46 285 198.43
383 830 208 182
1719 7 138 288 16.98
21 124 17 23
1720 13 138 287 61.97
90 385 70 84
1721 34 43 278 46.89
59 326 63 67
1722 23 143 251 135.26
159 843 401 203
1723 44 133 284 108.77
179 157 759 137
1724 51 4 125 412.38
616 1523 1458 1452
1725 246 10 288 32.15
52 49 66 362
1726 43 118 287 39.10
53 68 333 53
1727 53 68 211 91.89
130 120 782 169
1728 100 20 228 234.80
659 147 112 108
1729 2 96 232 318.09
501 1343 1034 435
1730 116 4 250 237.48
422 364 982 1149
1731 18 1 248 81.01
136 126 144 880
1732 64 160 250 83.72
101 613 109 94
1733 84 36 288 0.63
1 1 1 8
1734 35 240 287 35.88
63 63 57 343
1735 13 36 248 2.25
3 15 3 3
1736 21 100 225 104.22
169 231 194 991
1737 41 30 179 264.44
547 982 217 223
1738 2 39 193 154.00
221 772 459 230
1739 50 3 261 386.92
867 1114 351 295
1740 64 0 284 31.94
56 57 52 301
1741 72 201 288 150.71
423 83 80 87
1742 14 42 246 45.44
77 86 90 419
1743 21 13 87 7.66
13 15 14 71
1744 3 86 206 287.31
459 780 1332 805
1745 118 32 267 325.56
913 194 172 156
1746 31 41 272 46.47
79 80 78 477
1747 3 91 288 5.66
10 8 34 9
1748 37 12 80 176.61
227 1070 423 287
1749 126 0 133 78.34
140 134 137 700
1750 70 139 288 163.51
308 252 458 979
1751 27 165 233 268.73
412 741 1335 783
1752 35 175 287 613.90
1414 1334 876 593
1753 62 209 287 388.66
1098 192 207 189
1754 54 32 287 9.30
17 17 15 77
1755 102 0 108 6.74
11 12 12 73
1756 148 9 261 169.29
242 749 665 244
1757 60 5 186 12.66
21 22 26 127
1758 46 86 177 187.88
297 329 883 1090
1759 40 2 77 159.73
276 249 476 1239
1760 53 199 287 33.60
61 57 57 292
1761 179 27 287 19.28
27 125 21 26
1762 60 9 235 269.46
379 1219 1086 340
1763 75 98 203 64.30
106 115 138 633
1764 65 10 219 376.52
832 1090 394 328
1765 61 65 288 806.72
1850 1523 1594 697
1766 105 12 288 224.96
644 79 110 107
1767 4 47 266 73.64
103 107 620 133
1768 21 27 157 8.71
13 50 14 11
1769 81 68 286 115.51
154 640 357 129
1770 96 14 200 115.84
220 162 214 939
1771 27 5 220 339.82
949 205 197 176
1772 61 91 288 43.35
69 63 238 215
1773 151 1 242 49.05
88 90 82 423
1774 8 7 249 140.54
231 182 907 391
1775 39 143 273 25.38
41 37 177 42
1776 4 59 170 63.94
77 457 92 90
1777 29 177 251 242.20
692 112 88 114
1778 131 14 277 6.41
12 9 11 56
1779 74 103 288 625.60
1386 1495 1074 604
1780 48 188 288 327.42
633 1391 302 304
1781 60 29 256 172.50
303 306 572 1042
1782 115 36 266 19.04
53 12 11 11
1783 50 62 241 6.39
9 8 57 8
1784 42 6 268 84.47
125 126 688 93
1785 20 48 215 11.41
31 8 9 10
1786 79 25 134 19.00
26 125 23 24
1787 89 71 197 100.62
284 57 45 48
1788 11 0 148 57.93
75 373 112 74
1789 36 2 185 122.84
193 449 494 194
1790 85 87 287 118.16
244 432 102 116
1791 14 196 287 459.37
1150 820 322 358
1792 22 34 245 26.58
46 54 49 228
1793 28 40 197 114.08
153 773 121 155
1794 18 15 219 248.37
321 1344 852 347
1795 16 136 285 68.24
85 486 90 78
1796 180 31 241 489.19
1348 388 259 278
1797 41 63 280 6.04
8 10 53 9
1798 105 1 249 48.89
139 22 25 20
1799 28 16 216 167.74
218 1091 289 240
1800 16 114 279 426.21
948 1244 385 376
1801 175 105 282 85.90
143 161 151 871
1802 31 10 75 426.79
1105 596 296 325
1803 40 235 287 581.26
1356 1484 433 451
1804 64 110 248 4.34
8 7 22 8
1805 69 12 166 130.12
371 52 66 59
1806 73 12 227 5.35
9 11 9 51
1807 128 35 246 202.00
472 508 163 144
1808 26 80 279 548.67
1355 1063 399 408
1809 13 75 287 188.54
295 365 851 1102
1810 58 100 251 384.60
1042 339 249 275
1811 3 135 280 85.03
110 590 92 127
1812 76 4 121 1.69
3 3 3 15
1813 32 74 174 579.43
1239 1510 1079 641
1814 94 8 195 272.44
761 151 170 155
1815 66 22 287 102.95
161 129 792 159
1816 41 88 176 27.45
44 44 190 41
1817 11 31 274 267.54
752 143 158 120
1818 85 5 138 10.68
19 16 18 105
1819 69 82 209 102.69
154 283 616 136
1820 58 134 284 468.45
1167 896 321 281
1821 97 1 217 21.09
35 41 41 203
1822 11 243 287 102.43
163 193 216 1069
1823 20 2 284 41.82
60 262 56 43
1824 41 80 178 456.01
892 1652 737 501
1825 32 3 260 43.23
53 316 52 47
1826 2 159 287 578.02
1130 1744 1487 589
1827 101 6 269 14.00
39 8 9 8
1828 159 48 231 3.55
6 8 6 31
1829 108 48 242 13.24
37 8 8 6
1830 32 32 215 278.43
642 772 174 205
1831 44 12 254 246.61
387 461 1435 831
1832 100 36 287 68.92
127 122 104 583
1833 10 1 257 39.78
53 265 52 53
1834 54 2 274 259.83
700 256 162 173
1835 9 22 287 48.16
52 381 59 62
1836 73 11 134 41.35
70 69 82 410
1837 33 145 281 6.08
9 37 7 8
1838 11 12 167 77.63
120 154 335 494
1839 30 1 244 283.15
445 1474 534 338
1840 53 197 288 442.01
1090 905 269 310
1841 4 207 280 180.91
269 655 887 199
1842 97 154 287 27.52
78 13 13 15
1843 12 0 163 409.98
1094 467 261 220
1844 7 155 260 406.86
807 1497 601 335
1845 42 26 222 64.55
111 125 113 594
1846 126 116 282 63.17
99 84 368 316
1847 112 5 207 60.73
108 92 100 598
1848 11 19 275 802.66
1825 1692 1407 741
1849 20 70 180 119.55
328 85 78 88
1850 26 69 288 82.31
154 135 132 680
1851 160 42 288 97.90
270 66 65 61
1852 15 135 227 291.89
732 521 203 213
1853 2 100 278 375.96
906 844 268 258
1854 16 5 287 116.29
184 192 612 576
1855 110 6 243 381.57
1091 170 152 161
1856 31 11 234 154.37
234 630 612 184
1857 14 0 172 608.03
1343 1455 1094 538
1858 9 84 165 281.30
669 674 179 233
1859 141 2 179 107.76
189 196 219 917
1860 16 182 236 45.11
71 86 131 407
1861 76 182 287 144.91
255 244 260 1349
1862 64 101 261 170.86
486 78 76 86
1863 19 236 287 166.37
467 92 86 99
1864 3 0 16 231.66
346 497 1183 1164
1865 51 27 86 19.37
24 139 24 24
1866 7 52 210 58.99
91 114 267 362
1867 37 1 241 33.23
42 232 44 43
1868 109 32 191 31.23
40 208 49 48
1869 33 19 287 201.06
320 329 1011 1073
1870 55 154 280 472.68
1166 967 305 294
1871 80 173 287 17.38
26 27 134 27
1872 24 17 229 559.42
1154 1457 1400 496
1873 42 5 199 47.81
64 319 65 53
1874 73 32 146 194.41
279 761 912 266
1875 117 3 172 168.37
472 103 87 79
1876 1 2 32 35.41
60 66 67 336
1877 81 87 279 13.90
23 25 21 153
1878 156 0 282 26.75
44 45 45 298
1879 48 113 284 72.37
92 503 97 91
1880 66 19 265 7.28
11 11 55 13
1881 21 66 201 128.54
177 675 403 165
1882 67 3 181 387.72
865 1152 286 373
1883 10 7 205 7.58
21 5 5 4
1884 51 30 246 45.20
127 24 25 25
1885 11 139 235 51.61
83 103 86 555
1886 166 28 288 3.97
5 5 39 6
1887 70 5 156 53.54
69 377 62 59
1888 112 58 288 38.63
65 68 109 313
1889 69 13 117 391.41
1053 392 234 282
1890 31 65 235 68.99
81 516 84 88
1891 70 42 238 191.48
507 261 92 89
1892 22 104 287 248.23
679 223 121 154
1893 22 10 189 451.87
1285 229 193 180
1894 35 82 239 393.24
1100 245 210 191
1895 23 111 287 64.79
119 108 87 595
1896 19 112 139 270.07
757 161 143 134
1897 17 104 227 39.31
65 59 209 169
1898 140 14 247 233.04
648 138 145 148
1899 26 36 145 159.49
275 235 871 495
1900 82 169 287 209.53
589 121 95 124
1901 89 28 252 253.19
689 247 121 153
1902 138 64 255 107.60
302 53 72 51
1903 34 68 288 267.79
416 384 1478 1472
1904 4 7 250 40.93
76 56 75 361
1905 11 0 220 233.39
368 1263 356 286
1906 1 45 103 22.80
33 32 189 35
1907 42 55 174 178.26
513 68 67 71
1908 50 124 287 16.67
47 9 8 9
1909 47 48 195 320.58
778 674 265 208
1910 44 161 287 12.77
22 23 20 127
1911 45 7 142 201.32
300 382 1188 851
1912 82 2 191 76.58
125 141 123 842
1913 18 14 262 120.02
175 188 706 685
1914 44 216 288 39.83
64 64 277 54
1915 15 158 288 104.59
174 138 549 506
1916 28 47 253 471.53
911 1484 1180 514
1917 14 203 287 38.84
60 62 286 56
1918 16 205 288 41.66
57 274 52 50
1919 25 41 117 86.72
244 45 47 48
1920 126 29 287 11.67
17 18 93 19
1921 76 200 288 118.59
226 191 173 967
1922 2 154 201 365.08
980 354 243 279
1923 42 61 240 481.37
1357 247 252 256
1924 136 32 265 13.48
18 90 18 16
1925 122 18 253 211.95
288 734 1095 602
1926 43 140 287 71.06
159 215 49 57
1927 21 50 248 19.87
26 132 28 30
1928 36 128 254 144.18
200 569 740 153
1929 24 18 240 14.21
25 25 25 130
1930 18 102 283 212.33
336 384 896 1394
1931 3 175 287 63.19
76 448 101 81
1932 22 187 288 403.24
1043 632 222 230
1933 4 125 267 14.93
42 8 8 8
1934 117 24 260 6.43
11 13 11 59
1935 85 80 266 254.74
564 779 197 221
1936 53 4 227 433.72
1144 580 231 252
1937 20 201 277 155.69
224 646 674 208
1938 21 18 169 264.86
418 479 1417 1156
1939 40 211 287 383.38
777 1208 690 444
1940 30 1 264 48.98
75 67 380 75
1941 6 28 187 143.13
212 259 815 720
1942 60 22 230 8.52
14 12 60 11
1943 33 56 287 3.33
6 5 6 31
1944 4 158 266 27.99
79 15 14 13
1945 204 20 275 13.20
23 22 21 132
1946 53 105 288 278.31
775 152 187 172
1947 102 11 201 67.16
186 41 44 45
1948 15 5 109 103.58
179 206 151 985
1949 2 124 245 55.72
94 113 98 522
1950 43 55 253 299.36
384 1188 1570 668
1951 79 27 279 88.39
126 222 589 156
1952 59 161 288 94.56
156 189 148 980
1953 145 23 278 177.88
289 298 762 1111
1954 15 55 277 237.17
361 1197 593 269
1955 9 38 236 143.69
186 834 406 201
1956 22 89 287 398.50
1056 443 288 281
1957 42 53 154 2.32
4 4 5 21
1958 24 7 92 105.04
151 650 150 109
1959 99 171 288 0.47
1 1 1 1
1960 5 22 287 485.60
775 1639 1772 1368
1961 3 127 269 224.99
270 1040 1183 315
1962 10 49 229 49.97
78 82 148 494
1963 63 3 265 46.57
76 91 78 490
1964 104 40 265 35.65
49 49 314 57
1965 4 267 287 200.52
306 329 957 1354
1966 7 56 235 98.93
165 156 401 633
1967 35 39 224 55.02
78 74 462 105
1968 28 7 174 20.01
57 9 9 9
1969 89 113 288 803.27
1717 1770 1705 1449
1970 10 9 189 165.93
254 290 608 1424
1971 21 0 162 441.21
1235 267 228 242
1972 34 53 147 573.61
1336 1292 678 491
1973 6 9 52 5.54
10 11 9 45
1974 41 46 205 57.32
101 90 105 547
1975 27 134 277 113.70
180 163 727 379
1976 154 120 287 107.01
153 664 150 123
1977 129 10 288 32.76
55 63 58 320
1978 28 58 154 259.11
661 419 178 167
1979 17 30 201 57.79
82 90 464 115
1980 17 134 272 131.50
168 603 630 179
1981 37 58 277 185.61
513 112 140 106
1982 139 38 249 198.69
217 1464 377 277
1983 4 108 262 187.91
308 362 1058 488
1984 2 95 201 535.33
1049 1654 1293 563
1985 51 82 209 136.15
172 768 461 164
1986 128 19 288 91.98
172 133 135 840
1987 47 10 142 52.51
89 100 94 502
1988 30 0 149 11.46
20 18 23 108
1989 34 180 279 17.96
26 23 154 24
1990 89 13 153 256.78
416 594 1191 947
1991 58 71 271 285.95
737 443 178 174
1992 35 26 288 54.74
153 32 29 35
1993 49 33 267 63.85
120 125 93 478
1994 13 19 269 31.65
55 58 44 316
1995 82 12 233 8.52
15 14 15 81
1996 6 75 280 4.65
8 8 8 46
1997 33 173 288 302.34
485 857 1274 966
1998 10 2 103 485.55
923 1388 1488 615
1999 63 0 67 168.37
278 265 708 1067
