288
0 0.03636
1 0.03636
2 0.03636
3 0.03636
4 0.03636
5 0.03636
6 0.03610
7 0.03610
8 0.03610
9 0.03610
10 0.03610
11 0.03610
12 0.03214
13 0.03214
14 0.03214
15 0.03214
16 0.03214
17 0.03214
18 0.03030
19 0.03030
20 0.03030
21 0.03030
22 0.03030
23 0.03030
24 0.03214
25 0.03214
26 0.03214
27 0.03214
28 0.03214
29 0.03214
30 0.03036
31 0.03036
32 0.03036
33 0.03036
34 0.03036
35 0.03036
36 0.03036
37 0.03036
38 0.03036
39 0.03036
40 0.03036
41 0.03036
42 0.03036
43 0.03036
44 0.03036
45 0.03036
46 0.03036
47 0.03036
48 0.03020
49 0.03020
50 0.03020
51 0.03020
52 0.03020
53 0.03020
54 0.03030
55 0.03030
56 0.03030
57 0.03030
58 0.03030
59 0.03030
60 0.03030
61 0.03030
62 0.03030
63 0.03030
64 0.03030
65 0.03030
66 0.03151
67 0.03151
68 0.03151
69 0.03151
70 0.03151
71 0.03151
72 0.04860
73 0.04860
74 0.04860
75 0.04860
76 0.04860
77 0.04860
78 0.05168
79 0.05168
80 0.05168
81 0.05168
82 0.05168
83 0.05168
84 0.05594
85 0.05594
86 0.05594
87 0.05594
88 0.05594
89 0.05594
90 0.05628
91 0.05628
92 0.05628
93 0.05628
94 0.05628
95 0.05628
96 0.05643
97 0.05643
98 0.05643
99 0.05643
100 0.05643
101 0.05643
102 0.05625
103 0.05625
104 0.05625
105 0.05625
106 0.05625
107 0.05625
108 0.05623
109 0.05623
110 0.05623
111 0.05623
112 0.05623
113 0.05623
114 0.05623
115 0.05623
116 0.05623
117 0.05623
118 0.05623
119 0.05623
120 0.05622
121 0.05622
122 0.05622
123 0.05622
124 0.05622
125 0.05622
126 0.05620
127 0.05620
128 0.05620
129 0.05620
130 0.05620
131 0.05620
132 0.05619
133 0.05619
134 0.05619
135 0.05619
136 0.05619
137 0.05619
138 0.05617
139 0.05617
140 0.05617
141 0.05617
142 0.05617
143 0.05617
144 0.05615
145 0.05615
146 0.05615
147 0.05615
148 0.05615
149 0.05615
150 0.05512
151 0.05512
152 0.05512
153 0.05512
154 0.05512
155 0.05512
156 0.05409
157 0.05409
158 0.05409
159 0.05409
160 0.05409
161 0.05409
162 0.05251
163 0.05251
164 0.05251
165 0.05251
166 0.05251
167 0.05251
168 0.05220
169 0.05220
170 0.05220
171 0.05220
172 0.05220
173 0.05220
174 0.05145
175 0.05145
176 0.05145
177 0.05145
178 0.05145
179 0.05145
180 0.05169
181 0.05169
182 0.05169
183 0.05169
184 0.05169
185 0.05169
186 0.05214
187 0.05214
188 0.05214
189 0.05214
190 0.05214
191 0.05214
192 0.05326
193 0.05326
194 0.05326
195 0.05326
196 0.05326
197 0.05326
198 0.05443
199 0.05443
200 0.05443
201 0.05443
202 0.05443
203 0.05443
204 0.05619
205 0.05619
206 0.05619
207 0.05619
208 0.05619
209 0.05619
210 0.05620
211 0.05620
212 0.05620
213 0.05620
214 0.05620
215 0.05620
216 0.06043
217 0.06043
218 0.06043
219 0.06043
220 0.06043
221 0.06043
222 0.06114
223 0.06114
224 0.06114
225 0.06114
226 0.06114
227 0.06114
228 0.06114
229 0.06114
230 0.06114
231 0.06114
232 0.06114
233 0.06114
234 0.06114
235 0.06114
236 0.06114
237 0.06114
238 0.06114
239 0.06114
240 0.06114
241 0.06114
242 0.06114
243 0.06114
244 0.06114
245 0.06114
246 0.05844
247 0.05844
248 0.05844
249 0.05844
250 0.05844
251 0.05844
252 0.05443
253 0.05443
254 0.05443
255 0.05443
256 0.05443
257 0.05443
258 0.04960
259 0.04960
260 0.04960
261 0.04960
262 0.04960
263 0.04960
264 0.04299
265 0.04299
266 0.04299
267 0.04299
268 0.04299
269 0.04299
270 0.03505
271 0.03505
272 0.03505
273 0.03505
274 0.03505
275 0.03505
276 0.03906
277 0.03906
278 0.03906
279 0.03906
280 0.03906
281 0.03906
282 0.03505
283 0.03505
284 0.03505
285 0.03505
286 0.03505
287 0.03505
