288
0 0.04817
1 0.04817
2 0.04817
3 0.04817
4 0.04817
5 0.04817
6 0.04775
7 0.04775
8 0.04775
9 0.04775
10 0.04775
11 0.04775
12 0.04775
13 0.04775
14 0.04775
15 0.04775
16 0.04775
17 0.04775
18 0.04775
19 0.04775
20 0.04775
21 0.04775
22 0.04775
23 0.04775
24 0.04121
25 0.04121
26 0.04121
27 0.04121
28 0.04121
29 0.04121
30 0.04100
31 0.04100
32 0.04100
33 0.04100
34 0.04100
35 0.04100
36 0.03636
37 0.03636
38 0.03636
39 0.03636
40 0.03636
41 0.03636
42 0.03600
43 0.03600
44 0.03600
45 0.03600
46 0.03600
47 0.03600
48 0.03600
49 0.03600
50 0.03600
51 0.03600
52 0.03600
53 0.03600
54 0.03600
55 0.03600
56 0.03600
57 0.03600
58 0.03600
59 0.03600
60 0.04600
61 0.04600
62 0.04600
63 0.04600
64 0.04600
65 0.04600
66 0.04600
67 0.04600
68 0.04600
69 0.04600
70 0.04600
71 0.04600
72 0.04793
73 0.04793
74 0.04793
75 0.04793
76 0.04793
77 0.04793
78 0.04793
79 0.04793
80 0.04793
81 0.04793
82 0.04793
83 0.04793
84 0.05003
85 0.05003
86 0.05003
87 0.05003
88 0.05003
89 0.05003
90 0.06947
91 0.06947
92 0.06947
93 0.06947
94 0.06947
95 0.06947
96 0.06382
97 0.06382
98 0.06382
99 0.06382
100 0.06382
101 0.06382
102 0.06414
103 0.06414
104 0.06414
105 0.06414
106 0.06414
107 0.06414
108 0.05502
109 0.05502
110 0.05502
111 0.05502
112 0.05502
113 0.05502
114 0.05550
115 0.05550
116 0.05550
117 0.05550
118 0.05550
119 0.05550
120 0.05585
121 0.05585
122 0.05585
123 0.05585
124 0.05585
125 0.05585
126 0.05563
127 0.05563
128 0.05563
129 0.05563
130 0.05563
131 0.05563
132 0.05549
133 0.05549
134 0.05549
135 0.05549
136 0.05549
137 0.05549
138 0.05543
139 0.05543
140 0.05543
141 0.05543
142 0.05543
143 0.05543
144 0.05540
145 0.05540
146 0.05540
147 0.05540
148 0.05540
149 0.05540
150 0.05543
151 0.05543
152 0.05543
153 0.05543
154 0.05543
155 0.05543
156 0.05505
157 0.05505
158 0.05505
159 0.05505
160 0.05505
161 0.05505
162 0.05126
163 0.05126
164 0.05126
165 0.05126
166 0.05126
167 0.05126
168 0.05103
169 0.05103
170 0.05103
171 0.05103
172 0.05103
173 0.05103
174 0.05103
175 0.05103
176 0.05103
177 0.05103
178 0.05103
179 0.05103
180 0.05126
181 0.05126
182 0.05126
183 0.05126
184 0.05126
185 0.05126
186 0.05126
187 0.05126
188 0.05126
189 0.05126
190 0.05126
191 0.05126
192 0.05160
193 0.05160
194 0.05160
195 0.05160
196 0.05160
197 0.05160
198 0.07063
199 0.07063
200 0.07063
201 0.07063
202 0.07063
203 0.07063
204 0.07760
205 0.07760
206 0.07760
207 0.07760
208 0.07760
209 0.07760
210 0.28364
211 0.28364
212 0.28364
213 0.28364
214 0.28364
215 0.28364
216 0.17305
217 0.17305
218 0.17305
219 0.17305
220 0.17305
221 0.17305
222 0.11716
223 0.11716
224 0.11716
225 0.11716
226 0.11716
227 0.11716
228 0.07760
229 0.07760
230 0.07760
231 0.07760
232 0.07760
233 0.07760
234 0.07063
235 0.07063
236 0.07063
237 0.07063
238 0.07063
239 0.07063
240 0.07063
241 0.07063
242 0.07063
243 0.07063
244 0.07063
245 0.07063
246 0.07063
247 0.07063
248 0.07063
249 0.07063
250 0.07063
251 0.07063
252 0.05551
253 0.05551
254 0.05551
255 0.05551
256 0.05551
257 0.05551
258 0.05126
259 0.05126
260 0.05126
261 0.05126
262 0.05126
263 0.05126
264 0.05026
265 0.05026
266 0.05026
267 0.05026
268 0.05026
269 0.05026
270 0.11500
271 0.11500
272 0.11500
273 0.11500
274 0.11500
275 0.11500
276 0.05026
277 0.05026
278 0.05026
279 0.05026
280 0.05026
281 0.05026
282 0.05026
283 0.05026
284 0.05026
285 0.05026
286 0.05026
287 0.05026
