5
1
10
0 150 0.1 0.1
5638
1 150 0.1 0.1
5437
2 130 0.0 0.1
5435
3 170 0.1 0.1
5550
4 120 0.1 0.1
5491
5 130 0.0 0.1
5480
6 130 0.0 0.1
5502
7 150 0.1 0.1
5680
8 150 0.1 0.1
5557
9 150 0.1 0.1
5330
200
0 80 11 179 78.25
431
1 23 47 282 15.25
84
2 24 21 276 34.31
189
3 95 17 209 107.84
594
4 15 163 286 149.41
823
5 6 71 133 244.00
1344
6 16 16 182 228.93
1261
7 8 81 243 334.59
1843
8 8 24 191 56.64
312
9 74 128 287 5.45
30
10 104 24 288 12.53
69
11 72 60 276 79.15
436
12 76 2 288 30.32
167
13 10 6 170 329.32
1814
14 32 177 240 291.56
1606
15 3 110 235 153.59
846
16 162 72 264 68.08
375
17 93 67 227 638.85
3519
18 77 22 189 247.26
1362
19 92 52 214 42.48
234
20 64 192 262 3.63
20
21 155 42 287 232.38
1280
22 19 1 271 448.23
2469
23 11 0 122 482.36
2657
24 7 241 288 311.71
1717
25 125 4 176 34.13
188
26 22 1 44 231.29
1274
27 26 32 213 238.55
1314
28 45 40 256 43.21
238
29 49 142 287 243.81
1343
30 27 25 288 622.15
3427
31 66 210 288 40.30
222
32 39 94 232 263.78
1453
33 34 19 213 192.98
1063
34 18 39 182 116.01
639
35 104 130 271 207.69
1144
36 21 63 132 36.31
200
37 38 68 269 91.86
506
38 33 0 203 171.38
944
39 190 70 288 62.81
346
40 79 87 288 54.28
299
41 13 61 283 75.16
414
42 68 12 127 99.49
548
43 16 81 287 109.65
604
44 78 12 267 8.17
45
45 110 91 261 171.92
947
46 47 10 288 382.70
2108
47 32 42 153 54.28
299
48 30 52 253 357.64
1970
49 105 3 279 440.61
2427
50 30 5 278 676.43
3726
51 80 9 263 160.12
882
52 20 121 240 90.41
498
53 113 26 176 439.16
2419
54 16 80 226 10.17
56
55 2 180 239 165.93
914
56 89 9 284 37.94
209
57 8 49 257 489.26
2695
58 20 46 288 4.54
25
59 2 16 168 221.67
1221
60 44 27 271 275.95
1520
61 118 80 263 198.25
1092
62 1 0 233 599.46
3302
63 109 1 255 34.67
191
64 18 71 268 27.05
149
65 36 11 195 153.04
843
66 12 26 152 55.19
304
67 43 173 273 670.44
3693
68 5 30 127 106.20
585
69 98 69 287 256.89
1415
70 22 174 226 210.77
1161
71 110 3 197 58.28
321
72 33 84 287 189.90
1046
73 17 14 186 336.04
1851
74 55 8 141 428.08
2358
75 21 0 170 134.52
741
76 8 49 288 83.51
460
77 15 2 72 36.67
202
78 7 137 275 22.87
126
79 22 205 285 604.18
3328
80 47 15 94 463.66
2554
81 151 8 287 176.28
971
82 77 26 226 440.24
2425
83 35 8 245 43.39
239
84 36 3 228 121.82
671
85 122 17 242 264.87
1459
86 6 146 260 30.68
169
87 7 3 214 17.25
95
88 97 37 287 188.81
1040
89 24 66 227 25.60
141
90 74 64 247 25.60
141
91 76 148 288 51.20
282
92 95 174 283 48.11
265
93 30 30 239 117.46
647
94 1 7 288 594.38
3274
95 34 24 122 5.99
33
96 9 1 153 262.69
1447
97 167 20 285 108.75
599
98 10 83 262 38.49
212
99 26 220 288 17.25
95
100 18 130 286 133.62
736
101 1 0 163 37.22
205
102 6 159 287 59.36
327
103 40 43 125 7.08
39
104 2 75 255 201.51
1110
105 46 2 129 40.85
225
106 8 145 282 89.50
493
107 18 206 287 13.98
77
108 102 12 169 40.30
222
109 79 166 287 1.82
10
110 16 9 96 205.51
1132
111 68 46 250 44.66
246
112 51 103 230 135.25
745
113 24 6 110 205.15
1130
114 37 6 287 275.22
1516
115 136 15 180 368.53
2030
116 23 213 288 51.74
285
117 11 12 46 245.81
1354
118 77 1 229 823.12
4534
119 90 9 244 7.99
44
120 126 2 270 101.48
559
121 6 5 113 367.45
2024
122 211 27 287 195.34
1076
123 12 64 192 289.56
1595
124 16 52 263 149.96
826
125 78 46 255 46.66
257
126 165 84 287 150.86
831
127 27 4 286 185.36
1021
128 30 46 194 301.54
1661
129 62 182 288 10.17
56
130 140 46 277 334.40
1842
131 1 183 287 149.23
822
132 2 192 287 6.17
34
133 19 94 287 353.29
1946
134 183 45 279 236.55
1303
135 33 77 265 301.18
1659
136 31 1 247 625.24
3444
137 21 190 287 137.97
760
138 7 106 171 117.28
646
139 51 17 169 78.43
432
140 9 2 16 229.65
1265
141 117 139 286 218.76
1205
142 55 167 279 135.07
744
143 91 161 286 5.26
29
144 85 3 287 30.14
166
145 54 15 150 251.80
1387
146 38 193 285 196.61
1083
147 50 57 262 39.03
215
148 23 36 288 72.44
399
149 128 13 287 70.08
386
150 15 25 249 431.17
2375
151 8 52 189 238.00
1311
152 81 64 258 374.53
2063
153 12 48 281 5.08
28
154 71 12 281 693.32
3819
155 55 176 253 432.26
2381
156 11 60 285 31.59
174
157 25 49 260 308.26
1698
158 60 108 267 365.81
2015
159 22 257 286 387.60
2135
160 12 214 288 751.23
4138
161 19 84 281 82.60
455
162 74 10 127 200.61
1105
163 75 1 188 28.50
157
164 36 60 237 47.93
264
165 24 31 192 476.92
2627
166 1 94 288 412.11
2270
167 38 60 235 86.60
477
168 144 49 248 122.36
674
169 107 83 288 107.66
593
170 146 40 280 37.22
205
171 64 44 260 3.63
20
172 1 16 286 114.19
629
173 80 13 236 20.70
114
174 14 7 153 6.35
35
175 119 101 267 23.42
129
176 21 6 248 2.18
12
177 1 274 288 628.69
3463
178 9 69 145 374.16
2061
179 67 89 243 25.23
139
180 18 19 88 135.25
745
181 33 69 259 68.44
377
182 5 226 236 381.97
2104
183 40 100 221 41.21
227
184 33 131 274 468.20
2579
185 36 109 248 34.13
188
186 33 219 287 577.86
3183
187 29 115 217 141.06
777
188 32 203 287 36.13
199
189 82 178 283 104.57
576
190 12 20 287 52.83
291
191 68 14 257 31.23
172
192 35 126 288 394.68
2174
193 58 12 140 195.89
1079
194 13 87 276 55.01
303
195 138 62 240 40.30
222
196 14 4 101 42.12
232
197 23 209 287 6.72
37
198 102 86 288 421.73
2323
199 39 8 65 37.76
208
