5
2
25
0 190 0.1 0.0
3301 3275
1 150 0.1 0.1
3307 3228
2 120 0.1 0.1
3247 3236
3 150 0.1 0.1
3146 3289
4 170 0.1 0.1
3172 3340
5 130 0.0 0.1
3260 3246
6 170 0.1 0.1
3229 3285
7 150 0.1 0.1
3183 3271
8 130 0.0 0.1
3319 3275
9 170 0.1 0.1
3314 3267
10 190 0.1 0.0
3185 3208
11 130 0.0 0.1
3351 3166
12 130 0.0 0.1
3175 3326
13 150 0.1 0.1
3222 3203
14 190 0.1 0.0
3270 3173
15 130 0.0 0.1
3306 3166
16 190 0.1 0.0
3390 3218
17 170 0.1 0.1
3326 3307
18 170 0.1 0.1
3230 3263
19 170 0.1 0.1
3308 3324
20 130 0.0 0.1
3163 3147
21 190 0.1 0.0
3249 3291
22 190 0.1 0.0
3330 3261
23 170 0.1 0.1
3183 3258
24 170 0.1 0.1
3226 3339
200
0 145 23 288 66.91
120 674
1 111 27 222 226.23
851 201
2 47 44 234 123.77
253 1102
3 66 0 201 120.10
459 73
4 208 50 287 169.01
642 121
5 152 0 265 101.12
384 73
6 7 4 118 641.30
2081 2116
7 146 62 287 551.84
2084 452
8 20 61 288 377.28
870 2898
9 146 64 287 106.56
170 1172
10 100 15 191 135.28
516 87
11 85 11 250 57.51
106 566
12 28 75 192 182.89
330 1833
13 8 123 228 638.05
2423 460
14 27 157 288 173.47
380 1426
15 73 74 206 154.50
584 124
16 72 25 267 173.75
659 129
17 13 14 256 86.79
151 896
18 40 202 288 327.92
1222 345
19 48 47 287 141.10
257 1403
20 108 15 218 143.63
231 1571
21 140 105 283 17.08
27 189
22 54 209 287 240.78
619 1552
23 137 70 287 559.10
2132 362
24 81 0 207 350.45
893 2296
25 141 133 287 184.77
337 1835
26 26 2 219 586.68
2199 558
27 6 63 287 141.12
262 1380
28 117 5 271 157.19
246 1751
29 97 145 288 34.50
62 347
30 36 6 101 133.73
254 1281
31 30 223 288 17.42
32 172
32 20 43 144 418.99
1577 368
33 94 165 259 82.15
165 745
34 127 14 174 36.62
77 316
35 52 3 183 114.66
190 1228
36 22 10 146 133.80
271 1203
37 25 0 113 366.50
995 2116
38 1 157 279 323.69
1237 197
39 174 33 264 209.03
588 1111
40 190 1 242 65.37
250 39
41 106 126 287 154.21
582 128
42 38 0 121 350.02
1316 314
43 15 11 256 56.14
104 550
44 79 59 264 18.85
37 175
45 166 27 287 679.13
2562 569
46 25 7 59 171.36
314 1695
47 54 4 223 704.40
2676 503
48 30 16 165 14.15
30 121
49 154 5 206 187.45
333 1903
50 143 87 287 478.83
1683 977
51 15 66 264 70.90
124 729
52 117 9 191 64.07
118 631
53 95 10 187 229.79
534 1746
54 74 21 142 253.09
952 225
55 23 58 284 387.83
1480 246
56 18 1 281 8.73
33 7
57 9 14 253 154.53
588 106
58 25 80 286 295.06
1048 551
59 106 59 225 53.43
86 584
60 169 21 288 80.30
132 865
61 5 1 81 9.40
23 66
62 26 0 137 396.92
1496 339
63 16 237 287 100.96
381 84
64 25 199 288 626.91
1860 2882
65 53 5 107 137.65
517 126
66 94 98 288 520.44
1964 433
67 8 181 213 290.00
1094 243
68 132 6 281 537.59
1972 712
69 29 1 259 519.23
1935 546
70 17 0 152 135.27
280 1188
71 154 40 270 165.38
258 1846
72 96 66 285 103.38
196 992
73 25 5 252 24.26
92 18
74 80 90 288 462.93
1756 343
75 45 9 183 325.95
902 1802
76 223 42 283 386.75
1309 1024
77 13 184 211 573.96
1886 1784
78 41 227 287 313.26
839 1862
79 160 41 243 107.31
183 1125
80 92 19 263 552.11
2057 583
81 10 207 288 161.33
281 1664
82 18 66 287 390.60
1402 661
83 82 2 233 138.54
516 147
84 34 2 48 245.97
929 201
85 79 6 287 782.55
2600 2299
86 98 151 283 107.32
203 1032
87 158 59 272 251.95
550 2080
88 22 8 120 36.91
64 382
89 173 75 271 283.67
745 1755
90 1 197 285 54.26
208 30
91 219 8 282 21.69
45 190
92 124 10 255 176.75
391 1435
93 109 123 268 73.29
148 661
94 125 147 276 255.51
593 1945
95 124 64 288 527.02
1936 685
96 91 73 216 147.07
227 1653
97 43 11 188 7.19
13 72
98 45 190 288 106.35
179 1126
99 21 0 130 99.70
217 826
100 120 3 220 62.03
120 584
101 88 1 100 164.02
435 995
102 23 49 285 470.09
1762 447
103 89 82 288 164.96
626 121
104 231 36 281 259.45
972 249
105 35 21 72 219.24
317 2564
106 25 196 288 95.14
169 966
107 29 22 288 86.88
335 39
108 22 17 214 149.42
568 105
109 89 1 287 118.51
442 123
110 82 40 258 174.69
673 81
111 69 135 288 208.45
800 111
112 106 2 288 218.21
821 193
113 156 121 287 63.30
107 668
114 87 11 184 559.73
2103 509
115 117 17 247 524.92
1983 427
116 104 12 136 102.80
159 1154
117 43 165 287 530.80
1769 1534
118 71 171 287 292.18
547 2836
119 19 203 287 71.50
118 768
120 19 5 41 72.68
119 785
121 49 69 287 200.12
766 116
122 7 0 270 5.77
11 55
123 121 127 280 133.22
501 119
124 45 0 155 70.78
116 764
125 19 170 288 141.94
223 1577
126 38 225 287 17.21
65 14
127 119 3 249 574.08
2083 867
128 23 203 284 11.71
24 104
129 72 45 287 162.07
273 1715
130 31 64 147 81.37
118 950
131 86 138 288 1.16
2 12
132 77 10 239 506.72
1892 516
133 142 35 288 520.49
1964 434
134 82 121 287 205.77
357 2129
135 73 13 117 102.35
163 1127
136 52 6 186 455.21
1370 2002
137 6 0 217 457.13
1729 362
138 239 23 287 10.65
41 5
139 64 62 286 21.62
43 198
140 108 48 210 309.57
1181 198
141 137 4 196 707.36
2371 1981
142 70 3 99 647.77
2386 812
143 3 39 120 36.13
59 391
144 21 94 287 355.06
1352 239
145 1 129 268 170.40
367 1430
146 143 52 208 2.77
6 23
147 146 9 250 400.21
1521 283
148 106 83 276 562.03
1958 1228
149 216 15 288 66.06
110 705
150 11 174 287 349.70
1331 238
151 117 23 288 601.92
2136 1133
152 4 1 251 521.63
1706 1659
153 11 193 288 328.01
1253 202
154 174 5 287 486.41
1792 608
155 15 1 157 701.81
2459 1468
156 9 0 99 67.61
114 715
157 116 89 250 401.64
1538 230
158 90 128 288 228.56
869 160
159 26 108 255 628.45
2003 2243
160 143 32 272 94.27
139 1090
161 3 10 226 453.77
1729 300
162 110 48 266 25.03
40 275
163 49 6 288 11.73
20 123
164 86 0 284 77.59
153 717
165 225 48 287 186.94
370 1721
166 136 1 284 1.16
2 12
167 95 56 288 132.99
250 1286
168 195 50 286 278.12
1043 262
169 83 13 265 426.40
1215 2194
170 124 60 276 479.81
1800 449
171 229 44 279 265.63
1011 181
172 52 149 288 489.71
1384 2573
173 46 59 217 134.43
317 1000
174 87 3 212 186.98
353 1801
175 10 57 240 764.15
2625 1843
176 160 18 283 339.72
1187 726
177 161 6 269 445.18
1694 305
178 10 92 224 419.01
1429 1059
179 178 44 285 51.89
198 33
180 76 21 280 16.28
29 165
181 61 25 202 626.79
2392 397
182 90 25 161 156.68
595 113
183 70 108 288 104.97
183 1082
184 73 22 278 638.19
2244 1298
185 72 48 288 354.83
1335 314
186 94 97 288 57.69
219 42
187 22 93 288 696.66
2489 1233
188 80 86 288 95.21
360 76
189 25 10 133 45.76
87 438
190 8 262 287 722.36
2687 783
191 219 47 282 41.37
156 35
192 158 9 211 54.26
97 548
193 14 152 288 304.87
967 1110
194 15 171 287 374.28
1423 262
195 38 1 188 332.27
1098 1004
196 12 54 284 249.06
434 2568
197 169 58 280 39.93
86 335
198 73 117 224 577.57
1824 2140
199 6 84 284 143.06
542 109
