288
0 0.04537
1 0.04537
2 0.04537
3 0.04537
4 0.04537
5 0.04537
6 0.04509
7 0.04509
8 0.04509
9 0.04509
10 0.04509
11 0.04509
12 0.04509
13 0.04509
14 0.04509
15 0.04509
16 0.04509
17 0.04509
18 0.04509
19 0.04509
20 0.04509
21 0.04509
22 0.04509
23 0.04509
24 0.04509
25 0.04509
26 0.04509
27 0.04509
28 0.04509
29 0.04509
30 0.04506
31 0.04506
32 0.04506
33 0.04506
34 0.04506
35 0.04506
36 0.04350
37 0.04350
38 0.04350
39 0.04350
40 0.04350
41 0.04350
42 0.04350
43 0.04350
44 0.04350
45 0.04350
46 0.04350
47 0.04350
48 0.04265
49 0.04265
50 0.04265
51 0.04265
52 0.04265
53 0.04265
54 0.04265
55 0.04265
56 0.04265
57 0.04265
58 0.04265
59 0.04265
60 0.04506
61 0.04506
62 0.04506
63 0.04506
64 0.04506
65 0.04506
66 0.04506
67 0.04506
68 0.04506
69 0.04506
70 0.04506
71 0.04506
72 0.04560
73 0.04560
74 0.04560
75 0.04560
76 0.04560
77 0.04560
78 0.04558
79 0.04558
80 0.04558
81 0.04558
82 0.04558
83 0.04558
84 0.04560
85 0.04560
86 0.04560
87 0.04560
88 0.04560
89 0.04560
90 0.04986
91 0.04986
92 0.04986
93 0.04986
94 0.04986
95 0.04986
96 0.04986
97 0.04986
98 0.04986
99 0.04986
100 0.04986
101 0.04986
102 0.04986
103 0.04986
104 0.04986
105 0.04986
106 0.04986
107 0.04986
108 0.09457
109 0.09457
110 0.09457
111 0.09457
112 0.09457
113 0.09457
114 0.09457
115 0.09457
116 0.09457
117 0.09457
118 0.09457
119 0.09457
120 0.09457
121 0.09457
122 0.09457
123 0.09457
124 0.09457
125 0.09457
126 0.09457
127 0.09457
128 0.09457
129 0.09457
130 0.09457
131 0.09457
132 0.09457
133 0.09457
134 0.09457
135 0.09457
136 0.09457
137 0.09457
138 0.09457
139 0.09457
140 0.09457
141 0.09457
142 0.09457
143 0.09457
144 0.09457
145 0.09457
146 0.09457
147 0.09457
148 0.09457
149 0.09457
150 0.09457
151 0.09457
152 0.09457
153 0.09457
154 0.09457
155 0.09457
156 0.09457
157 0.09457
158 0.09457
159 0.09457
160 0.09457
161 0.09457
162 0.08137
163 0.08137
164 0.08137
165 0.08137
166 0.08137
167 0.08137
168 0.04986
169 0.04986
170 0.04986
171 0.04986
172 0.04986
173 0.04986
174 0.05696
175 0.05696
176 0.05696
177 0.05696
178 0.05696
179 0.05696
180 0.05696
181 0.05696
182 0.05696
183 0.05696
184 0.05696
185 0.05696
186 0.05696
187 0.05696
188 0.05696
189 0.05696
190 0.05696
191 0.05696
192 0.05746
193 0.05746
194 0.05746
195 0.05746
196 0.05746
197 0.05746
198 0.13083
199 0.13083
200 0.13083
201 0.13083
202 0.13083
203 0.13083
204 0.16235
205 0.16235
206 0.16235
207 0.16235
208 0.16235
209 0.16235
210 0.16235
211 0.16235
212 0.16235
213 0.16235
214 0.16235
215 0.16235
216 0.22514
217 0.22514
218 0.22514
219 0.22514
220 0.22514
221 0.22514
222 0.21783
223 0.21783
224 0.21783
225 0.21783
226 0.21783
227 0.21783
228 0.18636
229 0.18636
230 0.18636
231 0.18636
232 0.18636
233 0.18636
234 0.16245
235 0.16245
236 0.16245
237 0.16245
238 0.16245
239 0.16245
240 0.16235
241 0.16235
242 0.16235
243 0.16235
244 0.16235
245 0.16235
246 0.08138
247 0.08138
248 0.08138
249 0.08138
250 0.08138
251 0.08138
252 0.04986
253 0.04986
254 0.04986
255 0.04986
256 0.04986
257 0.04986
258 0.05696
259 0.05696
260 0.05696
261 0.05696
262 0.05696
263 0.05696
264 0.05696
265 0.05696
266 0.05696
267 0.05696
268 0.05696
269 0.05696
270 0.05696
271 0.05696
272 0.05696
273 0.05696
274 0.05696
275 0.05696
276 0.05696
277 0.05696
278 0.05696
279 0.05696
280 0.05696
281 0.05696
282 0.05508
283 0.05508
284 0.05508
285 0.05508
286 0.05508
287 0.05508
