5
3
40
0 150 0.1 0.1
2440 2330 2547
1 130 0.0 0.1
2507 2566 2446
2 170 0.1 0.1
2581 2515 2520
3 130 0.0 0.1
2518 2483 2515
4 170 0.1 0.1
2471 2521 2556
5 150 0.1 0.1
2470 2461 2503
6 190 0.1 0.0
2550 2398 2421
7 150 0.1 0.1
2513 2550 2566
8 190 0.1 0.0
2490 2425 2492
9 120 0.1 0.1
2444 2417 2543
10 130 0.0 0.1
2510 2471 2460
11 130 0.0 0.1
2583 2502 2541
12 120 0.1 0.1
2527 2477 2390
13 190 0.1 0.0
2433 2517 2513
14 130 0.0 0.1
2364 2493 2504
15 150 0.1 0.1
2513 2527 2523
16 170 0.1 0.1
2551 2471 2538
17 170 0.1 0.1
2658 2462 2352
18 120 0.1 0.1
2505 2530 2559
19 120 0.1 0.1
2552 2564 2574
20 190 0.1 0.0
2491 2447 2471
21 120 0.1 0.1
2550 2494 2452
22 130 0.0 0.1
2522 2387 2483
23 130 0.0 0.1
2452 2490 2526
24 130 0.0 0.1
2439 2532 2526
25 190 0.1 0.0
2556 2503 2553
26 120 0.1 0.1
2456 2574 2526
27 150 0.1 0.1
2372 2550 2527
28 130 0.0 0.1
2474 2460 2386
29 170 0.1 0.1
2446 2536 2445
30 120 0.1 0.1
2463 2490 2401
31 190 0.1 0.0
2472 2428 2495
32 120 0.1 0.1
2600 2363 2506
33 190 0.1 0.0
2526 2540 2500
34 120 0.1 0.1
2495 2574 2507
35 170 0.1 0.1
2456 2528 2647
36 150 0.1 0.1
2488 2359 2483
37 150 0.1 0.1
2449 2477 2535
38 190 0.1 0.0
2515 2497 2537
39 150 0.1 0.1
2538 2458 2469
500
0 94 118 280 186.06
593 101 109
1 20 186 288 289.10
467 1513 1316
2 153 7 204 151.88
479 96 104
3 6 226 288 168.05
279 271 1625
4 126 25 280 10.92
18 16 109
5 15 0 206 111.30
195 194 983
6 30 20 288 736.71
1910 2135 895
7 61 71 285 124.33
197 202 1266
8 3 10 288 105.08
338 49 52
9 145 22 272 435.45
1016 1831 466
10 12 60 287 68.89
98 567 97
11 112 35 227 427.31
764 2035 1731
12 105 6 219 518.32
1102 1839 1817
13 42 4 70 287.18
912 184 149
14 12 32 270 134.12
216 236 1314
15 104 108 288 636.75
1875 995 480
16 61 2 213 181.76
305 449 1501
17 104 4 153 23.22
74 13 13
18 41 120 205 20.48
65 13 11
19 97 42 264 140.72
250 215 1264
20 113 29 201 132.94
217 366 1084
21 1 26 245 103.31
166 189 1004
22 184 45 273 0.44
1 1 2
23 20 72 287 649.97
1789 1578 521
24 166 38 258 207.91
297 1623 416
25 205 10 280 710.24
1985 1614 524
26 191 25 288 530.45
1668 376 337
27 66 60 285 224.61
720 115 113
28 30 146 287 818.72
2153 2190 1056
29 14 39 197 301.62
957 179 184
30 24 11 69 226.44
334 732 1933
31 121 43 260 13.92
25 24 119
32 53 125 288 234.50
390 762 1687
33 129 14 288 263.81
407 1090 1771
34 58 9 220 14.09
25 24 123
35 13 0 262 43.19
68 70 443
36 109 16 288 35.58
112 23 25
37 13 1 208 204.89
329 840 1295
38 114 4 287 46.16
81 81 406
39 38 0 170 64.87
207 34 38
40 53 186 287 18.62
32 31 171
41 30 235 288 19.46
28 159 27
42 118 15 208 79.29
132 126 767
43 118 11 241 86.19
273 53 53
44 145 59 261 336.40
537 1378 2150
45 107 16 182 494.87
1203 1693 773
46 175 1 278 283.82
900 185 152
47 93 66 274 456.66
1431 327 320
48 9 153 251 931.08
2390 2290 1911
49 44 30 275 32.07
101 21 22
50 80 129 261 160.33
512 87 87
51 149 41 280 83.40
127 647 118
52 123 84 288 456.98
1453 280 244
53 60 3 237 55.99
82 447 83
54 13 36 288 220.50
343 728 1735
55 54 55 248 155.00
254 280 1477
56 151 4 252 569.48
1207 2121 1872
57 78 2 147 527.07
1623 528 344
58 20 20 148 48.63
80 90 458
59 17 68 219 56.56
180 34 30
60 19 74 284 333.17
1053 203 224
61 111 7 224 36.42
68 61 296
62 50 118 286 61.58
102 90 611
63 4 131 288 423.60
1198 901 306
64 194 35 251 195.38
618 119 128
65 199 45 286 114.19
212 173 964
66 85 7 218 135.13
233 228 1231
67 50 6 241 589.09
1592 1531 527
68 158 22 235 277.79
881 159 181
69 101 3 115 6.14
12 11 45
70 49 78 286 106.92
162 688 369
71 137 15 216 189.08
602 108 107
72 75 27 208 514.59
1596 482 306
73 20 6 132 157.49
261 264 1511
74 16 0 197 812.16
2102 1981 1571
75 15 17 194 314.02
831 913 259
76 139 3 218 174.84
554 107 107
77 41 3 54 50.40
158 34 38
78 98 42 288 323.60
1025 203 193
79 202 17 227 42.20
68 71 418
80 30 239 287 559.82
1794 281 294
81 59 84 244 219.00
607 515 171
82 40 53 196 84.90
135 470 363
83 50 107 287 414.55
1059 1362 373
84 143 16 198 36.95
60 70 351
85 60 114 287 418.41
1324 243 288
86 43 33 209 63.90
107 116 592
87 248 24 287 283.82
909 151 140
88 2 8 112 101.88
162 173 1022
89 77 6 229 25.60
39 194 43
90 193 23 262 509.78
1201 1864 884
91 84 0 229 319.78
528 1240 2026
92 37 72 233 200.38
313 1474 349
93 35 78 287 153.04
262 231 1448
94 137 37 272 268.35
427 1471 1167
95 128 136 287 53.65
90 94 501
96 21 0 159 633.51
1686 1767 568
97 8 15 242 87.41
276 53 61
98 189 7 253 21.51
38 34 193
99 23 73 121 26.02
38 206 42
100 25 55 234 509.99
1425 1148 395
101 72 0 160 286.52
920 143 139
102 23 1 253 189.90
280 1311 576
103 81 104 288 144.77
196 1229 217
104 64 131 274 302.40
458 1664 1468
105 103 12 260 639.26
1753 1584 510
106 91 3 204 80.89
121 480 351
107 23 43 259 282.31
814 523 211
108 20 190 278 69.49
93 599 98
109 1 0 31 349.85
716 1664 787
110 32 239 288 202.53
280 1644 376
111 7 132 287 12.82
22 32 102
112 15 2 193 588.84
1241 1995 2282
113 43 88 236 291.58
924 181 174
114 69 0 180 132.37
223 223 1243
115 7 6 220 232.73
736 148 144
116 17 44 176 313.52
489 1741 1399
117 168 40 234 114.23
362 65 77
118 94 23 272 7.49
12 53 14
119 205 9 261 145.34
457 104 91
120 71 7 101 268.43
714 749 243
121 137 63 232 130.66
303 560 137
122 82 81 287 412.61
1241 540 286
123 71 0 83 89.31
286 47 45
124 197 56 287 246.46
783 139 154
125 5 0 36 148.29
238 806 641
126 42 12 233 503.81
1580 375 323
127 51 37 285 785.28
2078 2008 1061
128 30 63 222 98.29
313 57 54
129 120 46 269 61.07
99 110 590
130 141 1 279 208.31
309 1532 478
131 105 0 277 552.11
1728 455 312
132 83 3 278 258.29
441 888 1705
133 6 138 288 686.42
1896 1610 588
134 38 103 287 11.58
20 19 106
135 138 0 287 84.14
154 162 674
136 18 16 195 556.37
1705 591 370
137 18 7 204 445.46
1076 1722 447
138 1 231 287 135.68
214 646 750
139 1 13 231 409.11
1272 376 232
140 220 53 288 60.50
107 107 525
141 106 13 200 202.72
641 135 117
142 21 58 278 164.89
260 843 825
143 35 39 282 180.22
294 302 1762
144 127 114 287 4.51
8 8 39
145 2 0 207 77.29
133 183 627
146 75 38 287 729.10
1859 2090 1139
147 8 43 288 223.83
341 1652 442
148 125 2 281 18.54
28 141 32
149 24 173 277 253.88
413 1239 1270
150 53 71 140 2.36
4 4 22
151 66 5 178 191.14
609 108 107
152 50 1 268 63.20
112 121 533
153 141 26 265 129.50
209 207 1297
154 76 68 266 171.00
266 489 1459
155 33 6 287 341.29
533 1566 2012
156 48 106 288 176.44
277 527 1454
157 78 5 202 605.90
1800 876 452
158 94 73 225 365.37
1069 596 286
159 97 49 284 173.74
267 487 1520
160 37 177 239 291.42
739 979 268
161 55 58 255 153.20
259 269 1416
162 243 19 283 409.34
1296 247 263
163 9 144 214 63.92
202 41 40
164 27 29 215 55.21
174 36 37
165 15 1 243 281.36
900 148 149
166 44 0 98 155.69
494 93 94
167 6 0 104 298.71
444 1397 1879
168 88 32 287 569.86
1783 481 309
169 74 10 143 359.23
1144 201 208
170 28 159 288 252.91
786 221 163
171 12 8 122 508.35
1612 322 286
172 100 26 253 104.60
169 610 382
173 73 139 270 111.64
173 492 698
174 135 36 192 58.86
103 99 526
175 73 8 134 407.78
1267 377 234
176 226 37 287 68.49
219 38 34
177 112 7 154 520.56
1643 345 324
178 78 16 261 187.77
294 1412 276
179 64 182 288 169.55
303 262 1506
180 1 0 54 368.28
1164 222 251
181 128 89 264 11.07
20 17 97
182 7 87 269 473.47
1502 282 289
183 114 1 148 670.05
1908 1362 488
184 23 35 264 154.55
491 91 91
185 1 8 245 79.35
129 571 122
186 25 8 197 283.09
450 1136 1858
187 116 0 209 317.54
504 1780 1331
188 32 86 267 538.97
1319 1756 912
189 112 6 287 104.34
330 62 71
190 112 24 288 204.30
643 132 145
191 148 10 197 177.18
303 298 1633
192 15 149 204 170.56
543 96 99
193 142 9 284 26.17
44 39 254
194 48 3 162 51.62
82 84 524
195 12 81 203 35.68
59 64 337
196 28 30 288 310.48
985 183 192
197 8 6 279 284.22
640 1312 291
198 117 29 288 194.85
620 108 118
199 134 60 279 162.55
277 276 1501
200 30 0 275 820.49
2114 2048 1584
201 37 35 287 508.18
1623 282 265
202 72 13 288 18.28
33 31 156
203 19 57 257 293.76
582 1628 449
204 15 1 66 64.51
114 109 568
205 25 5 245 817.37
2237 1866 922
206 21 20 288 502.21
1580 365 300
207 31 3 197 54.87
91 104 508
208 4 0 184 156.41
494 103 96
209 156 46 287 88.17
281 49 50
210 6 52 226 443.88
1424 225 219
211 36 17 193 133.93
198 1067 189
212 25 2 268 37.20
60 66 363
213 159 3 284 598.63
1682 1305 462
214 5 0 90 28.49
36 259 35
215 68 63 282 60.40
106 106 531
216 111 58 283 141.42
231 220 1406
217 13 0 197 117.40
374 69 62
218 9 65 269 270.90
706 828 239
219 10 26 247 57.51
183 31 36
220 69 7 179 67.99
123 120 571
221 219 9 243 0.93
2 2 5
222 32 1 200 291.98
935 146 159
223 127 1 282 123.96
212 228 1113
224 1 181 194 649.45
1903 1081 456
225 13 1 185 6.26
9 51 9
226 69 40 288 3.82
7 7 31
227 84 58 274 229.59
354 847 1695
228 10 167 268 52.83
90 83 498
229 19 23 280 193.25
268 1438 549
230 86 99 288 191.44
300 484 1713
231 56 94 241 277.62
446 1001 1959
232 92 61 288 538.25
1136 1932 1912
233 10 61 214 186.14
591 103 122
234 105 51 269 873.04
2219 2076 2053
235 51 2 126 180.79
262 1491 216
236 59 76 248 290.70
528 1789 513
237 80 85 283 83.64
268 42 44
238 35 0 212 6.45
9 54 9
239 56 65 148 57.68
99 97 529
240 16 17 288 9.93
16 19 95
241 66 49 287 599.15
1431 1962 1246
242 5 0 192 311.05
500 1302 1922
243 5 101 276 65.69
115 111 586
244 5 142 288 451.35
1432 271 271
245 53 9 215 322.16
755 1359 315
246 118 4 277 464.78
1467 294 310
247 73 7 93 142.26
454 76 81
248 66 48 213 55.42
95 102 496
249 6 135 288 205.19
342 582 1598
250 111 18 259 32.58
50 247 52
251 67 34 287 256.24
820 133 136
252 164 12 288 5.74
11 12 41
253 25 26 251 549.24
1673 639 353
254 6 34 212 39.75
126 23 26
255 67 73 193 23.22
74 13 13
256 186 8 281 251.33
800 148 137
257 56 4 235 107.23
179 199 991
258 182 7 287 462.67
1221 1338 416
259 18 1 202 890.21
2242 2280 1993
260 101 67 199 106.73
185 157 1000
261 7 103 259 333.34
563 1437 1807
262 75 48 251 687.87
1762 2041 914
263 65 166 288 22.02
40 36 188
264 16 22 274 486.40
1066 1739 1462
265 38 187 281 195.11
449 834 232
266 59 30 287 836.73
2089 2178 1949
267 77 59 282 136.42
231 231 1271
268 60 3 251 357.84
901 1231 331
269 20 13 275 299.39
450 1369 1895
270 43 72 264 322.98
1022 186 225
271 76 10 287 180.24
282 313 1830
272 76 5 260 222.20
395 1475 291
273 64 219 288 158.69
260 249 1569
274 11 1 102 172.27
240 1435 252
275 60 156 283 93.29
296 58 53
276 29 22 282 63.37
112 117 543
277 4 196 287 195.78
307 998 996
278 62 153 288 319.86
716 1516 298
279 134 25 285 281.95
893 172 176
280 23 3 282 294.07
935 175 165
281 87 5 198 63.64
202 38 38
282 9 67 276 114.68
211 172 984
283 101 73 287 568.91
1383 2066 709
284 30 9 254 532.35
1455 1310 472
285 126 34 207 58.37
95 94 578
286 153 128 287 215.77
335 1622 338
287 86 117 287 81.48
115 674 116
288 39 50 272 320.64
533 1293 1932
289 17 20 105 622.05
1564 2112 633
290 227 19 287 95.82
305 54 56
291 40 217 287 221.95
710 119 114
292 45 9 261 34.84
58 64 324
293 21 1 140 449.79
1030 1649 981
294 52 125 274 576.82
1251 2035 1867
295 31 0 248 549.34
1737 354 335
296 80 37 288 114.82
171 883 201
297 67 26 283 59.68
111 102 485
298 95 2 282 2.28
4 4 20
299 69 7 260 596.01
1394 1987 1393
300 129 22 274 250.06
391 1094 1551
301 254 23 288 248.88
789 158 141
302 93 18 196 163.20
522 85 88
303 60 161 258 129.54
221 549 701
304 59 75 271 29.14
43 230 45
305 37 72 258 224.44
716 117 134
306 112 26 235 36.04
59 55 359
307 22 1 118 555.31
1699 629 330
308 110 165 288 255.95
809 161 164
309 14 0 183 134.25
199 1082 167
310 67 129 284 239.43
745 184 186
311 92 4 257 4.43
8 8 37
312 134 9 256 148.44
239 857 561
313 71 0 230 510.06
1617 309 311
314 17 0 56 482.68
1216 1633 483
315 108 45 190 60.44
96 102 608
316 164 12 224 600.99
1835 687 374
317 216 2 260 464.32
1057 1804 904
318 29 0 82 145.63
244 236 1391
319 31 227 287 148.31
221 1015 447
320 172 47 286 140.49
237 208 1360
321 63 81 277 303.31
471 1543 1580
322 111 10 280 30.47
48 227 46
323 69 6 261 301.62
479 1287 1868
324 89 75 282 11.98
20 32 96
325 25 36 288 7.78
13 53 14
326 5 0 35 26.40
46 38 247
327 88 49 287 163.62
275 301 1503
328 98 24 288 651.56
1438 2195 2090
329 66 101 270 542.11
1377 1847 444
330 52 0 251 570.98
1636 1126 397
331 245 10 288 55.17
100 92 470
332 8 99 287 150.38
265 245 1343
333 3 161 287 852.06
2103 2133 2282
334 9 17 196 52.76
89 84 502
335 21 14 285 262.17
630 1030 261
336 87 7 151 165.20
521 114 99
337 12 239 287 305.04
500 1229 1889
338 26 154 287 137.81
236 221 1284
339 11 139 288 474.38
958 1941 1630
340 258 0 287 220.39
377 581 1715
341 87 3 238 92.03
154 636 150
342 178 43 288 239.33
385 677 1964
343 30 1 94 120.03
200 206 1137
344 81 25 273 128.81
189 1024 195
345 75 42 259 281.23
891 170 176
346 177 69 258 266.81
829 238 166
347 12 179 278 46.48
148 28 24
348 54 18 281 309.45
576 1640 845
349 17 1 92 160.27
265 266 1546
350 89 47 287 668.07
1757 1992 553
351 109 7 287 68.01
115 111 641
352 16 1 215 41.37
74 72 355
353 19 1 136 237.85
367 1485 843
354 17 264 287 68.18
117 105 640
355 88 28 287 168.79
537 96 99
356 31 142 287 134.77
241 227 1168
357 95 34 152 110.90
186 171 1071
358 41 13 174 96.44
159 157 938
359 66 148 288 198.25
628 121 123
360 115 13 193 306.22
648 1583 350
361 16 21 269 192.60
321 335 1817
362 19 152 273 428.64
1363 248 250
363 82 38 215 69.99
225 35 32
364 128 34 195 268.49
821 290 184
365 90 3 221 131.63
221 200 1274
366 30 0 220 54.58
99 100 451
367 68 1 169 0.44
1 1 2
368 59 30 223 487.01
1117 1864 932
369 133 87 288 53.92
91 93 502
370 43 208 287 277.18
549 1506 470
371 104 8 219 311.64
504 1320 1881
372 180 37 288 381.29
1217 193 232
373 72 51 266 260.84
430 1061 1583
374 191 11 238 622.48
1681 1610 577
375 71 101 223 254.49
646 838 255
376 38 6 288 0.93
2 2 5
377 17 1 44 704.57
1869 2023 588
378 71 128 285 212.61
345 954 1195
379 154 39 288 47.98
84 89 416
380 57 31 281 141.44
215 887 518
381 32 127 288 860.24
2205 2095 1819
382 23 138 286 397.74
1169 675 235
383 42 24 288 449.87
832 1863 2048
384 28 134 277 325.79
981 431 211
385 45 2 261 136.71
219 361 1167
386 122 20 271 56.43
97 80 539
387 64 2 71 111.24
201 189 947
388 12 0 77 120.77
214 227 1025
389 54 2 185 90.11
284 57 63
390 20 1 155 117.00
197 220 1065
391 195 7 287 142.05
198 978 515
392 99 46 287 374.57
1193 208 218
393 154 24 281 39.41
70 71 338
394 30 78 287 44.94
74 85 420
395 161 0 264 637.55
1421 1987 2189
396 107 19 287 20.48
65 13 11
397 125 35 287 109.81
188 177 1022
398 51 3 288 143.50
323 659 153
399 21 0 180 130.18
223 203 1221
400 30 58 288 158.16
258 276 1530
401 148 5 254 76.76
246 38 41
402 95 80 214 711.55
1989 1602 545
403 4 0 93 55.38
176 32 33
404 5 129 156 59.15
102 107 528
405 39 84 265 15.82
28 28 137
406 9 77 256 349.72
1103 232 223
407 182 35 259 128.28
214 207 1233
408 24 0 71 244.94
361 1329 1287
409 93 19 287 37.66
62 60 369
410 21 180 288 59.74
94 105 601
411 88 2 245 281.57
890 182 173
412 44 26 263 52.64
92 92 466
413 58 24 242 662.88
1888 1350 476
414 168 78 288 241.50
390 746 1877
415 7 29 240 332.96
1009 429 188
416 120 7 217 593.25
1571 1712 501
417 195 1 244 112.99
191 196 1048
418 121 12 288 212.55
356 587 1667
419 167 49 288 631.12
1891 858 440
420 113 21 261 14.34
26 22 125
421 117 10 174 498.69
1592 286 251
422 7 74 274 220.26
611 507 185
423 57 154 288 84.52
234 194 75
424 43 0 260 249.96
704 537 193
425 75 114 287 406.56
1115 1027 294
426 82 164 284 111.18
202 198 925
427 203 54 287 502.11
1556 462 320
428 65 5 99 138.80
232 222 1334
429 215 2 279 131.25
207 792 475
430 11 7 288 58.84
94 106 578
431 263 19 284 96.63
309 54 47
432 13 132 240 413.33
1312 266 217
433 70 0 184 381.25
603 1975 1856
434 58 1 286 271.36
867 154 134
435 235 16 261 370.28
1169 255 214
436 214 2 255 193.42
435 882 218
437 137 1 247 204.36
361 535 1516
438 102 127 287 460.92
1440 363 304
439 69 101 261 367.27
1175 184 207
440 87 65 255 50.13
69 417 80
441 22 1 84 289.05
921 161 165
442 106 23 230 313.39
558 1841 763
443 140 76 288 689.94
1734 2083 1096
444 66 3 261 43.40
72 88 393
445 55 114 206 80.01
253 50 51
446 97 181 287 534.29
1627 624 343
447 174 31 232 52.17
165 32 34
448 15 0 196 577.54
1572 1451 513
449 83 125 287 278.36
881 178 166
450 153 132 287 241.25
599 858 240
451 92 9 149 500.78
1277 1627 494
452 1 38 254 125.77
398 78 79
453 69 1 74 635.70
1350 2283 2198
454 162 1 179 741.56
2047 1807 543
455 76 122 266 554.13
1763 307 337
456 134 68 287 16.76
31 31 134
457 87 164 288 558.03
1728 516 361
458 14 31 288 122.37
169 1031 172
459 46 241 287 233.21
442 1441 274
460 69 163 287 279.25
480 1798 564
461 95 22 288 311.05
500 1242 2012
462 30 14 288 187.83
287 1429 301
463 103 168 288 820.41
1988 2256 2152
464 159 36 274 17.08
29 28 160
465 18 52 288 177.41
310 653 1057
466 15 47 277 54.28
88 86 542
467 162 115 288 165.39
293 261 1479
468 18 111 270 81.95
229 180 70
469 59 1 132 850.37
2066 2341 2189
470 9 148 265 428.97
895 1902 1053
471 137 13 195 243.57
364 1576 863
472 49 76 281 32.03
45 261 53
473 141 69 276 180.09
270 1092 742
474 27 37 193 86.17
131 666 127
475 101 0 177 364.27
598 1682 1928
476 148 15 205 289.67
474 1148 1828
477 99 31 287 268.41
707 774 254
478 51 60 255 3.58
7 6 27
479 15 2 206 81.97
137 183 710
480 186 10 226 19.68
35 35 169
481 156 2 171 207.55
665 108 104
482 35 155 207 143.84
196 1213 219
483 75 82 287 260.84
834 129 153
484 139 17 238 113.58
198 178 1040
485 88 22 288 90.21
134 714 130
486 81 56 272 119.11
188 898 161
487 116 170 288 37.24
63 66 343
488 69 9 82 855.94
2160 2319 1696
489 10 42 286 197.34
631 106 103
490 151 8 247 387.20
1154 577 237
491 38 12 143 216.97
341 881 1436
492 189 11 287 332.37
523 1489 1986
493 34 88 256 141.58
210 944 471
494 35 41 148 63.92
96 503 89
495 13 0 27 556.81
1743 434 350
496 98 68 192 215.77
686 126 125
497 56 2 245 179.42
254 1144 760
498 206 28 247 417.99
768 1807 1824
499 58 10 287 27.27
40 221 35
