288
0 0.05048
1 0.05048
2 0.05048
3 0.05048
4 0.05048
5 0.05048
6 0.05025
7 0.05025
8 0.05025
9 0.05025
10 0.05025
11 0.05025
12 0.04798
13 0.04798
14 0.04798
15 0.04798
16 0.04798
17 0.04798
18 0.04798
19 0.04798
20 0.04798
21 0.04798
22 0.04798
23 0.04798
24 0.04140
25 0.04140
26 0.04140
27 0.04140
28 0.04140
29 0.04140
30 0.03847
31 0.03847
32 0.03847
33 0.03847
34 0.03847
35 0.03847
36 0.03847
37 0.03847
38 0.03847
39 0.03847
40 0.03847
41 0.03847
42 0.03847
43 0.03847
44 0.03847
45 0.03847
46 0.03847
47 0.03847
48 0.03847
49 0.03847
50 0.03847
51 0.03847
52 0.03847
53 0.03847
54 0.03847
55 0.03847
56 0.03847
57 0.03847
58 0.03847
59 0.03847
60 0.03847
61 0.03847
62 0.03847
63 0.03847
64 0.03847
65 0.03847
66 0.03847
67 0.03847
68 0.03847
69 0.03847
70 0.03847
71 0.03847
72 0.04231
73 0.04231
74 0.04231
75 0.04231
76 0.04231
77 0.04231
78 0.04231
79 0.04231
80 0.04231
81 0.04231
82 0.04231
83 0.04231
84 0.04231
85 0.04231
86 0.04231
87 0.04231
88 0.04231
89 0.04231
90 0.04231
91 0.04231
92 0.04231
93 0.04231
94 0.04231
95 0.04231
96 0.04231
97 0.04231
98 0.04231
99 0.04231
100 0.04231
101 0.04231
102 0.04568
103 0.04568
104 0.04568
105 0.04568
106 0.04568
107 0.04568
108 0.05078
109 0.05078
110 0.05078
111 0.05078
112 0.05078
113 0.05078
114 0.05470
115 0.05470
116 0.05470
117 0.05470
118 0.05470
119 0.05470
120 0.05501
121 0.05501
122 0.05501
123 0.05501
124 0.05501
125 0.05501
126 0.05660
127 0.05660
128 0.05660
129 0.05660
130 0.05660
131 0.05660
132 0.05173
133 0.05173
134 0.05173
135 0.05173
136 0.05173
137 0.05173
138 0.05264
139 0.05264
140 0.05264
141 0.05264
142 0.05264
143 0.05264
144 0.05244
145 0.05244
146 0.05244
147 0.05244
148 0.05244
149 0.05244
150 0.05239
151 0.05239
152 0.05239
153 0.05239
154 0.05239
155 0.05239
156 0.05113
157 0.05113
158 0.05113
159 0.05113
160 0.05113
161 0.05113
162 0.04946
163 0.04946
164 0.04946
165 0.04946
166 0.04946
167 0.04946
168 0.04946
169 0.04946
170 0.04946
171 0.04946
172 0.04946
173 0.04946
174 0.04946
175 0.04946
176 0.04946
177 0.04946
178 0.04946
179 0.04946
180 0.04946
181 0.04946
182 0.04946
183 0.04946
184 0.04946
185 0.04946
186 0.04946
187 0.04946
188 0.04946
189 0.04946
190 0.04946
191 0.04946
192 0.04946
193 0.04946
194 0.04946
195 0.04946
196 0.04946
197 0.04946
198 0.05208
199 0.05208
200 0.05208
201 0.05208
202 0.05208
203 0.05208
204 0.05470
205 0.05470
206 0.05470
207 0.05470
208 0.05470
209 0.05470
210 0.05470
211 0.05470
212 0.05470
213 0.05470
214 0.05470
215 0.05470
216 0.05963
217 0.05963
218 0.05963
219 0.05963
220 0.05963
221 0.05963
222 0.25836
223 0.25836
224 0.25836
225 0.25836
226 0.25836
227 0.25836
228 0.25839
229 0.25839
230 0.25839
231 0.25839
232 0.25839
233 0.25839
234 0.05966
235 0.05966
236 0.05966
237 0.05966
238 0.05966
239 0.05966
240 0.05470
241 0.05470
242 0.05470
243 0.05470
244 0.05470
245 0.05470
246 0.05275
247 0.05275
248 0.05275
249 0.05275
250 0.05275
251 0.05275
252 0.04946
253 0.04946
254 0.04946
255 0.04946
256 0.04946
257 0.04946
258 0.04568
259 0.04568
260 0.04568
261 0.04568
262 0.04568
263 0.04568
264 0.04231
265 0.04231
266 0.04231
267 0.04231
268 0.04231
269 0.04231
270 0.04231
271 0.04231
272 0.04231
273 0.04231
274 0.04231
275 0.04231
276 0.04235
277 0.04235
278 0.04235
279 0.04235
280 0.04235
281 0.04235
282 0.04673
283 0.04673
284 0.04673
285 0.04673
286 0.04673
287 0.04673
