288
0 0.04342
1 0.04342
2 0.04342
3 0.04342
4 0.04342
5 0.04342
6 0.03860
7 0.03860
8 0.03860
9 0.03860
10 0.03860
11 0.03860
12 0.04200
13 0.04200
14 0.04200
15 0.04200
16 0.04200
17 0.04200
18 0.03860
19 0.03860
20 0.03860
21 0.03860
22 0.03860
23 0.03860
24 0.03412
25 0.03412
26 0.03412
27 0.03412
28 0.03412
29 0.03412
30 0.03412
31 0.03412
32 0.03412
33 0.03412
34 0.03412
35 0.03412
36 0.03400
37 0.03400
38 0.03400
39 0.03400
40 0.03400
41 0.03400
42 0.03400
43 0.03400
44 0.03400
45 0.03400
46 0.03400
47 0.03400
48 0.03400
49 0.03400
50 0.03400
51 0.03400
52 0.03400
53 0.03400
54 0.03400
55 0.03400
56 0.03400
57 0.03400
58 0.03400
59 0.03400
60 0.03400
61 0.03400
62 0.03400
63 0.03400
64 0.03400
65 0.03400
66 0.03400
67 0.03400
68 0.03400
69 0.03400
70 0.03400
71 0.03400
72 0.04672
73 0.04672
74 0.04672
75 0.04672
76 0.04672
77 0.04672
78 0.04763
79 0.04763
80 0.04763
81 0.04763
82 0.04763
83 0.04763
84 0.04961
85 0.04961
86 0.04961
87 0.04961
88 0.04961
89 0.04961
90 0.05325
91 0.05325
92 0.05325
93 0.05325
94 0.05325
95 0.05325
96 0.05325
97 0.05325
98 0.05325
99 0.05325
100 0.05325
101 0.05325
102 0.07445
103 0.07445
104 0.07445
105 0.07445
106 0.07445
107 0.07445
108 0.07445
109 0.07445
110 0.07445
111 0.07445
112 0.07445
113 0.07445
114 0.09189
115 0.09189
116 0.09189
117 0.09189
118 0.09189
119 0.09189
120 0.09177
121 0.09177
122 0.09177
123 0.09177
124 0.09177
125 0.09177
126 0.09914
127 0.09914
128 0.09914
129 0.09914
130 0.09914
131 0.09914
132 0.09914
133 0.09914
134 0.09914
135 0.09914
136 0.09914
137 0.09914
138 0.09914
139 0.09914
140 0.09914
141 0.09914
142 0.09914
143 0.09914
144 0.09342
145 0.09342
146 0.09342
147 0.09342
148 0.09342
149 0.09342
150 0.07445
151 0.07445
152 0.07445
153 0.07445
154 0.07445
155 0.07445
156 0.05325
157 0.05325
158 0.05325
159 0.05325
160 0.05325
161 0.05325
162 0.05325
163 0.05325
164 0.05325
165 0.05325
166 0.05325
167 0.05325
168 0.04996
169 0.04996
170 0.04996
171 0.04996
172 0.04996
173 0.04996
174 0.04996
175 0.04996
176 0.04996
177 0.04996
178 0.04996
179 0.04996
180 0.04996
181 0.04996
182 0.04996
183 0.04996
184 0.04996
185 0.04996
186 0.04961
187 0.04961
188 0.04961
189 0.04961
190 0.04961
191 0.04961
192 0.04929
193 0.04929
194 0.04929
195 0.04929
196 0.04929
197 0.04929
198 0.04929
199 0.04929
200 0.04929
201 0.04929
202 0.04929
203 0.04929
204 0.04996
205 0.04996
206 0.04996
207 0.04996
208 0.04996
209 0.04996
210 0.05325
211 0.05325
212 0.05325
213 0.05325
214 0.05325
215 0.05325
216 0.05325
217 0.05325
218 0.05325
219 0.05325
220 0.05325
221 0.05325
222 0.05325
223 0.05325
224 0.05325
225 0.05325
226 0.05325
227 0.05325
228 0.04996
229 0.04996
230 0.04996
231 0.04996
232 0.04996
233 0.04996
234 0.04929
235 0.04929
236 0.04929
237 0.04929
238 0.04929
239 0.04929
240 0.04996
241 0.04996
242 0.04996
243 0.04996
244 0.04996
245 0.04996
246 0.04929
247 0.04929
248 0.04929
249 0.04929
250 0.04929
251 0.04929
252 0.04929
253 0.04929
254 0.04929
255 0.04929
256 0.04929
257 0.04929
258 0.04774
259 0.04774
260 0.04774
261 0.04774
262 0.04774
263 0.04774
264 0.03533
265 0.03533
266 0.03533
267 0.03533
268 0.03533
269 0.03533
270 0.03221
271 0.03221
272 0.03221
273 0.03221
274 0.03221
275 0.03221
276 0.03532
277 0.03532
278 0.03532
279 0.03532
280 0.03532
281 0.03532
282 0.03532
283 0.03532
284 0.03532
285 0.03532
286 0.03532
287 0.03532
