5
3
5
0 170 0.1 0.1
2402 2516 2467
1 190 0.1 0.0
2534 2441 2427
2 150 0.1 0.1
2447 2578 2542
3 190 0.1 0.0
2615 2491 2536
4 120 0.1 0.1
2580 2512 2528
1000
0 44 40 175 1.05
2 2 8
1 67 50 273 21.88
39 40 189
2 28 100 272 42.27
136 23 22
3 2 2 96 22.97
36 176 32
4 9 67 270 456.68
1472 251 215
5 9 204 265 27.24
43 126 160
6 9 93 237 126.16
334 376 108
7 5 26 266 44.91
60 393 62
8 27 74 288 43.15
75 73 395
9 2 15 187 238.06
759 141 155
10 5 13 125 6.50
20 6 6
11 71 48 286 11.07
35 8 7
12 77 87 192 14.61
22 117 19
13 12 21 260 47.93
89 309 57
14 7 31 200 113.61
159 941 186
15 35 6 241 5.51
10 11 45
16 5 2 287 46.63
149 29 26
17 10 9 142 5.26
8 41 8
18 58 11 254 19.34
62 11 11
19 2 69 187 230.39
380 1173 1077
20 12 6 214 221.52
613 556 160
21 15 176 288 294.43
945 153 180
22 9 27 148 5.43
8 43 9
23 1 75 217 17.27
28 28 174
24 1 193 257 104.24
185 190 907
25 7 4 68 54.82
78 456 78
26 4 109 281 476.55
1277 1367 380
27 13 23 155 53.94
173 28 34
28 33 39 270 47.80
66 399 80
29 37 21 271 112.52
360 65 67
30 3 5 282 48.33
155 28 26
31 1 8 208 323.21
855 976 262
32 2 112 287 89.76
285 57 61
33 12 2 260 73.62
99 641 102
34 30 1 230 35.84
114 24 21
35 16 107 288 101.37
322 69 61
36 1 74 101 6.96
13 12 57
37 8 2 167 94.56
237 334 96
38 32 98 258 17.77
57 10 10
39 17 153 224 25.44
48 42 208
40 23 27 272 13.79
44 8 9
41 30 54 203 80.77
259 46 45
42 16 78 266 97.58
139 808 143
43 127 1 235 40.93
131 23 25
44 13 249 287 100.57
162 177 1000
45 35 13 201 3.44
11 2 2
46 70 8 288 0.44
1 1 2
47 13 129 240 62.26
199 37 37
48 11 83 242 284.54
902 197 179
49 4 56 241 20.89
33 159 29
50 39 87 282 18.04
28 137 29
51 21 62 221 240.97
704 444 155
52 13 212 286 6.04
9 48 9
53 27 149 283 88.84
147 257 705
54 25 93 263 11.48
21 18 100
55 11 0 235 384.32
1074 898 304
56 1 75 258 98.19
317 47 53
57 8 0 82 289.65
742 973 257
58 90 142 286 96.87
310 56 57
59 19 108 214 217.81
447 1225 230
60 27 147 282 16.20
27 27 157
61 65 85 199 5.41
17 4 4
62 41 151 271 9.31
13 78 14
63 23 36 185 5.49
7 50 7
64 2 8 139 13.98
26 25 114
65 17 16 149 23.35
74 16 15
66 11 202 273 153.39
493 79 90
67 18 167 271 81.34
260 49 47
68 62 177 286 10.50
18 17 99
69 8 28 187 5.99
19 4 4
70 17 47 286 24.10
40 42 232
71 66 108 283 51.14
164 28 30
72 14 160 275 12.51
20 93 19
73 5 10 211 343.76
1094 223 209
74 29 5 165 6.64
11 47 11
75 16 74 130 12.43
20 91 20
76 20 36 89 429.33
1109 1424 344
77 19 41 255 29.70
47 51 303
78 11 1 245 121.09
183 860 318
79 41 86 232 158.82
510 88 87
80 30 21 205 24.52
44 48 205
81 2 110 279 189.54
607 110 108
82 14 179 258 53.25
70 467 80
83 15 1 267 297.22
755 1024 270
84 8 7 231 60.44
86 500 90
85 32 0 187 140.73
194 1197 204
86 45 50 200 0.44
1 1 2
87 1 95 239 87.39
144 186 798
88 7 53 284 9.05
14 16 94
89 14 253 283 53.65
173 28 27
90 2 155 287 109.10
351 58 59
91 9 62 181 21.19
29 179 34
92 9 40 189 179.88
576 105 102
93 3 9 53 56.42
101 94 498
94 84 68 288 42.63
136 26 26
95 2 63 248 64.26
110 96 619
96 19 30 224 25.15
45 40 225
97 19 49 90 5.91
10 10 56
98 27 33 170 36.28
117 19 18
99 3 48 241 69.91
221 50 46
100 15 59 242 21.69
40 33 188
101 27 153 276 56.54
80 474 78
102 23 17 204 4.02
13 2 2
103 18 3 247 6.45
10 10 69
104 7 155 233 107.99
190 281 825
105 5 121 288 58.28
184 43 38
106 17 21 96 85.11
144 145 805
107 46 29 269 8.47
13 66 12
108 45 79 231 28.31
51 43 254
109 34 92 261 68.22
216 49 42
110 35 53 225 39.55
62 303 55
111 59 1 238 146.09
468 85 82
112 28 12 219 57.78
94 91 584
113 10 0 84 35.44
58 55 357
114 7 6 252 12.57
21 22 120
115 22 76 287 19.89
33 37 188
116 12 175 274 52.67
74 443 74
117 4 118 207 96.03
164 160 903
118 11 118 281 2.01
4 4 14
119 2 30 282 6.27
19 7 6
120 109 16 211 11.36
36 8 7
121 6 44 223 12.91
22 22 121
122 5 7 245 3.69
5 32 5
123 2 283 288 721.84
1962 1943 573
124 20 26 129 93.60
299 58 53
125 9 107 279 186.27
384 1028 214
126 62 2 159 47.07
151 26 27
127 19 18 165 35.90
64 71 302
128 9 59 271 87.60
281 52 45
129 94 61 275 12.45
17 106 19
130 6 11 205 331.80
1071 166 170
131 31 24 286 54.41
93 96 503
132 5 249 268 192.77
261 1674 261
133 20 40 250 118.39
194 607 556
134 17 5 259 155.23
500 81 82
135 9 210 277 54.38
90 87 537
136 12 54 203 85.72
151 148 766
137 4 105 152 7.57
13 13 70
138 30 2 284 47.76
152 29 32
139 36 57 247 33.62
47 284 47
140 3 2 229 222.15
325 1126 1336
141 34 135 199 6.81
12 45 11
142 6 9 164 25.84
82 17 17
143 19 2 278 41.52
64 247 172
144 2 129 233 100.51
325 48 51
145 11 7 241 136.91
441 75 67
146 6 1 121 161.25
268 746 852
147 59 106 199 16.60
28 32 152
148 24 157 271 18.40
59 10 11
149 1 0 266 73.25
129 123 660
150 20 115 157 29.86
95 19 19
151 55 2 160 13.69
23 25 128
152 38 54 186 10.69
18 20 99
153 1 216 265 80.35
140 134 736
154 12 117 235 220.62
335 1173 1159
155 16 10 283 23.12
74 13 14
156 15 0 247 28.88
43 232 40
157 64 47 212 19.87
34 30 191
158 11 1 263 109.71
155 843 268
159 64 138 282 60.46
87 497 88
160 3 1 174 162.19
356 785 200
161 15 50 253 13.56
21 105 19
162 110 67 277 17.00
30 29 152
163 19 3 235 145.55
470 75 70
164 10 9 288 72.22
114 416 301
165 2 183 288 298.06
955 182 153
166 24 65 288 184.64
320 480 1445
167 2 121 232 10.67
34 7 6
168 31 134 281 49.69
84 85 470
169 10 52 248 56.54
181 32 34
170 14 74 269 15.05
27 24 134
171 3 99 190 147.31
301 835 155
172 29 10 206 164.77
275 696 962
173 49 137 260 55.24
89 88 563
174 10 6 115 119.71
383 72 67
175 7 122 162 9.64
17 16 87
176 25 42 142 74.80
140 479 86
177 8 88 255 45.14
118 140 41
178 3 130 213 16.07
26 119 23
179 6 2 164 382.33
976 1297 344
180 3 58 117 116.42
274 489 126
181 21 19 123 17.90
29 34 173
182 2 0 45 8.74
28 5 5
183 8 29 263 48.24
153 32 32
184 17 96 155 116.44
224 718 133
185 66 1 202 19.32
35 32 168
186 8 99 254 26.83
85 18 18
187 4 14 123 61.38
196 35 40
188 54 136 245 3.88
7 7 33
189 7 4 287 25.38
44 45 230
190 18 12 183 29.91
96 17 16
191 10 62 281 26.45
46 48 237
192 3 242 288 21.98
33 173 34
193 8 87 274 19.49
29 154 31
194 106 19 241 3.44
11 2 2
195 33 44 282 12.66
41 6 6
196 6 32 268 104.39
336 57 53
197 18 54 285 129.77
416 74 73
198 22 208 285 73.18
235 38 44
199 53 54 210 43.59
63 364 53
200 6 16 215 150.18
450 220 103
201 6 87 165 5.41
17 4 4
202 4 0 192 24.69
41 178 35
203 10 66 176 109.65
193 182 992
204 21 15 201 87.14
148 160 803
205 32 134 287 78.05
133 124 745
206 4 30 180 71.17
229 38 38
207 8 62 233 52.31
87 92 501
208 21 9 112 49.92
86 80 469
209 2 3 139 1.05
2 6 2
210 20 76 280 47.26
75 353 73
211 7 26 286 154.94
344 749 165
212 28 3 156 28.94
53 49 246
213 9 85 236 176.04
249 1454 276
214 3 32 147 88.13
141 167 865
215 17 123 288 23.12
73 17 15
216 15 67 279 206.87
324 1507 407
217 76 42 201 126.79
250 756 141
218 87 74 283 130.67
219 521 803
219 25 39 242 116.44
372 66 75
220 4 142 270 69.49
126 110 611
221 14 0 276 55.06
176 35 29
222 4 13 234 141.23
237 1009 197
223 27 19 279 89.24
165 148 752
224 92 42 276 25.63
38 135 143
225 5 0 167 24.23
47 46 180
226 4 22 126 0.65
1 1 7
227 28 50 209 11.78
38 6 6
228 10 0 44 27.27
87 17 16
229 18 115 178 229.19
733 128 145
230 7 94 287 5.83
8 50 8
231 66 58 186 12.99
42 6 7
232 37 0 101 14.27
46 7 8
233 7 65 232 58.56
88 464 85
234 3 16 226 165.00
529 95 91
235 19 24 279 4.02
6 32 6
236 16 132 260 10.96
19 17 103
237 22 22 246 55.43
80 453 83
238 16 54 281 323.73
1038 179 189
239 14 130 259 68.55
106 339 385
240 1 87 215 115.35
192 260 1018
241 3 82 186 80.39
115 666 114
242 55 34 246 10.19
19 18 83
243 3 57 202 51.14
163 30 34
244 1 165 282 11.19
36 6 6
245 2 0 231 61.59
94 481 90
246 3 48 200 62.41
193 66 39
247 9 1 146 88.44
126 736 124
248 43 169 285 42.29
105 156 40
249 3 164 246 311.03
852 787 276
250 12 1 161 31.58
53 47 312
251 20 183 268 46.23
147 30 29
252 19 55 169 19.32
31 142 31
253 12 41 88 55.98
181 29 25
254 4 6 287 102.19
153 814 146
255 11 12 254 71.07
113 197 609
256 15 16 152 50.57
71 427 69
257 25 78 236 7.27
12 13 70
258 19 0 90 37.24
120 19 20
259 16 227 282 44.89
113 158 43
260 9 11 223 132.60
420 87 93
261 1 240 265 99.28
316 63 62
262 10 102 201 108.12
175 265 957
263 46 3 176 9.10
15 14 91
264 16 1 247 280.31
682 1083 289
265 12 25 139 126.94
297 555 117
266 15 1 210 25.61
41 42 261
267 5 68 228 21.75
40 36 185
268 53 59 156 26.87
41 46 285
269 5 245 282 1.91
3 3 20
270 16 49 128 34.20
50 276 52
271 9 16 224 6.18
20 3 3
272 15 0 51 324.09
1032 194 217
273 26 63 228 23.14
42 38 201
274 14 174 270 42.56
74 67 397
275 4 11 238 52.16
79 407 81
276 11 25 129 39.76
62 215 192
277 2 156 254 30.87
46 245 47
278 4 26 233 18.00
29 31 180
279 3 8 258 123.77
206 462 818
280 23 85 237 60.63
106 129 511
281 10 59 278 17.88
30 65 119
282 1 3 227 95.82
143 770 130
283 67 85 254 14.80
47 10 9
284 12 68 285 37.35
54 308 51
285 22 75 219 132.26
420 87 85
286 4 29 267 44.14
140 30 28
287 15 37 137 152.00
486 87 94
288 29 25 286 6.50
12 10 56
289 25 154 246 212.74
679 127 132
290 11 42 261 15.15
25 23 152
291 30 15 277 106.04
339 64 61
292 11 14 220 3.19
5 24 5
293 3 6 181 45.27
75 82 432
294 6 255 288 54.62
93 84 526
295 6 20 90 141.46
221 1096 184
296 13 50 264 118.51
186 811 309
297 8 22 151 273.60
774 607 199
298 27 18 67 83.31
140 239 649
299 11 54 111 325.55
1039 194 203
300 5 244 277 47.91
144 66 36
301 8 1 229 239.44
768 139 128
302 32 85 288 48.39
71 387 77
303 95 6 287 77.61
250 41 40
304 10 6 185 84.94
123 703 111
305 2 0 181 37.01
118 22 24
306 6 17 195 5.57
11 10 41
307 18 33 269 214.42
691 109 115
308 20 23 270 337.08
1073 210 216
309 11 7 145 6.37
10 10 67
310 1 44 173 12.43
19 97 18
311 2 8 194 26.47
38 219 37
312 94 106 285 6.79
21 6 6
313 12 115 136 88.02
152 136 832
314 4 0 278 244.55
403 1147 1293
315 9 0 68 31.60
102 16 16
316 14 58 213 36.40
115 27 23
317 24 36 167 63.96
204 38 41
318 4 249 287 274.71
817 422 202
319 26 34 110 28.27
45 45 292
320 2 205 288 75.40
202 210 70
321 18 50 172 14.67
46 12 10
322 20 196 287 33.95
53 258 52
323 56 122 236 3.44
11 2 2
324 35 23 182 11.78
16 102 16
325 46 118 258 21.08
37 32 196
326 5 6 97 198.61
633 119 129
327 50 88 185 13.39
20 23 145
328 6 28 104 14.15
25 23 128
329 23 139 275 78.55
251 48 45
330 18 8 288 11.30
36 7 7
331 8 7 237 25.30
40 187 43
332 3 67 157 159.26
239 1015 604
333 10 46 222 143.96
459 95 79
334 9 111 222 18.84
34 37 156
335 9 8 135 38.37
59 209 189
336 2 2 107 149.66
263 267 1329
337 17 24 143 17.48
55 12 14
338 16 138 258 90.08
288 50 58
339 61 147 255 23.64
34 194 35
340 71 1 155 16.26
28 26 153
341 28 3 183 5.89
11 11 47
342 8 27 230 13.54
44 6 6
343 7 24 279 169.38
543 96 96
344 4 8 202 107.51
176 308 871
345 10 33 251 6.83
10 56 9
346 9 36 159 300.57
958 192 177
347 20 36 81 43.76
73 74 422
348 55 112 232 3.98
7 8 34
349 36 96 271 9.68
16 18 92
350 2 1 266 50.70
75 403 80
351 15 178 273 101.27
169 192 945
352 9 192 280 11.48
37 6 6
353 21 72 179 33.03
56 66 297
354 8 1 205 8.93
16 14 80
355 2 39 220 6.89
11 13 68
356 104 12 281 7.25
12 10 74
357 15 0 43 193.84
518 557 163
358 17 29 269 158.67
347 781 185
359 94 2 275 15.86
50 11 12
360 13 159 254 36.49
59 61 366
361 11 59 275 205.30
323 1512 369
362 17 256 287 81.90
264 42 43
363 2 136 216 10.52
17 78 15
364 25 112 248 10.58
17 19 105
365 22 256 283 44.89
143 30 25
366 131 41 230 40.28
128 26 26
367 10 16 284 83.93
262 81 47
368 1 11 288 49.33
76 388 63
369 111 6 222 18.34
58 13 12
370 9 1 254 14.71
22 116 23
371 3 5 267 136.47
227 214 1346
372 14 28 97 60.61
107 106 538
373 21 183 271 109.29
352 57 58
374 16 248 287 60.90
197 30 29
375 16 45 269 14.44
25 21 138
376 10 19 262 157.81
256 268 1571
377 3 137 253 140.08
233 240 1351
378 5 182 288 27.06
47 45 249
379 56 18 211 51.56
164 32 34
380 3 0 281 41.45
70 76 385
381 8 24 130 54.87
175 32 36
382 6 83 283 33.05
54 241 49
383 32 2 189 39.11
125 22 25
384 6 13 258 37.89
123 18 16
385 8 37 227 67.99
92 590 93
386 11 215 276 28.86
44 227 40
387 14 12 268 47.76
78 77 478
388 58 76 288 95.29
305 53 59
389 6 16 263 106.78
164 829 156
390 7 9 172 50.36
82 85 500
391 34 176 282 16.26
24 132 22
392 23 32 285 89.19
277 88 57
393 27 44 106 122.45
183 403 1036
394 9 0 203 103.87
336 48 54
395 52 103 242 31.58
101 19 18
396 67 6 179 124.40
398 76 68
397 15 23 183 1.47
2 2 18
398 109 19 190 5.41
17 4 4
399 4 0 276 26.51
84 17 19
400 30 83 264 58.28
188 29 31
401 10 12 215 311.85
678 1552 366
402 8 43 217 25.07
41 40 251
403 67 40 271 25.97
44 39 253
404 3 116 241 59.90
192 34 34
405 3 30 283 84.61
268 57 57
406 1 131 228 17.63
25 145 28
407 13 4 192 94.25
151 157 956
408 6 80 288 184.68
317 1296 243
409 14 167 267 4.13
8 7 32
410 8 1 85 107.97
194 170 963
411 22 145 247 170.28
546 97 95
412 10 172 280 35.17
114 16 17
413 3 10 256 140.16
257 276 1131
414 56 1 175 48.16
79 86 467
415 23 69 127 3.50
5 29 5
416 70 62 244 51.97
158 66 35
417 13 24 266 114.01
370 52 52
418 16 43 264 147.52
326 721 156
419 16 26 140 198.82
528 579 179
420 13 0 38 64.72
113 108 591
421 29 0 264 21.82
41 39 175
422 2 271 287 120.95
199 337 987
423 11 74 189 13.18
23 23 119
424 124 89 288 18.23
31 30 173
425 70 44 239 1.13
2 2 10
426 26 39 270 44.53
65 283 183
427 8 82 230 161.83
520 88 89
428 24 160 288 4.32
6 36 7
429 2 85 274 19.24
32 138 28
430 82 28 286 14.33
27 22 120
431 9 29 160 364.11
1157 246 219
432 26 60 288 7.42
12 12 75
433 17 82 275 398.55
1208 553 223
434 8 93 283 2.66
5 5 21
435 6 39 218 203.08
644 132 139
436 2 66 162 4.69
7 8 51
437 13 4 174 6.33
9 52 10
438 15 61 185 73.35
199 194 66
439 8 26 197 32.55
105 17 16
440 1 50 159 52.67
89 95 491
441 6 38 90 273.89
452 1341 1359
442 5 9 101 9.60
16 16 93
443 5 14 229 116.15
214 756 139
444 7 86 204 47.57
74 358 80
445 23 78 283 64.55
206 38 41
446 12 39 133 50.70
93 329 65
447 29 4 72 7.63
24 6 5
448 84 3 129 28.27
91 15 15
449 18 109 287 30.03
45 237 46
450 4 109 269 48.14
82 81 453
451 15 99 282 71.67
230 40 40
452 30 34 287 75.80
133 123 693
453 17 115 275 29.70
47 55 297
454 15 79 236 170.78
466 453 133
455 10 7 233 129.18
304 562 111
456 34 3 64 1.05
2 6 2
457 2 42 59 316.14
1014 171 188
458 5 61 159 477.98
1473 531 296
459 8 203 282 15.89
25 120 24
460 2 45 250 14.31
25 25 129
461 8 83 240 132.18
179 1141 189
462 29 176 270 46.32
68 370 74
463 22 89 191 133.81
396 213 101
464 33 138 266 125.30
402 69 72
465 11 145 196 167.66
536 96 104
466 12 28 130 8.86
12 77 12
467 78 162 287 22.34
38 42 204
468 8 235 261 195.81
327 571 1526
469 24 63 231 172.54
555 93 92
470 8 40 188 11.65
15 104 17
471 11 34 132 6.18
20 3 3
472 4 238 257 60.99
102 326 252
473 3 47 282 83.87
143 326 511
474 9 208 271 0.98
3 1 1
475 22 50 88 14.44
24 21 145
476 18 25 140 7.25
13 12 64
477 1 121 251 120.84
185 952 160
478 7 61 277 161.67
522 78 86
479 5 3 264 20.60
29 175 26
480 9 47 180 83.16
268 42 45
481 28 199 288 48.64
71 393 74
482 6 69 225 36.30
62 58 345
483 2 145 254 27.24
86 20 18
484 22 13 140 169.63
478 380 131
485 61 56 169 2.01
3 16 3
486 23 136 271 34.87
56 60 350
487 8 103 269 41.98
73 65 393
488 4 32 214 92.82
235 321 88
489 15 47 119 280.77
816 519 208
490 4 12 222 63.48
106 95 630
491 10 55 227 146.93
238 857 554
492 2 119 222 44.62
64 375 54
493 17 108 267 43.21
71 64 438
494 13 0 227 22.84
43 44 178
495 8 273 288 37.83
66 63 346
496 62 34 288 17.25
30 29 158
497 4 149 287 10.12
32 7 7
498 50 24 140 6.83
13 12 54
499 84 69 231 12.01
18 93 21
500 16 50 288 29.24
93 19 18
501 23 77 288 46.76
80 83 431
502 26 104 281 333.66
1074 179 174
503 2 17 286 81.69
170 446 90
504 14 3 175 145.24
466 76 89
505 51 43 265 97.05
312 51 55
506 19 79 226 40.28
129 22 25
507 16 3 113 23.62
40 41 222
508 14 31 188 55.16
78 460 80
509 10 10 216 5.85
18 5 6
510 11 199 256 49.84
67 434 69
511 18 58 199 117.99
203 624 458
512 119 89 279 14.86
25 27 139
513 3 47 110 39.34
60 309 55
514 19 7 272 119.00
380 74 68
515 23 7 282 48.98
156 31 30
516 30 28 169 1.61
3 3 13
517 26 24 130 4.95
9 8 43
518 1 187 249 54.91
81 444 77
519 15 1 268 6.73
10 11 74
520 7 20 208 433.61
1309 586 303
521 14 9 216 9.47
15 16 97
522 17 63 255 24.12
40 43 231
523 22 56 240 281.50
909 140 143
524 31 227 287 1.87
3 3 19
525 2 9 263 0.46
1 2 1
526 19 35 160 19.78
32 34 197
527 44 2 119 9.10
29 6 5
528 7 0 38 92.13
142 704 148
529 29 15 275 132.39
376 285 99
530 25 9 169 355.71
1130 233 227
531 85 122 285 71.63
231 38 35
532 39 8 121 23.89
36 190 33
533 6 14 201 7.23
12 51 12
534 3 118 200 1.36
2 11 2
535 9 0 239 4.46
8 7 40
536 28 43 159 61.74
107 114 553
537 117 67 201 8.84
28 6 6
538 11 149 283 133.69
427 77 85
539 5 8 58 4.53
8 8 40
540 11 46 179 210.29
679 108 102
541 3 229 279 60.76
97 347 250
542 14 4 137 34.22
61 117 214
543 18 15 257 11.59
22 21 91
544 53 118 271 6.89
13 11 57
545 17 67 279 33.93
49 281 45
546 12 12 115 144.33
462 87 79
547 25 118 288 82.34
263 51 47
548 23 13 229 71.09
227 44 41
549 50 35 226 88.86
127 742 118
550 25 43 87 96.07
174 152 846
551 4 54 260 21.31
29 181 34
552 19 109 260 399.45
1240 380 280
553 19 52 282 228.33
390 1625 280
554 20 114 208 107.68
195 716 130
555 17 236 287 83.10
268 43 42
556 43 153 283 6.22
12 11 48
557 16 102 248 2.20
3 19 3
558 6 144 157 128.43
261 726 148
559 13 77 257 11.74
20 18 113
560 9 0 22 113.92
366 64 60
561 5 47 272 15.09
48 10 9
562 7 0 57 11.21
20 21 96
563 33 42 288 89.01
238 251 81
564 14 46 257 73.67
125 129 689
565 27 50 133 31.75
102 17 18
566 16 203 286 35.94
62 69 320
567 6 105 269 1.61
3 3 13
568 18 102 287 469.97
1237 1411 437
569 8 239 288 130.61
221 204 1263
570 8 64 267 365.25
1173 208 191
571 51 1 240 20.01
63 15 14
572 3 1 79 63.29
105 108 613
573 3 94 288 137.73
301 688 147
574 115 3 267 4.11
8 8 30
575 2 33 182 281.31
906 151 143
576 34 5 197 63.27
201 43 38
577 18 42 287 15.86
23 129 24
578 22 182 251 24.67
78 17 17
579 32 109 284 24.10
41 44 222
580 3 15 167 108.73
150 920 164
581 31 33 286 22.49
33 183 31
582 39 2 275 6.48
11 11 61
583 8 0 98 506.88
1394 1312 367
584 18 41 283 18.71
28 147 30
585 34 61 275 15.19
25 25 150
586 38 91 270 115.06
368 64 73
587 1 28 201 3.67
7 7 28
588 10 123 283 18.84
30 141 28
589 19 42 130 39.06
57 318 56
590 25 165 285 38.83
64 65 381
591 3 183 246 134.17
428 86 76
592 9 53 154 14.77
26 27 130
593 11 59 251 37.95
121 23 24
594 17 11 233 36.28
62 67 331
595 49 58 168 18.67
29 35 190
596 13 57 285 50.74
162 31 30
597 15 45 245 7.00
13 12 58
598 1 133 285 14.86
25 23 145
599 10 7 273 135.45
432 85 80
600 29 19 288 46.82
73 298 159
601 12 27 270 117.07
180 686 504
602 4 120 264 133.50
246 224 1127
603 11 154 228 91.44
130 763 127
604 21 0 109 78.09
136 210 596
605 10 48 281 290.78
924 195 177
606 22 98 283 18.46
30 137 25
607 46 24 163 27.04
35 240 40
608 81 72 219 89.82
126 744 145
609 18 143 256 93.32
273 165 68
610 28 16 150 80.71
255 57 55
611 2 41 181 261.99
835 157 170
612 1 2 252 6.60
11 11 64
613 2 14 261 16.35
22 142 23
614 4 5 111 6.96
12 10 67
615 13 27 282 252.77
809 145 150
616 3 37 164 259.03
417 1264 1365
617 3 8 176 185.49
594 107 107
618 23 21 65 107.72
244 492 124
619 9 64 188 15.91
51 9 9
620 12 46 202 365.41
1169 210 220
621 28 30 224 98.40
317 53 49
622 2 160 235 386.94
960 1419 383
623 15 6 221 17.06
27 26 179
624 10 19 265 91.10
266 157 76
625 1 117 210 18.61
26 156 28
626 14 67 209 16.22
29 26 145
627 33 153 262 5.30
17 3 3
628 5 0 128 19.55
27 167 27
629 3 169 203 288.00
916 184 183
630 17 60 225 9.93
31 8 8
631 9 234 279 96.70
176 162 832
632 16 1 45 24.23
77 16 15
633 48 143 274 0.98
3 1 1
634 10 117 211 1.63
3 10 3
635 3 9 266 258.80
723 599 215
636 28 64 250 79.05
254 44 42
637 3 4 275 25.57
40 46 261
638 15 65 273 71.15
117 129 685
639 52 169 288 9.01
15 16 86
640 8 63 249 125.64
399 81 83
641 19 120 268 76.68
245 49 41
642 11 132 287 329.39
1055 189 190
643 26 0 68 68.55
217 47 46
644 6 130 224 48.20
153 30 34
645 44 59 232 37.95
53 321 53
646 6 80 277 182.43
251 1555 263
647 33 10 167 5.83
10 10 54
648 10 15 192 81.34
232 171 60
649 6 84 185 96.53
311 50 51
650 12 213 285 391.93
941 1613 344
651 6 42 250 51.20
80 387 81
652 8 42 238 4.65
8 8 43
653 40 111 207 58.74
82 497 82
654 5 146 268 36.03
55 285 47
655 3 9 142 6.79
11 10 70
656 19 1 206 32.27
49 254 46
657 15 104 219 120.55
169 994 202
658 22 207 230 242.77
776 150 135
659 1 100 245 45.46
147 23 21
660 9 23 253 96.82
151 744 137
661 4 38 166 162.57
435 459 145
662 87 115 288 54.62
86 354 170
663 16 67 225 79.87
116 657 108
664 8 38 153 56.25
72 510 73
665 9 269 281 49.96
160 30 27
666 31 0 41 240.57
770 141 138
667 10 163 286 41.58
65 318 60
668 3 24 256 379.83
1171 400 265
669 3 0 7 20.79
35 38 194
670 21 11 117 3.96
8 7 28
671 14 229 247 27.43
46 193 43
672 9 13 150 356.47
1148 187 188
673 11 11 239 71.97
127 294 387
674 6 33 282 21.33
37 42 187
675 2 173 241 79.45
252 53 52
676 16 12 105 15.91
51 9 9
677 46 2 224 14.96
24 94 48
678 3 64 278 51.97
85 86 516
679 7 49 148 252.24
404 1216 1366
680 27 99 287 20.01
35 71 126
681 9 105 279 301.35
957 201 189
682 34 28 226 121.66
194 687 514
683 10 18 281 99.55
313 74 73
684 16 122 261 91.67
161 148 838
685 9 56 209 151.40
441 286 96
686 18 215 288 47.01
68 377 80
687 2 138 252 6.73
21 5 6
688 34 39 156 62.24
96 108 651
689 3 132 271 2.66
5 5 21
690 16 1 234 98.02
312 61 63
691 2 12 95 41.73
60 341 64
692 9 98 253 268.93
720 774 215
693 37 17 169 5.60
18 3 3
694 8 51 250 61.64
96 373 239
695 11 32 279 87.39
149 140 832
696 25 63 172 19.16
35 30 167
697 10 26 51 45.31
61 396 60
698 23 12 124 34.98
56 265 45
699 3 11 247 36.07
58 261 63
700 12 3 272 39.23
64 288 56
701 8 115 262 64.88
115 100 593
702 11 94 245 19.16
32 136 29
703 7 127 279 97.20
137 808 148
704 22 0 187 259.85
495 1575 372
705 1 3 160 1.09
2 2 9
706 5 178 239 460.60
1400 616 265
707 10 189 261 17.58
25 143 30
708 38 3 185 4.48
8 8 39
709 13 44 191 76.89
119 599 103
710 15 1 87 238.79
771 124 114
711 11 144 279 43.36
106 165 45
712 15 49 271 150.91
222 1121 365
713 3 5 110 113.44
167 921 156
714 23 77 131 16.20
28 27 150
715 8 33 149 15.45
49 11 9
716 13 19 288 34.92
62 54 318
717 24 227 278 5.97
11 9 52
718 11 157 187 9.83
15 77 14
719 6 23 232 30.98
44 262 38
720 2 1 176 27.31
40 221 40
721 2 29 112 209.62
670 122 128
722 17 149 273 19.41
30 148 31
723 10 184 215 87.81
138 418 502
724 27 16 110 153.53
492 86 90
725 3 88 157 67.88
216 45 40
726 4 9 166 257.63
817 171 171
727 54 16 224 3.25
6 5 28
728 11 110 224 64.49
98 501 101
729 4 7 252 65.39
106 96 674
730 14 190 268 88.36
280 58 61
731 8 94 229 51.91
77 409 86
732 1 50 282 31.00
100 15 17
733 6 104 267 31.79
56 45 299
734 21 126 220 7.44
23 7 6
735 4 79 269 95.25
302 63 64
736 16 0 239 21.48
34 161 33
737 29 57 276 13.79
44 8 9
738 23 107 284 173.17
557 93 93
739 31 110 233 69.96
223 42 45
740 10 153 274 5.97
11 37 10
741 2 12 223 11.65
20 18 111
742 16 84 252 74.32
95 666 109
743 8 40 284 67.94
122 126 578
744 7 19 263 22.63
39 42 204
745 23 22 188 129.29
206 459 954
746 13 100 182 83.93
131 649 112
747 8 19 257 69.87
225 36 38
748 39 104 236 10.67
17 19 107
749 32 53 273 7.21
12 12 70
750 75 41 182 53.21
170 31 33
751 19 11 53 78.93
125 132 810
752 48 25 146 55.26
92 91 538
753 8 25 285 13.31
20 107 17
754 4 21 246 48.43
83 85 447
755 15 47 231 59.08
89 465 89
756 2 46 243 34.22
57 59 329
757 12 52 172 39.78
59 318 59
758 67 11 199 12.68
19 99 21
759 30 121 261 120.82
158 1055 194
760 20 52 180 35.04
113 18 18
761 23 188 249 9.91
16 19 96
762 41 56 277 16.18
28 24 154
763 6 159 276 113.61
366 59 60
764 18 100 243 39.97
66 69 388
765 48 16 281 5.74
10 38 10
766 20 40 130 76.52
113 607 124
767 77 17 223 102.78
330 58 55
768 1 50 211 1.70
3 11 3
769 48 83 287 16.54
27 121 24
770 12 30 283 12.97
19 103 22
771 27 75 265 51.16
88 79 486
772 45 90 278 189.12
600 124 126
773 9 165 229 89.34
288 47 45
774 7 21 128 3.27
6 6 27
775 9 3 247 239.50
770 132 126
776 2 15 286 50.84
74 420 65
777 4 11 273 1.30
2 10 2
778 3 118 162 73.25
235 43 38
779 1 250 287 14.75
27 26 124
780 38 163 272 0.69
2 1 1
781 1 3 128 153.20
483 116 100
782 5 6 203 56.98
184 29 28
783 17 11 199 37.60
67 70 323
784 63 198 287 12.51
21 21 120
785 31 1 51 5.24
9 8 50
786 92 35 218 14.92
46 14 13
787 23 88 249 14.02
23 83 49
788 1 0 162 105.31
173 171 1045
789 1 63 245 231.52
729 169 167
790 53 19 108 4.17
7 7 40
791 10 20 248 150.29
487 71 70
792 174 29 232 16.62
54 7 8
793 21 178 237 10.14
16 76 16
794 6 169 272 100.76
179 154 920
795 22 43 269 52.50
82 399 80
796 6 50 200 304.93
902 516 187
797 31 139 198 78.70
255 37 37
798 9 86 195 33.39
108 17 15
799 88 72 240 20.50
36 32 189
800 17 3 280 3.56
5 30 5
801 22 59 272 26.51
85 15 15
802 27 79 267 0.46
1 2 1
803 68 8 219 20.79
36 34 193
804 3 1 9 7.57
13 13 70
805 29 35 131 126.77
172 1079 202
806 7 4 267 3.67
6 7 35
807 3 34 252 59.06
188 36 39
808 1 111 255 8.76
14 16 87
809 35 66 281 58.41
93 441 81
810 9 46 107 54.34
78 447 80
811 14 54 287 81.61
127 224 722
812 7 51 254 7.54
12 56 12
813 19 79 283 110.05
311 245 81
814 17 103 266 10.63
16 83 17
815 6 67 240 76.39
120 577 117
816 17 17 242 29.07
93 17 17
817 71 66 264 11.07
19 22 98
818 23 243 287 59.94
99 108 575
819 17 38 75 193.40
619 108 119
820 6 82 99 4.67
7 7 52
821 2 9 278 234.35
397 758 1675
822 4 106 222 11.00
19 19 101
823 2 28 273 271.08
870 151 151
824 24 86 188 8.17
12 66 12
825 3 0 33 391.57
1110 822 339
826 5 61 149 109.13
352 57 54
827 3 214 283 9.60
16 14 96
828 2 33 119 234.91
753 137 128
829 15 18 65 94.22
168 166 823
830 34 24 127 142.87
460 73 79
831 66 71 216 1.38
2 2 16
832 6 65 135 1.17
2 2 11
833 35 76 192 264.02
853 132 130
834 14 94 268 17.48
29 34 163
835 1 45 131 39.46
65 71 380
836 23 35 217 119.31
241 679 141
837 8 196 276 15.11
25 109 22
838 47 33 287 28.10
89 19 19
839 24 1 80 18.13
58 11 10
840 54 205 288 111.45
175 840 174
841 26 16 212 115.58
169 935 172
842 6 186 287 495.81
1582 308 293
843 2 84 287 55.58
179 30 28
844 10 6 218 3.81
5 34 5
845 29 74 180 350.30
946 951 309
846 7 25 190 8.03
14 15 71
847 6 24 272 57.23
102 131 455
848 54 8 284 121.26
389 64 74
849 14 14 48 150.50
475 111 99
850 13 136 259 17.50
56 11 9
851 40 79 288 67.86
108 112 695
852 66 40 287 4.61
8 8 42
853 15 129 259 15.05
26 28 135
854 11 9 139 35.19
113 19 20
855 11 58 247 371.55
992 1093 281
856 3 63 143 8.32
11 73 12
857 70 83 215 18.00
33 29 155
858 3 30 246 1.09
2 2 9
859 27 7 103 272.03
862 180 186
860 108 55 265 10.21
18 15 95
861 1 88 161 21.02
37 39 184
862 152 6 287 56.56
182 31 29
863 9 38 258 19.80
29 157 34
864 5 8 234 344.73
1031 527 217
865 4 105 167 295.63
951 156 162
866 7 4 46 298.25
953 191 158
867 6 30 288 132.22
230 915 172
868 8 19 237 45.31
68 364 59
869 16 29 267 86.55
147 144 820
870 8 175 241 56.19
80 359 242
871 11 5 179 118.41
174 876 293
872 105 72 277 20.54
39 34 166
873 51 84 157 15.07
22 121 24
874 8 2 156 36.30
52 292 64
875 30 24 277 83.70
140 194 726
876 7 19 216 26.66
40 208 44
877 15 115 215 10.10
17 20 92
878 22 63 185 24.33
39 177 42
879 21 87 238 189.39
611 97 96
880 32 145 243 91.25
293 54 45
881 5 1 183 61.20
106 110 553
882 13 26 112 359.61
882 1371 349
883 43 19 273 30.62
41 269 40
884 6 0 53 20.50
37 40 170
885 25 130 242 160.60
517 85 85
886 3 13 136 387.57
988 1319 352
887 11 88 272 121.20
222 787 157
888 1 71 230 0.65
1 1 7
889 76 5 217 42.21
73 68 394
890 16 77 280 132.18
422 83 75
891 32 151 288 81.44
144 128 743
892 3 10 265 35.56
50 295 56
893 32 40 283 44.64
71 76 454
894 17 64 132 4.21
6 35 6
895 13 241 287 13.16
21 24 131
896 36 95 224 101.14
321 62 73
897 24 177 264 10.42
17 17 104
898 6 107 179 23.87
39 173 37
899 3 122 243 98.98
161 283 810
900 3 120 244 40.22
66 65 400
901 10 24 94 368.18
1182 202 207
902 13 8 111 76.43
119 127 800
903 3 90 212 92.46
151 678 132
904 10 14 149 236.40
760 128 128
905 26 153 237 19.64
34 33 181
906 16 90 257 118.58
166 1008 155
907 1 0 49 30.56
47 240 40
908 4 24 165 86.49
276 55 49
909 15 11 270 95.19
304 60 53
910 2 29 185 140.75
452 78 77
911 14 11 165 8.09
13 16 78
912 14 82 201 96.17
308 53 59
913 12 1 182 86.41
276 51 53
914 9 4 65 147.56
260 253 1321
915 18 76 268 4.25
8 25 8
916 63 57 222 7.44
13 13 67
917 8 162 239 35.23
53 281 48
918 3 60 281 10.19
16 16 107
919 6 54 194 4.40
8 28 7
920 37 78 204 40.74
130 24 26
921 60 119 277 1.97
4 4 13
922 13 66 262 147.94
474 85 84
923 18 2 211 117.07
375 62 75
924 9 54 285 176.27
347 1013 257
925 71 70 226 163.95
524 95 101
926 1 0 29 60.00
89 481 87
927 5 1 228 53.40
171 32 29
928 18 147 210 35.52
48 311 45
929 4 21 251 49.65
159 29 28
930 20 49 176 226.68
726 130 131
931 6 111 261 49.40
158 29 29
932 12 87 212 43.28
67 335 61
933 1 205 278 57.93
96 364 164
934 6 37 160 80.69
129 604 116
935 13 116 249 39.48
65 70 382
936 23 11 131 42.15
60 349 62
937 9 233 288 72.22
119 122 707
938 19 14 191 79.97
125 612 115
939 5 35 137 7.46
11 60 11
940 1 43 176 157.41
370 675 153
941 12 199 271 28.90
41 239 44
942 9 33 225 4.36
8 8 36
943 17 62 242 6.10
10 43 11
944 5 13 102 241.53
656 647 200
945 4 5 124 1.05
2 2 8
946 11 73 249 46.76
113 183 50
947 10 88 205 25.67
82 15 16
948 76 85 174 13.04
23 22 117
949 24 29 129 18.55
28 145 29
950 4 22 231 39.76
70 69 355
951 26 28 226 64.59
92 534 96
952 2 93 208 451.93
1288 936 362
953 21 13 190 60.42
194 35 31
954 31 4 243 11.63
20 19 109
955 28 52 238 46.97
149 29 34
956 19 0 52 46.88
65 397 68
957 7 34 265 20.75
30 170 30
958 26 12 243 43.34
72 82 407
959 3 32 170 566.37
1229 2155 1677
960 8 10 190 40.45
130 22 22
961 12 47 219 47.22
149 35 31
962 7 46 223 18.82
33 34 167
963 77 76 225 2.01
3 16 3
964 48 73 209 3.86
7 8 31
965 7 0 56 19.07
25 168 28
966 32 78 210 91.31
152 153 885
967 1 3 15 88.75
126 713 166
968 20 41 250 15.86
25 121 22
969 24 88 278 344.48
1105 197 188
970 4 1 181 141.06
451 83 84
971 5 0 245 32.46
53 53 324
972 110 62 223 15.72
50 10 10
973 4 0 259 190.61
613 105 99
974 57 0 182 7.38
14 14 57
975 19 0 57 95.19
203 482 127
976 9 42 287 4.63
7 37 6
977 8 3 49 28.65
37 255 42
978 32 184 281 6.81
10 11 76
979 52 135 256 24.73
37 42 268
980 62 27 277 58.97
107 96 514
981 29 10 150 92.11
295 55 50
982 5 232 271 47.66
144 62 36
983 31 12 285 20.71
66 12 14
984 1 55 271 52.65
74 438 81
985 9 155 277 77.00
138 128 679
986 13 119 285 38.14
124 16 18
987 27 28 111 4.65
9 8 36
988 6 47 83 1.89
3 14 3
989 70 56 287 60.73
109 92 548
990 12 52 268 50.97
90 80 466
991 10 91 241 6.12
9 50 8
992 31 93 280 0.69
2 1 1
993 17 61 268 54.34
175 29 28
994 11 3 213 68.55
92 599 93
995 5 1 111 56.84
78 486 81
996 115 78 277 24.14
39 42 240
997 28 100 272 39.61
64 76 383
998 51 217 283 71.21
111 536 118
999 4 67 174 16.22
29 28 142
