288
0 0.03400
1 0.03400
2 0.03400
3 0.03400
4 0.03400
5 0.03400
6 0.03400
7 0.03400
8 0.03400
9 0.03400
10 0.03400
11 0.03400
12 0.03400
13 0.03400
14 0.03400
15 0.03400
16 0.03400
17 0.03400
18 0.03400
19 0.03400
20 0.03400
21 0.03400
22 0.03400
23 0.03400
24 0.03400
25 0.03400
26 0.03400
27 0.03400
28 0.03400
29 0.03400
30 0.03344
31 0.03344
32 0.03344
33 0.03344
34 0.03344
35 0.03344
36 0.03133
37 0.03133
38 0.03133
39 0.03133
40 0.03133
41 0.03133
42 0.03133
43 0.03133
44 0.03133
45 0.03133
46 0.03133
47 0.03133
48 0.03254
49 0.03254
50 0.03254
51 0.03254
52 0.03254
53 0.03254
54 0.03254
55 0.03254
56 0.03254
57 0.03254
58 0.03254
59 0.03254
60 0.03374
61 0.03374
62 0.03374
63 0.03374
64 0.03374
65 0.03374
66 0.03400
67 0.03400
68 0.03400
69 0.03400
70 0.03400
71 0.03400
72 0.04351
73 0.04351
74 0.04351
75 0.04351
76 0.04351
77 0.04351
78 0.04498
79 0.04498
80 0.04498
81 0.04498
82 0.04498
83 0.04498
84 0.04797
85 0.04797
86 0.04797
87 0.04797
88 0.04797
89 0.04797
90 0.05405
91 0.05405
92 0.05405
93 0.05405
94 0.05405
95 0.05405
96 0.04985
97 0.04985
98 0.04985
99 0.04985
100 0.04985
101 0.04985
102 0.04982
103 0.04982
104 0.04982
105 0.04982
106 0.04982
107 0.04982
108 0.04797
109 0.04797
110 0.04797
111 0.04797
112 0.04797
113 0.04797
114 0.04959
115 0.04959
116 0.04959
117 0.04959
118 0.04959
119 0.04959
120 0.04983
121 0.04983
122 0.04983
123 0.04983
124 0.04983
125 0.04983
126 0.04997
127 0.04997
128 0.04997
129 0.04997
130 0.04997
131 0.04997
132 0.05000
133 0.05000
134 0.05000
135 0.05000
136 0.05000
137 0.05000
138 0.05405
139 0.05405
140 0.05405
141 0.05405
142 0.05405
143 0.05405
144 0.05405
145 0.05405
146 0.05405
147 0.05405
148 0.05405
149 0.05405
150 0.05405
151 0.05405
152 0.05405
153 0.05405
154 0.05405
155 0.05405
156 0.04948
157 0.04948
158 0.04948
159 0.04948
160 0.04948
161 0.04948
162 0.04911
163 0.04911
164 0.04911
165 0.04911
166 0.04911
167 0.04911
168 0.04797
169 0.04797
170 0.04797
171 0.04797
172 0.04797
173 0.04797
174 0.04797
175 0.04797
176 0.04797
177 0.04797
178 0.04797
179 0.04797
180 0.04894
181 0.04894
182 0.04894
183 0.04894
184 0.04894
185 0.04894
186 0.04912
187 0.04912
188 0.04912
189 0.04912
190 0.04912
191 0.04912
192 0.05523
193 0.05523
194 0.05523
195 0.05523
196 0.05523
197 0.05523
198 0.05978
199 0.05978
200 0.05978
201 0.05978
202 0.05978
203 0.05978
204 0.08668
205 0.08668
206 0.08668
207 0.08668
208 0.08668
209 0.08668
210 0.10446
211 0.10446
212 0.10446
213 0.10446
214 0.10446
215 0.10446
216 0.18626
217 0.18626
218 0.18626
219 0.18626
220 0.18626
221 0.18626
222 0.10350
223 0.10350
224 0.10350
225 0.10350
226 0.10350
227 0.10350
228 0.08719
229 0.08719
230 0.08719
231 0.08719
232 0.08719
233 0.08719
234 0.06376
235 0.06376
236 0.06376
237 0.06376
238 0.06376
239 0.06376
240 0.06648
241 0.06648
242 0.06648
243 0.06648
244 0.06648
245 0.06648
246 0.06544
247 0.06544
248 0.06544
249 0.06544
250 0.06544
251 0.06544
252 0.05522
253 0.05522
254 0.05522
255 0.05522
256 0.05522
257 0.05522
258 0.05370
259 0.05370
260 0.05370
261 0.05370
262 0.05370
263 0.05370
264 0.04797
265 0.04797
266 0.04797
267 0.04797
268 0.04797
269 0.04797
270 0.04781
271 0.04781
272 0.04781
273 0.04781
274 0.04781
275 0.04781
276 0.04781
277 0.04781
278 0.04781
279 0.04781
280 0.04781
281 0.04781
282 0.03507
283 0.03507
284 0.03507
285 0.03507
286 0.03507
287 0.03507
