5
2
20
0 120 0.1 0.1
3301 3231
1 150 0.1 0.1
3310 3237
2 170 0.1 0.1
3258 3284
3 120 0.1 0.1
3320 3247
4 120 0.1 0.1
3264 3411
5 150 0.1 0.1
3187 3323
6 190 0.1 0.0
3218 3144
7 170 0.1 0.1
3176 3325
8 120 0.1 0.1
3273 3297
9 190 0.1 0.0
3320 3184
10 170 0.1 0.1
3254 3261
11 120 0.1 0.1
3266 3219
12 190 0.1 0.0
3279 3189
13 130 0.0 0.1
3090 3187
14 130 0.0 0.1
3261 3237
15 190 0.1 0.0
3183 3310
16 170 0.1 0.1
3262 3232
17 130 0.0 0.1
3108 3228
18 150 0.1 0.1
3231 3215
19 170 0.1 0.1
3318 3169
500
0 43 28 154 453.32
1566 1024
1 31 172 255 84.69
154 838
2 182 25 273 3.46
13 3
3 42 86 282 523.31
1988 341
4 51 4 261 153.41
280 1513
5 107 23 153 217.43
830 123
6 28 45 96 463.19
1724 468
7 48 46 156 190.62
715 167
8 43 226 288 110.52
416 90
9 52 5 184 15.72
60 9
10 9 88 197 101.03
384 65
11 39 111 237 175.45
355 1568
12 43 94 262 376.17
1245 1104
13 46 73 284 100.27
186 975
14 37 156 215 368.03
1400 231
15 106 114 287 221.89
449 1983
16 123 114 287 56.60
107 541
17 14 26 201 75.41
285 56
18 11 95 198 222.43
842 159
19 111 85 288 12.44
22 126
20 25 13 113 520.68
1725 1520
21 12 67 287 291.99
1102 224
22 5 91 282 49.71
94 475
23 5 156 288 71.36
271 47
24 125 9 247 54.66
94 566
25 24 44 262 157.53
596 114
26 44 1 138 611.46
2008 1868
27 20 35 141 358.07
1364 216
28 36 71 274 82.05
165 738
29 165 20 245 36.71
139 26
30 36 72 285 146.25
552 112
31 21 0 261 6.42
24 6
32 101 26 262 94.60
166 964
33 4 42 288 424.59
1611 286
34 75 61 256 250.62
950 173
35 67 43 241 242.78
923 155
36 15 1 287 16.67
29 171
37 40 82 287 75.68
288 47
38 36 40 88 106.80
258 759
39 21 7 287 775.92
2819 1106
40 18 54 233 69.26
132 657
41 5 46 179 40.82
74 405
42 99 128 288 715.00
2671 677
43 49 2 103 435.69
1647 322
44 25 8 258 106.04
186 1081
45 53 0 278 55.17
210 34
46 70 5 207 289.32
1090 231
47 86 131 274 119.46
451 91
48 66 1 130 330.47
945 1664
49 13 21 121 6.93
26 6
50 112 42 288 7.73
15 72
51 53 57 186 106.64
282 644
52 159 4 260 18.88
72 11
53 6 1 197 151.34
295 1405
54 43 49 210 264.15
741 1397
55 21 142 210 513.46
1448 2680
56 3 39 246 88.85
336 65
57 63 90 271 332.07
1259 228
58 24 29 241 60.54
229 44
59 71 79 288 225.05
854 151
60 41 2 275 32.17
122 22
61 13 23 156 225.90
858 148
62 56 22 225 370.57
1401 273
63 49 0 70 83.64
317 58
64 153 32 282 130.45
490 111
65 42 37 260 686.85
2273 2017
66 31 193 280 11.50
44 6
67 72 29 262 84.68
320 63
68 37 166 288 677.28
2576 427
69 48 12 255 238.47
789 701
70 47 4 131 200.29
359 2006
71 17 52 288 22.11
83 19
72 163 5 261 106.24
220 926
73 13 18 263 537.20
2026 419
74 53 104 242 9.52
36 7
75 2 142 287 5.66
12 48
76 85 109 288 78.13
132 820
77 26 34 169 117.43
215 1155
78 17 121 288 61.77
233 48
79 6 13 39 65.43
247 50
80 66 7 83 157.69
596 117
81 50 34 258 391.68
1488 255
82 145 89 278 90.88
341 79
83 167 90 277 6.37
24 5
84 137 48 287 43.89
166 32
85 11 186 288 95.56
176 935
86 4 107 288 141.73
534 113
87 44 74 288 0.53
1 5
88 126 36 288 252.43
562 2017
89 4 14 130 337.40
1280 228
90 80 3 287 727.95
2593 1279
91 172 31 275 69.19
259 63
92 69 4 277 137.14
406 626
93 14 2 93 164.29
304 1601
94 62 30 240 56.76
215 40
95 130 24 284 26.24
44 277
96 182 28 287 114.20
213 1105
97 13 0 281 25.37
41 275
98 24 138 276 152.99
297 1426
99 50 41 250 87.20
175 786
100 22 115 281 645.12
2435 494
101 121 12 240 99.22
172 1021
102 14 35 204 490.03
1855 350
103 24 5 41 479.82
1629 1217
104 13 10 188 79.51
260 248
105 91 124 267 136.02
516 92
106 251 19 281 21.38
39 211
107 18 62 200 656.42
2451 627
108 103 30 223 62.79
117 608
109 20 1 110 48.46
85 494
110 30 27 231 122.60
233 1166
111 65 140 256 253.19
622 1751
112 13 91 205 80.65
137 843
113 140 1 179 1.63
3 16
114 84 2 132 120.06
457 74
115 3 124 164 32.63
58 329
116 91 18 284 84.02
158 807
117 7 189 288 134.08
248 1307
118 36 1 81 270.86
467 2799
119 122 36 201 162.99
319 1507
120 50 20 248 29.34
53 292
121 37 146 283 469.46
1780 322
122 23 15 218 16.94
35 148
123 8 189 282 6.37
24 5
124 38 51 245 20.84
33 229
125 13 6 193 394.04
1478 345
126 7 159 200 192.95
713 219
127 21 0 25 628.11
2302 802
128 40 0 205 28.40
54 270
129 103 148 271 61.92
234 46
130 75 4 143 239.54
775 786
131 33 0 184 556.02
1876 1465
132 115 11 252 6.00
23 3
133 21 4 288 92.46
350 66
134 67 87 228 179.83
638 328
135 161 34 288 455.82
1719 356
136 4 33 259 56.55
203 92
137 40 1 96 54.97
104 525
138 45 2 244 142.13
263 1385
139 7 0 145 796.85
2844 1374
140 53 1 87 170.66
310 1690
141 20 111 178 19.66
74 16
142 9 9 151 797.94
2913 1072
143 37 157 278 40.21
81 361
144 20 137 234 9.78
37 7
145 154 55 287 21.65
36 230
146 24 182 287 134.89
509 104
147 146 30 246 47.93
84 489
148 157 7 233 253.17
959 178
149 25 41 99 236.98
901 151
150 22 35 282 414.82
1565 321
151 26 1 286 43.85
75 456
152 46 28 258 153.50
272 1552
153 74 39 223 73.89
279 56
154 28 63 269 407.80
1067 2516
155 21 263 287 110.79
257 837
156 118 6 246 7.76
13 82
157 129 83 288 6.09
12 56
158 2 0 217 68.84
257 66
159 24 9 166 197.59
751 127
160 32 19 194 672.85
2097 2581
161 20 138 244 550.62
2081 409
162 4 32 154 64.27
107 682
163 2 0 117 181.03
686 126
164 31 50 243 114.40
193 1202
165 41 66 245 639.14
1889 2932
166 65 16 110 37.21
72 348
167 7 209 288 156.77
302 1472
168 11 18 271 177.49
332 1713
169 12 10 281 169.30
640 125
170 80 4 138 100.31
160 1097
171 41 2 59 49.82
82 533
172 52 99 287 772.53
2745 1389
173 5 0 92 64.16
242 50
174 94 94 263 297.70
1132 189
175 195 63 288 220.02
840 124
176 33 43 104 578.89
1893 1806
177 61 24 121 32.25
58 322
178 41 194 275 9.68
18 94
179 28 0 130 130.47
234 1306
180 23 0 206 34.51
62 345
181 33 42 238 195.99
740 149
182 154 82 285 129.14
337 801
183 36 34 268 251.76
701 1356
184 10 96 283 67.66
256 49
185 2 11 238 162.91
617 115
186 23 1 191 600.91
2281 400
187 91 46 186 87.74
331 68
188 50 159 287 160.74
311 1503
189 48 84 245 338.18
748 2725
190 19 175 287 82.26
312 56
191 33 35 242 51.98
197 36
192 40 4 276 82.70
312 64
193 6 37 152 126.61
246 1179
194 3 158 251 64.65
245 45
195 32 176 288 164.11
302 1607
196 93 97 267 133.23
241 1324
197 40 220 285 91.01
169 884
198 17 12 284 101.34
382 80
199 2 0 276 1.63
3 16
200 72 11 285 113.35
212 1094
201 3 35 193 614.42
1989 2011
202 193 60 277 348.62
1327 215
203 77 57 288 620.37
2027 1943
204 34 13 211 251.18
955 160
205 19 1 158 15.80
32 141
206 45 7 179 555.97
2110 372
207 36 182 287 300.42
676 2367
208 1 11 130 74.25
280 58
209 150 113 288 65.07
246 48
210 18 3 287 141.73
267 1359
211 77 4 139 379.82
1443 247
212 6 45 256 460.99
1719 451
213 39 24 158 465.62
1761 340
214 35 41 85 27.91
51 275
215 46 127 277 9.58
18 92
216 5 47 105 160.34
288 1603
217 13 6 245 240.01
527 1952
218 67 212 288 82.81
153 808
219 16 118 209 625.05
1982 2239
220 34 0 60 186.60
316 1955
221 139 16 288 60.30
107 609
222 2 41 207 183.75
695 134
223 11 8 168 27.13
46 284
224 2 21 189 327.10
966 1504
225 45 63 270 199.51
759 125
226 29 61 160 217.96
828 142
227 85 16 227 48.80
84 505
228 73 22 287 48.98
173 93
229 2 0 180 81.01
147 803
230 37 137 258 683.39
2365 1524
231 132 22 191 49.51
93 476
232 69 47 190 378.17
1249 1122
233 5 100 232 20.77
37 209
234 52 46 238 125.23
475 85
235 23 1 108 48.37
93 455
236 21 18 285 55.80
211 41
237 73 6 176 104.59
395 79
238 5 90 287 606.84
2314 355
239 123 80 287 75.41
138 742
240 41 25 163 499.26
1901 305
241 206 27 270 23.58
89 18
242 59 149 262 253.92
552 2091
243 18 0 126 466.11
1386 2099
244 10 224 286 589.77
2238 396
245 10 18 55 135.49
368 773
246 9 67 178 83.70
149 843
247 12 2 45 469.81
1365 2265
248 91 19 264 32.84
58 333
249 65 95 287 9.97
17 104
250 22 2 105 14.20
27 135
251 43 131 245 93.51
175 902
252 60 21 286 79.80
163 706
253 81 46 206 28.11
49 288
254 6 29 154 611.54
2127 1314
255 18 21 105 122.23
463 86
256 115 13 273 41.35
84 368
257 62 15 135 78.42
296 60
258 36 8 163 648.50
2258 1382
259 95 47 288 202.25
749 222
260 163 1 247 253.12
536 2151
261 53 19 188 478.11
1807 355
262 15 85 201 10.48
19 104
263 61 108 221 222.34
844 148
264 93 12 216 500.02
1889 375
265 4 167 287 26.15
43 280
266 23 2 176 52.97
97 521
267 24 207 287 502.76
1909 332
268 72 41 285 334.06
1263 246
269 10 84 274 372.22
1412 252
270 2 48 176 14.71
56 9
271 161 31 223 50.63
91 506
272 116 50 254 44.21
82 430
273 33 152 279 555.08
2087 463
274 28 6 264 61.59
117 586
275 161 105 288 64.00
119 621
276 34 1 77 722.98
2741 497
277 21 182 287 564.13
1714 2370
278 22 221 287 88.85
162 877
279 85 10 228 80.92
152 778
280 6 23 231 244.22
922 186
281 159 49 287 39.64
70 402
282 83 15 232 14.82
56 11
283 23 0 181 71.02
269 50
284 162 1 192 76.73
134 785
285 14 2 252 298.28
749 1987
286 15 77 148 41.86
158 32
287 50 0 175 181.59
688 127
288 41 80 241 23.45
39 249
289 135 3 261 163.29
620 108
290 6 260 287 120.86
206 1260
291 154 14 264 139.23
528 95
292 61 68 232 149.40
564 114
293 112 11 156 28.71
46 313
294 25 2 261 170.86
323 1633
295 75 0 203 97.24
368 70
296 163 29 274 135.33
395 644
297 61 0 129 700.40
2351 1902
298 3 65 270 560.61
1614 2772
299 23 17 287 139.92
247 1419
300 48 21 196 326.53
1180 495
301 54 126 281 3.21
12 3
302 1 10 150 482.01
1445 2116
303 22 218 280 130.16
242 1263
304 160 24 258 75.95
288 52
305 49 90 268 196.05
383 1816
306 6 126 287 20.09
38 192
307 26 34 192 51.22
194 36
308 6 15 193 102.27
193 979
309 59 64 255 110.30
206 1066
310 97 75 231 414.96
1560 347
311 33 7 288 604.74
2013 1721
312 77 2 218 185.00
371 1669
313 71 28 287 516.45
1739 1377
314 17 12 116 2.96
11 3
315 9 8 151 326.75
1225 289
316 38 42 285 37.63
79 323
317 37 131 288 587.33
1902 1919
318 2 209 288 274.12
680 1865
319 64 163 278 312.35
963 1247
320 17 187 267 92.08
152 983
321 6 33 90 30.05
59 277
322 24 11 114 358.22
1353 270
323 39 130 288 100.93
174 1043
324 13 1 126 605.68
2192 903
325 21 238 288 320.44
1219 201
326 19 6 288 13.49
51 10
327 56 153 287 202.21
763 156
328 34 16 221 235.51
892 166
329 44 3 176 11.77
20 123
330 19 48 287 196.16
743 138
331 24 2 95 141.93
400 742
332 21 114 286 222.04
681 903
333 83 175 287 100.42
202 903
334 19 17 41 341.82
1291 258
335 8 115 261 502.11
1903 348
336 47 0 132 578.29
2163 535
337 9 171 244 216.85
634 1027
338 40 6 100 32.54
123 24
339 84 26 247 114.85
435 81
340 87 96 262 18.93
72 12
341 24 0 88 443.20
1479 1244
342 55 9 237 614.26
2001 1952
343 28 2 50 725.99
2584 1285
344 47 39 268 23.50
42 236
345 12 15 218 117.76
446 83
346 75 110 288 40.77
74 404
347 4 39 250 39.72
72 394
348 53 0 253 203.77
542 1216
349 7 127 275 14.76
26 150
350 51 26 286 14.69
30 130
351 106 11 288 42.37
160 32
352 20 76 211 21.89
83 15
353 126 18 288 5.75
22 3
354 20 151 287 120.15
455 85
355 30 31 203 66.20
118 666
356 66 143 288 196.81
746 136
357 65 114 288 684.04
2155 2516
358 44 25 105 108.51
206 1033
359 31 9 200 681.27
2458 1051
360 42 0 238 105.68
191 1051
361 116 21 214 73.25
278 49
362 27 106 287 97.88
369 77
363 89 103 284 91.11
346 60
364 17 0 277 100.11
228 776
365 5 12 175 78.51
150 743
366 4 164 287 57.00
106 553
367 58 24 227 376.37
1423 277
368 130 11 267 408.47
1555 251
369 6 16 198 52.43
199 35
370 28 0 71 175.70
323 1722
371 5 35 260 25.41
45 257
372 48 10 189 57.22
106 557
373 99 40 226 308.20
1168 214
374 8 13 195 156.15
297 1484
375 12 191 286 66.00
120 653
376 34 17 99 248.95
832 693
377 120 100 278 159.99
277 1648
378 32 70 288 405.90
1532 311
379 12 22 67 16.87
30 170
380 155 11 288 96.59
281 464
381 164 37 267 106.47
405 67
382 52 3 259 286.60
1027 475
383 93 2 158 16.98
33 158
384 18 13 192 336.80
791 2499
385 19 65 270 15.56
30 146
386 37 19 273 448.95
1297 2199
387 17 14 195 265.25
1007 176
388 49 5 188 175.43
659 149
389 21 18 281 476.73
1622 1193
390 38 23 87 32.08
64 291
391 32 6 141 49.55
91 486
392 61 119 205 244.51
471 2296
393 50 176 257 89.50
339 63
394 3 37 170 138.81
257 1352
395 227 5 270 50.60
99 468
396 92 2 208 26.77
48 268
397 82 15 287 398.15
1494 346
398 48 24 182 210.68
800 139
399 130 114 280 30.69
48 340
400 11 127 287 51.70
92 521
401 124 34 240 359.49
1358 270
402 97 91 279 19.35
37 183
403 3 62 284 468.41
1202 3000
404 152 16 272 260.56
987 183
405 68 7 207 207.04
368 2088
406 5 0 274 151.83
394 952
407 15 1 208 481.07
1827 316
408 77 79 276 332.59
1263 219
409 11 53 287 304.81
953 1155
410 3 155 270 80.60
305 58
411 184 12 284 596.81
2261 418
412 85 17 269 203.10
771 135
413 14 271 287 185.40
367 1695
414 79 16 184 162.08
300 1579
415 95 86 278 321.40
851 1936
416 18 46 246 80.98
155 765
417 157 44 288 173.52
353 1542
418 11 30 287 126.79
230 1257
419 6 29 159 119.62
454 80
420 41 1 287 135.85
516 89
421 142 47 275 105.86
178 1115
422 54 24 232 13.75
28 122
423 15 126 287 382.50
1439 315
424 5 180 229 721.53
2557 1329
425 32 56 155 131.81
499 94
426 82 56 252 576.21
1828 2060
427 117 4 157 65.72
249 46
428 13 5 234 80.61
265 245
429 9 0 121 183.03
690 144
430 14 34 83 189.21
307 2045
431 101 103 260 499.55
1897 329
432 14 132 288 75.50
286 53
433 197 13 260 64.73
115 653
434 37 6 213 443.06
1223 2436
435 168 15 288 256.53
825 865
436 8 96 157 638.52
2070 2076
437 43 190 241 9.72
37 6
438 200 1 228 97.99
180 961
439 16 0 95 395.00
1497 274
440 73 60 244 182.57
481 1111
441 38 38 180 562.82
1846 1730
442 85 67 254 0.53
1 5
443 5 73 288 97.73
167 1017
444 127 40 278 15.67
27 162
445 134 61 288 142.04
541 86
446 67 60 192 323.85
1223 245
447 95 70 275 412.82
1576 233
448 70 62 233 487.25
1657 1223
449 8 12 286 469.35
1363 2266
450 96 55 287 177.78
343 1667
451 14 0 250 361.17
1367 259
452 17 29 164 101.80
186 1003
453 83 79 252 84.88
324 48
454 159 12 222 216.09
817 159
455 62 38 142 545.18
2072 351
456 38 6 201 30.56
52 319
457 58 83 201 87.41
175 790
458 32 25 118 42.89
77 429
459 5 37 206 816.58
2770 2082
460 15 2 47 210.34
687 660
461 22 2 222 71.40
125 729
462 11 61 276 338.79
834 2335
463 46 14 171 131.21
334 853
464 14 0 143 771.04
2788 1161
465 21 2 114 55.01
99 549
466 63 10 263 41.97
158 34
467 121 22 185 59.03
96 637
468 30 35 133 83.52
318 51
469 6 176 288 222.60
680 918
470 147 3 218 34.06
129 24
471 80 81 233 102.41
164 1117
472 17 54 229 245.10
672 1369
473 137 4 270 144.98
550 98
474 18 31 287 18.72
36 176
475 21 217 288 568.81
2125 538
476 21 148 288 187.14
352 1797
477 69 38 275 166.85
634 108
478 171 14 187 71.35
137 672
479 26 59 215 25.48
44 263
480 8 0 218 298.26
720 2122
481 21 26 285 113.35
188 1206
482 22 10 267 679.95
2525 714
483 184 57 286 189.08
716 134
484 82 9 139 22.29
37 237
485 20 2 223 92.96
184 850
486 24 24 254 237.83
449 2276
487 13 69 283 84.46
152 843
488 53 24 110 157.42
599 98
489 88 140 285 116.81
441 89
490 236 17 287 14.74
24 159
491 49 64 267 470.50
1783 327
492 65 2 194 195.09
742 123
493 66 27 245 15.67
30 148
494 36 8 115 168.44
639 114
495 118 86 281 10.61
18 111
496 105 119 275 441.30
1668 327
497 40 93 279 128.91
236 1268
498 12 36 131 3.21
12 3
499 81 22 287 72.81
122 769
