288
0 0.03674
1 0.03674
2 0.03674
3 0.03674
4 0.03674
5 0.03674
6 0.03673
7 0.03673
8 0.03673
9 0.03673
10 0.03673
11 0.03673
12 0.03406
13 0.03406
14 0.03406
15 0.03406
16 0.03406
17 0.03406
18 0.03394
19 0.03394
20 0.03394
21 0.03394
22 0.03394
23 0.03394
24 0.03103
25 0.03103
26 0.03103
27 0.03103
28 0.03103
29 0.03103
30 0.03103
31 0.03103
32 0.03103
33 0.03103
34 0.03103
35 0.03103
36 0.03103
37 0.03103
38 0.03103
39 0.03103
40 0.03103
41 0.03103
42 0.03103
43 0.03103
44 0.03103
45 0.03103
46 0.03103
47 0.03103
48 0.03103
49 0.03103
50 0.03103
51 0.03103
52 0.03103
53 0.03103
54 0.03103
55 0.03103
56 0.03103
57 0.03103
58 0.03103
59 0.03103
60 0.03103
61 0.03103
62 0.03103
63 0.03103
64 0.03103
65 0.03103
66 0.03103
67 0.03103
68 0.03103
69 0.03103
70 0.03103
71 0.03103
72 0.02742
73 0.02742
74 0.02742
75 0.02742
76 0.02742
77 0.02742
78 0.03051
79 0.03051
80 0.03051
81 0.03051
82 0.03051
83 0.03051
84 0.03051
85 0.03051
86 0.03051
87 0.03051
88 0.03051
89 0.03051
90 0.03051
91 0.03051
92 0.03051
93 0.03051
94 0.03051
95 0.03051
96 0.03042
97 0.03042
98 0.03042
99 0.03042
100 0.03042
101 0.03042
102 0.03051
103 0.03051
104 0.03051
105 0.03051
106 0.03051
107 0.03051
108 0.03051
109 0.03051
110 0.03051
111 0.03051
112 0.03051
113 0.03051
114 0.03387
115 0.03387
116 0.03387
117 0.03387
118 0.03387
119 0.03387
120 0.04135
121 0.04135
122 0.04135
123 0.04135
124 0.04135
125 0.04135
126 0.04423
127 0.04423
128 0.04423
129 0.04423
130 0.04423
131 0.04423
132 0.03387
133 0.03387
134 0.03387
135 0.03387
136 0.03387
137 0.03387
138 0.04423
139 0.04423
140 0.04423
141 0.04423
142 0.04423
143 0.04423
144 0.04453
145 0.04453
146 0.04453
147 0.04453
148 0.04453
149 0.04453
150 0.05247
151 0.05247
152 0.05247
153 0.05247
154 0.05247
155 0.05247
156 0.05247
157 0.05247
158 0.05247
159 0.05247
160 0.05247
161 0.05247
162 0.05247
163 0.05247
164 0.05247
165 0.05247
166 0.05247
167 0.05247
168 0.05247
169 0.05247
170 0.05247
171 0.05247
172 0.05247
173 0.05247
174 0.04453
175 0.04453
176 0.04453
177 0.04453
178 0.04453
179 0.04453
180 0.04453
181 0.04453
182 0.04453
183 0.04453
184 0.04453
185 0.04453
186 0.04453
187 0.04453
188 0.04453
189 0.04453
190 0.04453
191 0.04453
192 0.05247
193 0.05247
194 0.05247
195 0.05247
196 0.05247
197 0.05247
198 0.04423
199 0.04423
200 0.04423
201 0.04423
202 0.04423
203 0.04423
204 0.04574
205 0.04574
206 0.04574
207 0.04574
208 0.04574
209 0.04574
210 0.07378
211 0.07378
212 0.07378
213 0.07378
214 0.07378
215 0.07378
216 0.09887
217 0.09887
218 0.09887
219 0.09887
220 0.09887
221 0.09887
222 0.10934
223 0.10934
224 0.10934
225 0.10934
226 0.10934
227 0.10934
228 0.10934
229 0.10934
230 0.10934
231 0.10934
232 0.10934
233 0.10934
234 0.10334
235 0.10334
236 0.10334
237 0.10334
238 0.10334
239 0.10334
240 0.09385
241 0.09385
242 0.09385
243 0.09385
244 0.09385
245 0.09385
246 0.08790
247 0.08790
248 0.08790
249 0.08790
250 0.08790
251 0.08790
252 0.08766
253 0.08766
254 0.08766
255 0.08766
256 0.08766
257 0.08766
258 0.08128
259 0.08128
260 0.08128
261 0.08128
262 0.08128
263 0.08128
264 0.07227
265 0.07227
266 0.07227
267 0.07227
268 0.07227
269 0.07227
270 0.05885
271 0.05885
272 0.05885
273 0.05885
274 0.05885
275 0.05885
276 0.07119
277 0.07119
278 0.07119
279 0.07119
280 0.07119
281 0.07119
282 0.06914
283 0.06914
284 0.06914
285 0.06914
286 0.06914
287 0.06914
