5
3
50
0 170 0.1 0.1
2500 2519 2466
1 120 0.1 0.1
2459 2577 2429
2 190 0.1 0.0
2499 2557 2481
3 190 0.1 0.0
2472 2497 2516
4 170 0.1 0.1
2579 2526 2579
5 190 0.1 0.0
2623 2532 2558
6 130 0.0 0.1
2503 2514 2399
7 190 0.1 0.0
2502 2512 2437
8 130 0.0 0.1
2567 2496 2561
9 190 0.1 0.0
2528 2579 2589
10 150 0.1 0.1
2449 2549 2505
11 130 0.0 0.1
2536 2345 2664
12 190 0.1 0.0
2586 2495 2547
13 190 0.1 0.0
2443 2488 2577
14 150 0.1 0.1
2472 2553 2523
15 170 0.1 0.1
2414 2540 2477
16 130 0.0 0.1
2557 2583 2475
17 130 0.0 0.1
2491 2421 2531
18 120 0.1 0.1
2472 2535 2468
19 150 0.1 0.1
2467 2514 2458
20 150 0.1 0.1
2414 2540 2497
21 150 0.1 0.1
2372 2524 2496
22 120 0.1 0.1
2631 2506 2491
23 170 0.1 0.1
2446 2599 2565
24 190 0.1 0.0
2492 2425 2427
25 120 0.1 0.1
2385 2519 2487
26 120 0.1 0.1
2562 2487 2474
27 130 0.0 0.1
2452 2509 2518
28 130 0.0 0.1
2556 2388 2425
29 120 0.1 0.1
2549 2458 2567
30 170 0.1 0.1
2513 2482 2471
31 150 0.1 0.1
2543 2374 2561
32 150 0.1 0.1
2530 2502 2510
33 130 0.0 0.1
2463 2502 2386
34 190 0.1 0.0
2575 2473 2639
35 130 0.0 0.1
2500 2559 2443
36 130 0.0 0.1
2481 2459 2397
37 190 0.1 0.0
2509 2475 2494
38 150 0.1 0.1
2535 2485 2443
39 130 0.0 0.1
2565 2550 2437
40 130 0.0 0.1
2474 2519 2422
41 120 0.1 0.1
2584 2476 2509
42 120 0.1 0.1
2536 2396 2461
43 170 0.1 0.1
2471 2424 2555
44 120 0.1 0.1
2467 2434 2574
45 170 0.1 0.1
2567 2482 2541
46 130 0.0 0.1
2440 2470 2474
47 190 0.1 0.0
2428 2577 2554
48 120 0.1 0.1
2545 2482 2409
49 170 0.1 0.1
2400 2462 2512
1000
0 42 25 287 34.14
108 22 22
1 36 78 259 139.04
226 253 1341
2 76 67 217 75.78
141 124 627
3 12 73 280 690.07
1664 1732 2145
4 5 175 270 298.03
676 1356 313
5 23 8 130 449.40
978 1665 1331
6 62 10 263 81.11
126 155 812
7 77 13 100 160.04
241 309 1651
8 43 9 200 171.54
263 1309 270
9 90 47 287 83.27
126 150 871
10 7 108 287 3.33
6 6 28
11 44 76 200 506.76
1190 1922 824
12 14 34 110 187.39
330 584 1265
13 55 5 240 6.55
9 55 10
14 47 122 254 0.40
1 1 1
15 8 9 205 109.40
344 83 66
16 77 5 136 355.18
1131 217 194
17 56 64 276 5.83
18 5 5
18 51 16 235 11.24
19 76 20
19 26 5 111 689.01
1981 1336 495
20 139 7 249 39.47
127 19 20
21 10 32 177 277.34
886 141 174
22 182 41 286 535.07
1720 253 290
23 87 186 287 699.98
1836 2077 659
24 4 84 223 105.84
337 66 56
25 58 6 107 21.43
41 36 168
26 55 0 139 510.74
1561 587 324
27 6 149 282 95.50
138 763 158
28 102 67 226 184.21
587 107 106
29 58 77 287 333.20
1056 221 191
30 9 103 288 545.62
1278 2036 960
31 138 3 185 26.90
44 52 253
32 54 130 199 62.14
95 478 94
33 47 87 237 396.00
1264 208 246
34 86 12 111 146.36
245 303 1307
35 91 9 249 534.00
1210 1798 1517
36 59 200 287 372.25
788 1848 554
37 42 0 184 339.90
1080 191 227
38 34 234 286 21.56
34 36 220
39 78 78 287 602.71
1693 1284 539
40 50 88 259 35.74
91 116 38
41 44 30 225 373.22
615 1602 2157
42 4 2 127 6.67
13 13 48
43 78 113 287 134.91
227 959 177
44 113 6 231 210.99
673 127 110
45 54 117 288 707.28
1651 1982 2270
46 95 48 209 170.38
542 98 106
47 7 255 287 118.74
379 71 61
48 57 99 248 33.45
101 45 20
49 12 40 287 37.60
55 302 55
50 10 1 84 527.33
1515 993 431
51 85 81 235 57.82
99 99 532
52 14 53 250 87.08
274 61 59
53 8 111 287 36.52
116 23 21
54 88 60 288 634.37
1666 1946 487
55 80 4 136 107.00
169 197 1063
56 8 52 287 338.82
720 1658 521
57 52 4 247 244.83
397 961 1595
58 4 15 222 70.14
121 122 636
59 44 1 229 362.88
575 1725 2007
60 19 2 59 95.84
302 65 65
61 24 28 207 3.28
4 30 5
62 15 62 287 2.86
9 2 2
63 10 21 231 120.87
181 946 185
64 22 13 286 30.25
48 53 303
65 235 38 288 14.08
24 21 135
66 36 99 287 32.10
98 37 21
67 16 215 280 92.30
295 51 51
68 18 3 174 40.29
63 82 393
69 56 35 256 6.44
9 42 27
70 5 72 164 466.24
1478 293 289
71 67 0 231 35.36
65 58 298
72 5 103 284 253.91
810 150 136
73 153 20 223 126.45
403 75 70
74 21 82 288 131.39
422 72 59
75 22 62 254 82.64
139 140 780
76 133 72 251 44.18
78 63 409
77 19 163 284 77.49
136 125 701
78 80 10 225 326.72
500 1783 1586
79 187 74 266 3.24
6 6 26
80 163 33 282 18.78
26 156 30
81 31 135 236 246.27
643 735 246
82 86 11 199 161.27
245 299 1667
83 10 201 288 459.06
1465 254 268
84 63 6 288 52.88
91 78 502
85 45 10 211 35.15
48 298 52
86 22 7 79 297.88
898 385 212
87 30 53 264 113.82
187 187 1114
88 54 126 262 110.01
158 902 154
89 91 110 285 334.04
1051 263 183
90 46 7 206 107.15
278 346 80
91 90 81 288 94.37
303 45 53
92 39 12 274 174.48
279 577 1326
93 18 86 286 282.24
470 972 1956
94 107 41 283 305.67
627 1669 368
95 16 60 252 6.65
12 12 56
96 37 139 231 160.40
508 108 92
97 40 104 288 583.74
1788 625 412
98 55 139 244 11.45
17 92 15
99 46 196 282 33.03
70 173 35
100 4 62 231 92.47
297 45 50
101 1 143 231 2.19
4 4 18
102 65 12 197 261.88
495 1585 378
103 14 41 116 338.91
1078 186 225
104 62 75 149 45.66
70 353 65
105 65 14 208 190.88
274 1266 717
106 28 185 270 321.77
613 1860 562
107 6 129 282 59.00
97 113 553
108 56 29 266 541.37
1361 1726 743
109 27 131 239 72.29
115 186 633
110 15 56 188 170.72
361 912 160
111 9 0 239 122.24
198 237 1162
112 4 85 164 653.12
1727 1903 570
113 93 131 282 23.77
37 45 238
114 13 0 22 761.55
2117 1862 477
115 127 0 260 378.42
1087 725 292
116 18 24 220 39.93
61 71 415
117 22 126 287 0.40
1 1 1
118 79 11 286 53.78
80 429 74
119 48 12 260 76.16
127 212 602
120 135 19 176 390.59
1238 261 220
121 169 64 272 399.62
1265 256 253
122 8 4 109 86.75
122 719 128
123 29 153 277 39.09
64 285 53
124 39 199 281 429.86
929 1971 751
125 46 5 81 270.43
457 937 1819
126 144 17 256 86.62
278 47 41
127 155 84 284 446.35
1420 256 278
128 57 72 232 449.13
1080 1676 594
129 25 44 282 791.46
2085 1995 1212
130 86 70 245 571.57
1386 1671 1368
131 92 0 93 83.23
264 54 48
132 4 6 230 470.49
1226 1447 423
133 129 0 210 56.67
104 84 492
134 8 15 270 24.80
44 48 209
135 63 75 262 297.86
944 168 215
136 46 1 273 48.33
72 382 71
137 72 29 216 58.12
94 83 598
138 60 84 285 232.75
363 1035 1435
139 21 1 176 385.45
604 1917 2052
140 7 158 288 0.84
2 2 3
141 59 54 194 74.29
120 147 704
142 19 35 214 83.76
134 133 852
143 24 42 138 60.75
121 344 80
144 210 19 286 168.80
273 299 1650
145 65 35 212 39.01
62 293 53
146 6 29 283 159.37
512 83 77
147 79 15 206 2.57
5 4 20
148 121 3 258 351.41
1122 192 205
149 102 7 277 512.11
1302 1694 509
150 13 1 247 334.13
617 1725 1030
151 100 42 275 778.98
2005 2040 1408
152 8 1 202 142.91
210 925 537
153 36 58 259 346.04
1097 223 206
154 22 21 245 20.40
63 17 18
155 77 152 233 519.24
1669 251 274
156 6 27 149 381.55
629 1770 2005
157 103 141 278 210.16
660 154 141
158 79 12 228 280.09
421 1218 1879
159 4 27 277 575.87
1555 1513 524
160 3 22 274 68.64
114 497 87
161 42 41 239 276.28
459 959 1911
162 111 30 181 36.04
113 26 26
163 85 19 243 271.61
420 1075 1899
164 6 22 164 175.54
287 709 1097
165 66 57 278 33.81
57 58 317
166 28 81 288 128.49
223 260 1101
167 111 154 281 120.47
386 69 56
168 61 57 227 106.72
183 196 960
169 6 2 35 214.61
690 103 113
170 109 165 287 316.72
1017 156 170
171 18 0 218 22.14
41 36 185
172 55 4 139 149.41
212 1208 253
173 10 166 251 36.10
54 285 52
174 166 9 267 34.59
61 63 300
175 69 3 181 496.38
1580 279 312
176 41 138 276 259.25
446 826 1797
177 60 11 193 241.36
381 1304 1110
178 53 15 141 25.51
43 44 239
179 42 0 181 80.60
137 147 735
180 49 151 266 32.27
72 151 36
181 56 94 217 112.74
354 88 68
182 8 20 192 63.40
84 548 96
183 10 0 175 46.69
75 344 68
184 28 211 288 562.06
1435 1667 805
185 75 18 287 605.21
1740 1155 463
186 109 59 273 452.66
989 1718 1252
187 62 27 239 445.84
821 2128 1651
188 47 98 276 86.26
271 66 53
189 51 78 279 4.21
7 30 6
190 68 20 287 61.38
117 100 489
191 1 20 78 197.56
325 761 1276
192 23 24 127 12.92
22 24 117
193 3 15 183 601.72
1813 785 424
194 51 0 65 56.25
178 34 39
195 111 4 287 97.65
161 235 840
196 7 26 151 443.57
1213 1138 338
197 5 93 286 1.05
2 2 8
198 238 16 287 300.66
950 207 181
199 112 23 255 136.07
220 1004 186
200 108 1 209 169.90
540 101 104
201 9 0 76 727.41
1778 1862 2039
202 23 30 268 272.52
599 1304 324
203 36 5 223 175.75
316 297 1517
204 8 45 287 107.69
184 182 997
205 25 21 225 834.01
2080 2244 1884
206 8 38 205 522.72
1597 592 349
207 28 42 229 2.86
5 4 27
208 9 54 79 225.32
716 136 136
209 125 5 274 120.62
206 846 154
210 34 0 249 551.72
1300 2036 951
211 50 77 288 79.38
125 151 784
212 9 0 90 93.02
160 165 842
213 122 20 273 2.48
4 4 25
214 17 16 167 275.50
421 1090 1962
215 68 51 171 447.74
1109 1442 709
216 9 34 267 40.71
131 20 20
217 10 4 150 443.46
1254 931 359
218 9 38 288 515.52
1657 240 286
219 12 119 216 28.80
53 52 235
220 118 25 283 191.98
610 116 116
221 37 33 112 20.14
35 37 178
222 95 44 233 117.97
171 700 555
223 10 0 186 341.66
573 1619 1676
224 67 13 234 5.05
7 42 8
225 104 0 283 364.97
577 1798 1933
226 100 14 257 397.87
1154 749 249
227 10 32 211 218.82
326 615 1993
228 68 153 284 59.24
121 324 74
229 166 53 287 55.59
106 333 79
230 137 89 287 172.21
291 369 1500
231 163 9 268 202.59
644 128 112
232 54 5 254 1.64
3 10 3
233 42 15 76 350.19
1018 648 220
234 12 2 253 59.91
96 108 589
235 24 37 175 18.00
30 129 24
236 75 161 270 8.08
26 4 4
237 50 156 280 0.84
2 2 3
238 45 196 283 6.55
12 11 55
239 7 265 288 298.45
466 1274 1916
240 183 3 288 38.96
125 19 22
241 15 146 288 743.09
2120 1481 589
242 144 9 217 665.16
1500 2285 1872
243 92 103 288 304.15
971 171 171
244 41 76 255 142.53
206 641 982
245 136 24 287 208.25
671 99 101
246 55 3 66 286.16
575 1634 321
247 24 30 124 192.50
313 705 1324
248 14 0 23 20.31
33 33 202
249 23 41 167 442.37
1096 1527 545
250 19 105 246 17.45
30 31 158
251 20 57 268 13.11
17 117 17
252 25 133 249 123.73
223 212 1060
253 19 3 161 213.32
312 1416 759
254 33 19 237 278.66
479 1026 1727
255 16 228 288 411.11
1240 528 293
256 11 126 205 629.42
1752 1441 525
257 79 202 288 242.41
383 892 1739
258 16 217 288 491.33
1558 303 310
259 43 164 288 32.27
102 21 21
260 11 43 180 223.49
713 123 133
261 72 204 287 114.37
182 509 679
262 17 17 265 116.55
368 79 74
263 99 137 269 410.52
1319 220 188
264 67 137 287 18.84
34 27 169
265 59 46 200 255.74
407 1009 1712
266 3 65 190 1.75
3 3 16
267 56 72 276 12.23
22 79 18
268 77 34 235 258.14
420 1489 958
269 61 0 278 89.44
161 155 765
270 27 2 64 0.80
2 2 2
271 113 68 264 118.91
211 189 1064
272 55 106 191 165.37
219 1394 304
273 131 29 245 0.40
1 1 1
274 19 1 129 342.11
1095 172 203
275 46 168 287 133.86
229 221 1245
276 75 1 106 857.33
2283 2060 1293
277 7 11 245 519.71
1244 1773 977
278 10 0 132 440.28
1312 688 242
279 165 63 281 142.47
455 82 76
280 173 4 187 20.59
38 32 175
281 8 2 187 642.98
1537 1707 1953
282 74 143 288 182.27
314 479 1413
283 16 1 222 6.38
11 11 58
284 204 28 247 100.96
137 846 170
285 47 2 213 74.56
121 136 720
286 60 15 247 275.34
652 1100 326
287 83 26 163 171.81
328 272 1377
288 41 102 172 389.53
1233 237 266
289 84 2 155 352.61
1122 209 208
290 46 64 283 284.70
512 1711 612
291 73 13 173 6.82
21 6 6
292 71 122 276 88.24
153 162 782
293 85 22 232 746.75
1839 2267 1464
294 161 29 264 302.74
940 294 170
295 70 40 212 108.93
179 203 1030
296 52 9 266 77.70
133 133 715
297 75 7 194 137.96
264 832 181
298 8 200 288 65.30
208 36 41
299 73 5 115 158.61
249 315 1552
300 33 101 283 79.06
252 44 48
301 96 17 160 143.01
454 94 78
302 27 4 210 289.61
480 1874 708
303 21 35 287 138.43
218 238 1405
304 29 63 192 34.19
108 24 20
305 46 122 243 167.96
287 433 1331
306 60 155 280 11.26
15 99 14
307 17 0 264 291.21
570 1546 608
308 60 118 196 37.36
69 57 319
309 91 98 203 127.02
224 214 1128
310 102 1 219 141.69
200 903 611
311 104 48 282 137.42
437 82 82
312 80 39 265 572.10
1473 1752 650
313 91 42 231 72.56
138 117 582
314 194 73 287 145.41
217 1120 255
315 78 1 275 204.90
311 1502 437
316 25 239 288 490.41
1160 1827 788
317 1 6 188 11.58
19 20 112
318 60 54 270 93.08
160 158 854
319 101 152 288 502.64
1608 272 275
320 37 37 240 34.16
52 231 101
321 29 59 147 627.88
1712 1638 473
322 68 85 247 25.32
40 193 32
323 103 12 215 5.28
9 9 49
324 166 17 288 13.87
24 25 124
325 2 6 163 17.75
29 33 169
326 37 43 250 249.57
401 1366 1072
327 51 175 265 4.25
7 30 7
328 30 20 248 142.28
229 221 1445
329 62 162 287 74.56
123 124 724
330 51 54 213 48.06
76 83 485
331 8 200 287 147.33
246 223 1443
332 43 72 263 161.96
232 1330 228
333 22 55 257 63.61
105 98 629
334 18 119 244 217.70
693 136 116
335 16 24 157 38.84
62 75 376
336 162 29 270 12.08
19 70 49
337 29 2 253 41.91
134 23 23
338 17 0 220 15.49
25 30 148
339 15 190 287 200.02
317 606 1623
340 44 130 232 36.10
63 61 325
341 83 1 288 41.85
66 314 61
342 83 151 287 299.27
955 157 188
343 13 49 144 35.76
57 269 47
344 20 7 265 87.19
151 158 777
345 20 99 266 248.64
408 1214 1229
346 2 20 288 100.41
320 54 64
347 32 12 99 14.69
46 12 9
348 48 37 287 98.54
314 55 60
349 93 25 233 282.62
436 1370 1606
350 126 32 267 174.99
234 1501 267
351 35 229 288 589.80
1226 2123 2243
352 128 111 288 84.41
137 178 779
353 5 7 217 744.10
1946 1697 1507
354 149 107 274 84.47
133 615 153
355 37 21 133 44.21
69 68 465
356 108 88 253 425.07
1355 259 223
357 170 9 251 165.43
291 491 1156
358 27 28 138 728.12
1815 2198 1293
359 36 96 250 11.83
18 92 17
360 6 6 134 192.90
329 780 1109
361 5 266 287 62.71
106 107 587
362 45 9 188 186.23
328 373 1568
363 112 36 267 25.85
36 218 35
364 16 64 288 51.24
164 28 27
365 70 48 281 122.26
389 74 70
366 1 0 62 628.12
1524 1835 1499
367 16 234 269 358.99
783 1540 736
368 6 157 287 369.70
664 1813 1414
369 3 15 186 165.37
232 1378 237
370 144 70 282 110.07
349 67 71
371 18 0 109 741.43
1894 1746 1734
372 198 23 241 598.01
1443 1975 1141
373 9 8 208 60.22
104 105 545
374 23 118 190 351.01
498 1895 2009
375 118 79 281 42.69
71 298 70
376 3 103 276 26.57
85 14 15
377 5 5 244 289.65
908 210 209
378 38 9 160 142.34
200 1188 199
379 28 148 275 617.59
1737 1365 463
380 46 36 198 141.29
184 1248 196
381 20 1 174 72.98
126 123 667
382 68 54 190 216.80
344 639 1783
383 33 47 287 48.96
78 358 80
384 7 140 288 512.87
1516 800 370
385 7 1 44 249.19
797 132 142
386 70 1 83 51.99
87 92 488
387 72 85 282 404.16
866 1880 718
388 88 5 200 193.39
620 103 99
389 38 2 192 2.88
5 5 26
390 50 89 288 8.10
13 61 10
391 6 53 200 201.77
284 1163 1060
392 44 9 67 535.14
1549 926 479
393 176 53 288 691.48
1836 1991 586
394 90 9 268 14.06
20 114 23
395 11 201 287 5.43
8 44 7
396 34 8 199 91.78
293 48 57
397 24 2 59 545.22
1741 315 291
398 24 12 245 89.48
147 419 468
399 116 37 287 203.77
653 114 98
400 45 4 230 530.15
1688 337 271
401 62 27 273 70.71
112 117 720
402 29 185 288 32.12
58 56 273
403 167 22 261 265.32
852 128 146
404 28 155 280 55.21
93 95 518
405 51 76 288 137.52
209 1025 266
406 55 143 288 182.61
580 109 114
407 101 10 137 8.46
12 70 12
408 108 15 286 502.78
1231 1729 732
409 67 52 197 35.72
49 303 51
410 61 151 287 339.58
1064 262 225
411 2 165 287 26.42
85 13 13
412 1 137 244 12.63
17 90 46
413 70 12 288 521.12
1622 496 280
414 9 15 69 429.47
834 1742 1750
415 11 79 268 41.64
75 112 296
416 164 92 272 438.90
1398 272 231
417 68 73 184 181.01
583 87 88
418 30 231 288 64.90
116 95 587
419 19 151 287 24.78
40 51 232
420 9 85 288 373.09
572 2162 1615
421 46 199 287 78.37
132 197 642
422 81 23 132 17.11
53 15 13
423 105 10 234 87.34
278 49 55
424 19 129 283 655.27
1786 1677 547
425 27 166 288 6.90
22 4 4
426 57 18 260 152.19
206 1278 256
427 31 42 286 171.92
244 1433 226
428 46 131 287 167.64
290 352 1424
429 146 33 244 52.65
109 279 69
430 2 45 241 396.75
604 2202 1893
431 22 13 246 393.51
1151 654 309
432 80 10 181 10.67
17 21 103
433 30 20 283 148.17
475 79 76
434 26 73 122 225.13
391 761 1469
435 232 46 288 157.94
505 89 83
436 149 101 287 119.59
199 171 1191
437 22 92 194 113.21
359 64 80
438 38 5 142 93.06
149 457 482
439 3 49 178 488.30
1533 353 338
440 86 8 271 172.23
549 96 104
441 10 1 128 558.42
1789 320 261
442 15 30 195 611.42
1493 1898 1225
443 60 183 287 101.08
317 76 68
444 131 122 287 73.23
139 117 591
445 139 2 201 278.09
879 195 160
446 91 23 224 27.20
43 50 270
447 18 3 253 53.07
169 33 28
448 24 135 268 134.36
217 597 777
449 15 159 220 2.02
4 4 14
450 198 15 274 290.16
618 1502 313
451 44 9 91 577.24
1745 710 431
452 23 133 264 36.44
92 127 31
453 100 63 287 221.05
442 1269 253
454 13 60 237 24.23
40 41 234
455 121 61 288 191.05
615 100 83
456 41 82 278 370.23
1180 216 210
457 3 110 135 8.86
13 71 13
458 9 133 268 42.54
136 25 21
459 11 0 213 331.10
1064 167 166
460 13 108 288 410.27
1229 580 272
461 103 3 287 59.38
94 115 580
462 7 0 260 277.21
820 419 216
463 50 2 57 389.55
898 1604 561
464 8 23 216 39.13
124 25 24
465 24 6 266 418.37
747 1775 2046
466 51 92 287 368.00
1102 488 295
467 150 49 287 213.55
680 123 128
468 123 56 238 184.93
302 419 1650
469 76 14 123 319.88
1023 156 203
470 15 255 280 12.65
20 21 129
471 17 263 287 145.75
270 922 189
472 54 87 204 314.15
956 372 212
473 23 100 207 422.73
1335 304 240
474 106 4 245 113.23
357 77 75
475 37 128 288 340.74
538 1559 1989
476 15 0 141 54.27
101 90 447
477 2 13 131 845.71
2218 2022 1529
478 104 157 288 520.63
1553 755 363
479 191 57 281 58.79
91 453 80
480 31 24 264 45.66
146 25 25
481 4 45 278 455.53
1458 258 227
482 47 7 152 77.46
140 112 692
483 148 28 251 53.80
95 90 478
484 48 7 210 617.61
1679 1568 565
485 1 12 75 129.21
413 70 73
486 142 20 231 54.41
175 25 30
487 1 13 66 74.52
133 138 632
488 66 1 247 64.64
117 427 76
489 70 59 221 88.79
155 186 745
490 134 0 237 307.21
474 1740 1369
491 176 21 233 18.25
33 37 147
492 1 0 69 294.98
917 281 166
493 8 76 287 232.20
364 955 1535
494 15 234 285 870.30
2168 2088 2364
495 47 3 141 41.70
73 81 358
496 15 72 270 169.03
246 982 820
497 12 65 247 170.84
236 1386 327
498 75 186 287 103.02
166 154 1054
499 146 59 248 53.00
83 104 522
500 62 57 162 24.54
43 36 228
501 36 178 287 152.40
482 94 105
502 18 69 288 254.29
437 1608 569
503 22 8 127 8.36
13 13 88
504 30 67 271 534.63
1428 1526 414
505 78 8 274 111.29
355 63 64
506 169 43 282 34.71
111 19 19
507 3 84 255 286.58
443 1176 1942
508 106 7 152 541.43
1731 301 292
509 13 202 287 6.34
9 53 8
510 18 3 184 156.02
495 104 85
511 3 84 139 230.54
364 1222 1095
512 44 1 256 62.73
114 408 80
513 51 13 174 6.86
21 6 7
514 131 24 287 78.29
253 35 36
515 14 13 244 253.72
529 1365 276
516 10 0 236 324.57
512 1545 1808
517 186 1 275 185.68
596 101 87
518 96 108 279 99.08
150 299 855
519 88 47 247 134.93
226 236 1269
520 185 19 243 72.22
125 135 638
521 65 214 287 448.96
1414 320 286
522 1 14 89 39.13
124 23 27
523 86 10 268 4.10
7 7 38
524 86 132 287 0.40
1 1 1
525 35 21 262 118.89
378 68 76
526 1 24 288 71.82
104 576 114
527 52 142 288 42.54
77 75 359
528 113 28 284 206.82
658 135 104
529 18 0 31 219.20
365 513 1882
530 82 5 120 154.70
491 87 107
531 64 43 245 192.34
617 103 95
532 49 176 288 378.73
777 1688 1025
533 53 0 287 67.82
91 576 110
534 144 2 283 108.75
345 72 60
535 10 88 138 409.72
1124 988 382
536 176 6 282 88.71
139 144 918
537 73 149 287 37.24
63 55 361
538 212 4 233 21.34
32 38 226
539 8 21 284 322.38
493 1503 1952
540 65 3 284 1.05
2 2 8
541 49 118 288 109.63
195 194 948
542 60 145 288 38.12
60 283 61
543 39 1 157 55.76
94 103 512
544 88 130 250 221.57
706 136 117
545 17 166 278 128.49
226 238 1113
546 24 166 287 148.97
233 1121 226
547 30 191 288 394.52
1179 570 263
548 56 26 274 620.12
1715 1441 563
549 1 107 284 2.55
4 5 25
550 9 192 234 0.40
1 1 1
551 103 148 257 417.42
1248 628 237
552 8 88 288 251.36
794 159 174
553 78 53 276 18.00
25 149 29
554 4 129 287 176.57
280 908 872
555 10 193 231 161.83
513 112 85
556 4 45 270 65.63
131 380 72
557 140 4 184 10.29
19 17 86
558 63 57 194 79.42
139 131 717
559 25 41 255 119.73
200 652 466
560 24 100 256 227.49
720 141 152
561 17 9 287 6.65
12 12 56
562 102 7 258 2.80
5 5 24
563 69 15 275 387.22
1031 1073 371
564 46 145 288 382.31
1207 252 254
565 177 47 283 2.80
5 5 24
566 203 76 288 3.79
6 28 6
567 5 174 232 258.12
824 146 144
568 44 102 288 269.42
384 1835 959
569 28 1 143 85.67
142 150 816
570 4 121 254 153.03
257 512 1068
571 25 145 288 252.75
810 129 140
572 55 0 107 316.62
458 1489 2081
573 124 11 281 64.56
206 37 36
574 59 1 129 651.02
1548 1831 1881
575 18 142 227 299.90
955 175 176
576 112 21 273 276.79
632 1217 325
577 148 53 227 46.63
75 91 446
578 3 191 288 332.80
669 1750 597
579 79 75 281 178.27
292 369 1637
580 111 51 268 4.36
6 37 6
581 33 1 180 189.91
316 1184 523
582 2 78 252 314.26
1007 181 144
583 130 12 261 87.61
281 46 45
584 155 94 266 199.85
304 806 1410
585 7 24 288 67.61
214 40 48
586 8 113 287 179.16
508 371 143
587 99 49 243 312.07
948 403 172
588 4 78 208 424.94
1337 323 250
589 86 69 276 147.54
253 499 985
590 81 0 138 66.94
125 422 82
591 7 183 287 139.92
230 279 1295
592 15 12 217 333.03
1069 167 177
593 59 81 219 46.65
82 90 399
594 22 0 147 243.17
772 138 165
595 22 170 251 4.80
7 8 53
596 11 100 175 182.95
579 111 126
597 34 17 264 48.77
72 389 71
598 79 21 250 82.10
151 196 599
599 18 70 282 105.00
333 70 58
600 1 156 287 3.56
6 25 5
601 7 123 270 240.08
360 1687 652
602 67 85 281 85.17
143 224 686
603 20 22 288 3.45
5 28 5
604 39 39 287 90.09
146 168 866
605 63 167 288 12.00
17 100 16
606 50 13 140 148.64
223 545 1152
607 10 0 288 864.13
2199 1975 2170
608 63 4 288 654.15
1764 1738 583
609 7 6 250 773.57
1998 2217 1063
610 31 41 236 149.14
242 795 656
611 98 3 144 339.33
1036 376 244
612 16 53 260 128.30
163 1145 189
613 36 149 239 77.95
118 369 472
614 53 22 247 237.85
531 1089 299
615 47 26 277 5.01
7 42 7
616 1 110 288 49.30
86 76 455
617 15 95 287 510.04
1628 298 272
618 11 1 188 360.55
923 1216 279
619 43 203 283 6.13
8 55 7
620 32 138 272 36.88
49 324 47
621 203 26 275 377.83
1206 215 210
622 1 27 235 149.90
264 219 1384
623 79 30 277 71.57
228 44 38
624 9 155 288 543.83
1687 527 318
625 105 36 206 240.08
768 117 151
626 27 12 89 185.58
587 114 128
627 36 0 101 109.12
349 58 62
628 42 107 288 113.69
198 191 1028
629 55 80 269 27.13
46 55 240
630 19 6 277 84.58
150 152 731
631 66 96 287 84.14
118 467 472
632 60 8 266 26.82
52 40 213
633 31 2 126 416.48
1320 281 231
634 6 156 288 729.60
1798 1928 1852
635 143 10 288 453.42
1447 248 269
636 7 13 190 151.08
423 353 98
637 27 69 287 8.90
14 65 16
638 55 126 287 56.71
92 88 571
639 6 8 127 5.47
8 44 8
640 46 2 180 60.06
188 47 40
641 103 0 172 12.52
40 7 7
642 118 8 261 479.48
1539 256 232
643 23 130 275 75.55
133 131 667
644 65 12 201 27.45
48 48 244
645 104 12 282 356.78
1026 689 259
646 72 14 215 686.53
1850 1834 606
647 27 5 103 122.36
211 229 1086
648 22 241 287 32.48
55 55 304
649 26 6 194 512.23
1657 230 223
650 12 29 156 183.01
579 120 114
651 93 46 205 83.36
134 138 835
652 36 89 218 543.20
1749 267 259
653 43 103 276 21.39
35 36 209
654 82 9 138 144.82
460 84 94
655 54 26 246 13.41
43 7 7
656 90 84 216 1.39
3 6 3
657 67 17 250 4.44
7 7 46
658 102 46 215 67.55
119 109 608
659 76 23 223 106.96
189 209 904
660 7 0 193 176.34
560 111 102
661 42 62 145 38.52
60 298 48
662 95 0 271 39.64
55 327 66
663 37 228 288 558.10
1355 1939 863
664 34 1 279 652.39
1644 2022 955
665 153 54 271 45.78
76 81 434
666 18 134 267 72.73
233 39 38
667 10 152 287 295.14
516 1649 925
668 74 27 207 57.93
184 34 37
669 1 52 288 122.45
193 225 1220
670 6 194 258 118.68
199 334 925
671 46 6 234 485.96
1555 256 274
672 64 90 243 237.78
368 1598 675
673 71 58 267 12.80
19 100 21
674 21 162 288 586.96
1641 1334 454
675 59 205 288 4.59
7 8 48
676 47 93 270 8.69
13 67 15
677 29 187 288 82.10
127 152 833
678 17 1 50 498.85
1309 1500 436
679 14 20 171 45.49
146 25 21
680 17 65 288 509.98
1604 403 281
681 33 0 190 531.60
1612 666 344
682 58 62 284 26.84
47 39 250
683 148 7 233 243.23
427 845 1521
684 8 95 275 422.62
1333 285 280
685 51 18 281 24.08
41 44 219
686 3 58 287 456.81
1461 257 238
687 10 56 267 233.89
744 129 154
688 77 54 269 92.66
297 52 44
689 47 1 255 54.56
104 86 439
690 116 77 252 8.50
12 70 13
691 54 38 240 80.56
135 137 763
692 93 54 287 187.54
420 877 199
693 15 47 281 50.84
160 37 32
694 4 25 226 6.36
11 10 59
695 68 0 231 501.08
1538 556 302
696 12 107 199 508.07
1571 472 363
697 8 250 287 765.40
1745 2495 2223
698 94 0 168 23.53
74 16 17
699 70 146 285 175.33
559 91 115
700 33 171 237 11.41
21 20 94
701 168 7 217 507.67
1323 1539 489
702 72 0 221 17.16
25 137 27
703 81 5 116 126.13
177 1030 212
704 51 40 191 29.76
52 54 262
705 84 10 126 199.91
411 1101 220
706 66 168 288 97.50
310 58 59
707 62 83 214 227.62
337 1557 712
708 136 1 246 97.38
163 322 689
709 65 24 268 86.56
153 140 775
710 5 113 286 93.46
170 144 814
711 110 133 288 110.32
350 65 73
712 9 99 253 381.91
1231 183 180
713 84 109 287 426.79
1358 253 252
714 32 112 282 155.56
234 730 962
715 94 13 203 478.24
1429 687 326
716 55 14 94 1.54
3 3 11
717 2 40 179 140.05
239 491 917
718 203 34 266 33.81
65 52 270
719 129 46 284 182.38
262 1502 245
720 83 13 282 577.72
1640 1183 468
721 6 19 262 304.34
507 1334 1679
722 65 17 226 26.57
34 232 45
723 80 2 149 59.15
93 118 577
724 71 165 286 187.07
309 925 893
725 99 105 281 57.19
103 95 495
726 13 185 232 171.81
299 480 1268
727 44 0 283 5.94
8 42 22
728 6 99 185 1.09
2 2 9
729 32 0 201 121.59
206 186 1167
730 57 45 201 138.59
234 250 1279
731 170 11 285 6.59
12 11 56
732 58 28 287 57.55
181 42 37
733 50 12 204 182.53
328 267 1639
734 68 56 213 35.79
58 72 336
735 61 10 89 71.97
131 115 620
736 18 28 139 90.24
138 685 150
737 8 241 288 189.26
320 433 1606
738 70 51 227 104.81
186 189 904
739 86 11 283 139.60
189 1196 199
740 7 81 288 98.35
134 836 144
741 102 1 242 52.41
167 30 31
742 57 130 287 49.30
78 80 505
743 163 37 286 36.25
53 292 52
744 41 160 287 598.83
1607 1602 572
745 49 9 101 1.83
3 3 18
746 25 0 180 339.90
570 1547 1763
747 10 14 245 64.90
208 33 36
748 65 80 266 246.37
399 784 1883
749 115 33 225 259.95
686 765 225
750 56 27 260 84.52
127 151 892
751 40 178 285 166.61
254 973 720
752 36 9 194 23.81
33 197 39
753 64 59 272 194.21
251 1422 723
754 85 8 247 100.22
177 167 891
755 212 4 287 73.65
136 119 619
756 6 3 245 603.00
1425 2180 1078
757 29 85 287 257.25
416 1723 614
758 58 1 238 175.45
558 97 116
759 42 83 226 163.69
306 440 1086
760 4 82 224 83.19
151 146 700
761 34 14 174 16.78
31 31 135
762 65 134 288 374.42
600 1931 1797
763 101 142 271 416.75
1340 188 237
764 13 2 67 40.16
129 20 21
765 28 4 191 355.22
572 1737 1828
766 14 94 287 14.61
26 26 126
767 36 209 266 331.79
831 1200 264
768 90 44 231 41.32
71 105 327
769 75 5 180 134.85
236 500 801
770 40 161 288 280.45
413 1841 1009
771 48 10 219 267.95
433 1141 1622
772 2 5 175 37.95
67 73 323
773 85 71 286 254.41
381 1028 1834
774 55 0 169 94.22
170 144 832
775 92 17 277 1.58
3 9 3
776 237 29 287 35.87
114 22 21
777 8 2 184 1.09
2 2 9
778 27 4 122 141.50
206 1128 227
779 42 5 208 92.33
173 146 763
780 56 40 287 109.14
201 179 917
781 76 63 280 41.01
81 236 53
782 31 0 187 7.54
9 70 11
783 34 1 52 47.97
153 29 25
784 73 131 280 101.55
159 306 840
785 82 1 223 105.42
337 56 61
786 13 15 139 336.19
1072 191 195
787 7 249 287 258.47
441 799 1854
788 68 171 260 41.38
133 20 22
789 4 37 206 222.27
433 1353 219
790 74 87 269 43.70
139 24 29
791 31 64 250 186.55
298 386 1766
792 52 133 285 43.38
60 367 60
793 36 2 287 794.35
2106 1990 1141
794 59 7 260 276.05
481 1060 1600
795 138 12 233 709.31
1600 2398 2051
796 234 6 274 0.40
1 1 1
797 125 15 186 47.78
77 74 485
798 260 12 287 15.62
25 32 148
799 13 7 236 22.27
39 38 199
800 62 29 182 1.87
3 3 19
801 62 179 282 149.39
252 207 1474
802 64 101 288 205.18
312 595 1797
803 39 4 185 135.61
233 456 906
804 32 12 199 275.99
531 1529 545
805 20 211 246 2.86
9 2 2
806 15 1 144 762.02
1890 2072 1762
807 10 0 252 69.11
221 37 39
808 43 158 287 114.51
171 918 146
809 168 1 235 84.22
270 41 49
810 50 6 193 483.50
1528 331 292
811 119 22 287 91.74
169 138 789
812 60 10 190 99.67
167 161 957
813 72 11 269 1.39
3 6 3
814 71 87 288 12.99
19 105 18
815 3 0 196 570.04
1329 2034 1186
816 1 185 254 255.61
557 1239 314
817 9 200 287 683.06
1860 1783 530
818 8 198 287 7.89
25 5 5
819 115 9 287 20.99
34 35 208
820 63 6 141 26.44
49 40 225
821 44 0 172 498.83
1349 1345 388
822 4 113 209 178.48
249 1489 263
823 8 101 287 677.67
1858 1657 605
824 181 24 254 79.04
143 117 701
825 86 109 242 260.50
412 1107 1643
826 77 54 195 112.83
358 74 63
827 92 11 208 770.65
2051 2158 711
828 29 110 259 344.00
1092 196 233
829 9 2 240 293.97
451 1323 1841
830 32 1 288 140.83
447 90 81
831 15 99 222 128.57
220 220 1184
832 27 33 278 412.88
1298 314 250
833 20 19 139 22.36
35 36 232
834 71 139 272 107.57
190 716 151
835 53 23 284 138.24
259 229 1127
836 120 81 235 145.65
308 751 177
837 21 168 278 67.44
116 106 631
838 32 4 162 13.01
23 20 118
839 73 31 279 123.54
210 857 179
840 61 6 95 9.85
18 16 84
841 13 127 255 299.16
481 1964 793
842 4 33 273 53.32
89 87 513
843 60 84 287 399.09
686 1973 1718
844 8 92 156 833.44
2200 2083 1272
845 216 13 281 615.63
1810 1038 396
846 11 7 75 14.10
23 74 63
847 22 100 265 132.19
422 74 75
848 62 3 224 102.51
325 62 67
849 1 103 280 224.73
717 126 130
850 157 7 284 195.05
415 1010 213
851 7 101 287 371.75
1188 204 208
852 227 37 288 240.50
429 717 1634
853 13 8 139 394.44
1248 256 249
854 121 0 178 21.74
38 31 204
855 54 0 259 69.91
118 177 569
856 34 5 270 13.45
42 11 9
857 10 34 287 45.74
148 19 22
858 72 79 256 96.64
308 55 57
859 9 37 221 64.88
112 110 592
860 89 107 259 20.69
33 33 211
861 104 14 244 190.27
311 481 1621
862 96 42 219 201.05
323 1431 368
863 55 146 257 137.52
437 83 83
864 27 145 286 93.02
294 57 66
865 229 43 281 329.88
1064 153 158
866 14 85 248 100.81
319 67 61
867 163 13 211 333.67
1067 189 173
868 11 59 161 549.54
1770 254 282
869 44 46 219 11.70
21 20 101
870 215 46 288 50.54
161 31 27
871 86 153 287 117.59
376 66 62
872 7 47 233 35.39
60 59 332
873 83 17 238 469.86
1318 1075 322
874 55 50 273 330.66
1050 192 216
875 140 5 280 33.03
54 239 48
876 13 3 185 583.03
1536 1707 536
877 22 61 281 62.60
110 106 558
878 37 85 287 398.79
1280 217 187
879 20 263 288 852.91
2214 1802 2058
880 169 93 272 346.55
1110 171 205
881 21 25 267 304.74
970 179 180
882 77 125 287 90.16
287 55 50
883 57 140 287 67.70
113 106 658
884 79 1 130 211.64
682 96 109
885 134 73 221 36.59
60 72 341
886 52 190 288 253.04
383 1095 1687
887 59 24 97 291.38
931 164 158
888 196 26 288 7.66
12 12 80
889 8 2 202 92.73
151 197 850
890 65 45 278 419.30
1165 959 366
891 4 134 287 49.43
82 98 453
892 27 92 266 487.58
1533 373 291
893 14 87 278 83.99
264 58 60
894 8 2 267 79.46
254 45 42
895 5 8 241 906.82
2252 2505 2018
896 71 37 288 158.61
500 111 101
897 54 152 266 216.73
358 1046 1073
898 54 2 254 166.63
267 466 1390
899 127 14 226 6.71
12 11 59
900 25 57 222 128.26
237 205 1080
901 8 178 288 3.33
5 26 5
902 102 10 260 34.61
53 68 349
903 36 188 281 19.68
35 41 161
904 13 0 240 25.41
40 193 34
905 9 0 58 625.65
1569 1976 914
906 16 198 288 150.87
477 101 93
907 26 2 107 36.25
52 264 101
908 17 72 207 133.27
223 949 181
909 85 134 284 116.22
210 199 992
910 9 94 273 112.72
362 59 55
911 24 60 273 444.77
1397 311 319
912 46 34 228 130.93
235 856 181
913 62 64 287 441.82
1096 1499 574
914 121 113 279 314.78
475 1888 1320
915 44 43 265 19.22
32 31 186
916 56 10 175 885.75
2212 2228 2213
917 45 38 267 354.99
826 1534 349
918 103 165 287 80.26
255 45 54
919 93 81 278 496.64
1582 315 250
920 107 135 277 250.56
338 1671 1079
921 11 0 63 354.27
1018 698 242
922 121 48 288 149.16
257 242 1381
923 32 10 206 7.83
13 12 77
924 7 14 271 11.64
37 7 7
925 33 53 243 91.40
154 150 868
926 96 19 274 141.58
253 244 1226
927 87 12 287 113.59
193 222 1014
928 73 69 215 287.59
471 1000 2034
929 34 23 160 199.28
340 351 1827
930 37 17 269 123.73
156 1102 194
931 29 13 236 67.34
115 109 631
932 145 60 288 5.18
9 10 45
933 106 7 285 47.74
151 34 26
934 6 194 285 63.42
89 529 90
935 13 103 170 148.85
234 683 873
936 26 16 262 214.37
352 728 1536
937 5 2 280 68.16
110 124 663
938 91 2 280 33.20
52 247 54
939 132 2 252 102.01
325 56 64
940 233 40 277 38.88
125 19 20
941 80 3 239 207.74
319 1451 525
942 33 163 259 2.32
4 4 21
943 1 22 165 42.98
76 64 393
944 212 2 279 164.30
526 87 90
945 39 21 276 289.21
451 1447 1542
946 39 37 281 218.52
514 921 211
947 43 74 173 276.68
592 1448 256
948 190 12 276 64.08
118 96 552
949 31 49 140 1.49
3 3 10
950 17 141 272 29.39
95 14 12
951 51 187 287 528.25
1296 1841 714
952 9 50 136 12.52
21 25 113
953 64 58 286 33.34
53 58 334
954 36 57 140 1.71
3 3 15
955 60 112 288 11.14
19 21 100
956 84 9 247 15.51
26 33 137
957 47 0 149 33.30
61 58 277
958 1 0 193 248.69
790 148 155
959 59 29 284 551.28
1722 451 364
960 198 14 285 7.30
23 5 5
961 66 9 278 16.10
50 13 13
962 123 18 286 93.93
171 164 788
963 17 159 273 439.74
1067 1516 702
964 4 98 222 356.65
743 1785 593
965 3 0 242 228.50
737 111 102
966 75 7 287 42.29
79 73 342
967 68 33 196 41.62
67 81 398
968 4 36 219 387.68
633 1943 1863
969 25 102 284 269.13
414 1257 1609
970 32 12 287 288.16
468 1559 1230
971 51 1 89 24.78
39 189 32
972 14 66 274 561.93
1751 501 339
973 82 129 229 773.87
2062 2137 742
974 131 91 274 10.71
20 17 89
975 71 119 264 140.09
209 1095 222
976 163 46 288 45.89
84 80 382
977 109 8 210 4.69
7 37 7
978 102 81 223 26.42
35 231 36
979 113 94 287 593.95
1870 484 292
980 132 57 262 45.78
74 211 253
981 40 97 250 40.84
62 320 56
982 12 54 288 120.98
216 213 1042
983 39 52 218 169.22
282 1201 244
984 78 19 271 36.90
55 293 52
985 11 0 271 87.53
148 148 821
986 44 69 287 829.59
2208 2138 1042
987 24 162 258 200.99
432 1038 193
988 21 156 278 74.24
132 115 667
989 49 149 286 45.72
78 72 432
990 69 11 238 89.63
140 144 933
991 24 32 286 23.20
74 14 12
992 1 0 58 69.55
121 142 592
993 18 98 261 238.43
419 1059 1142
994 56 40 259 11.77
16 101 16
995 3 85 288 344.30
674 1648 988
996 79 23 172 91.38
160 129 857
997 25 113 250 166.44
248 761 1076
998 86 21 152 92.89
158 151 874
999 17 35 94 489.58
1331 1312 344
