288
0 0.05081
1 0.05081
2 0.05081
3 0.05081
4 0.05081
5 0.05081
6 0.05081
7 0.05081
8 0.05081
9 0.05081
10 0.05081
11 0.05081
12 0.04972
13 0.04972
14 0.04972
15 0.04972
16 0.04972
17 0.04972
18 0.04972
19 0.04972
20 0.04972
21 0.04972
22 0.04972
23 0.04972
24 0.04972
25 0.04972
26 0.04972
27 0.04972
28 0.04972
29 0.04972
30 0.04972
31 0.04972
32 0.04972
33 0.04972
34 0.04972
35 0.04972
36 0.04797
37 0.04797
38 0.04797
39 0.04797
40 0.04797
41 0.04797
42 0.04797
43 0.04797
44 0.04797
45 0.04797
46 0.04797
47 0.04797
48 0.04797
49 0.04797
50 0.04797
51 0.04797
52 0.04797
53 0.04797
54 0.04797
55 0.04797
56 0.04797
57 0.04797
58 0.04797
59 0.04797
60 0.04972
61 0.04972
62 0.04972
63 0.04972
64 0.04972
65 0.04972
66 0.04972
67 0.04972
68 0.04972
69 0.04972
70 0.04972
71 0.04972
72 0.04680
73 0.04680
74 0.04680
75 0.04680
76 0.04680
77 0.04680
78 0.04680
79 0.04680
80 0.04680
81 0.04680
82 0.04680
83 0.04680
84 0.07279
85 0.07279
86 0.07279
87 0.07279
88 0.07279
89 0.07279
90 0.07070
91 0.07070
92 0.07070
93 0.07070
94 0.07070
95 0.07070
96 0.06975
97 0.06975
98 0.06975
99 0.06975
100 0.06975
101 0.06975
102 0.06854
103 0.06854
104 0.06854
105 0.06854
106 0.06854
107 0.06854
108 0.07068
109 0.07068
110 0.07068
111 0.07068
112 0.07068
113 0.07068
114 0.06627
115 0.06627
116 0.06627
117 0.06627
118 0.06627
119 0.06627
120 0.06453
121 0.06453
122 0.06453
123 0.06453
124 0.06453
125 0.06453
126 0.06568
127 0.06568
128 0.06568
129 0.06568
130 0.06568
131 0.06568
132 0.06617
133 0.06617
134 0.06617
135 0.06617
136 0.06617
137 0.06617
138 0.06633
139 0.06633
140 0.06633
141 0.06633
142 0.06633
143 0.06633
144 0.07067
145 0.07067
146 0.07067
147 0.07067
148 0.07067
149 0.07067
150 0.06643
151 0.06643
152 0.06643
153 0.06643
154 0.06643
155 0.06643
156 0.06643
157 0.06643
158 0.06643
159 0.06643
160 0.06643
161 0.06643
162 0.06632
163 0.06632
164 0.06632
165 0.06632
166 0.06632
167 0.06632
168 0.06643
169 0.06643
170 0.06643
171 0.06643
172 0.06643
173 0.06643
174 0.07206
175 0.07206
176 0.07206
177 0.07206
178 0.07206
179 0.07206
180 0.06813
181 0.06813
182 0.06813
183 0.06813
184 0.06813
185 0.06813
186 0.07448
187 0.07448
188 0.07448
189 0.07448
190 0.07448
191 0.07448
192 0.07449
193 0.07449
194 0.07449
195 0.07449
196 0.07449
197 0.07449
198 0.07449
199 0.07449
200 0.07449
201 0.07449
202 0.07449
203 0.07449
204 0.09415
205 0.09415
206 0.09415
207 0.09415
208 0.09415
209 0.09415
210 0.17947
211 0.17947
212 0.17947
213 0.17947
214 0.17947
215 0.17947
216 0.11191
217 0.11191
218 0.11191
219 0.11191
220 0.11191
221 0.11191
222 0.16322
223 0.16322
224 0.16322
225 0.16322
226 0.16322
227 0.16322
228 0.07442
229 0.07442
230 0.07442
231 0.07442
232 0.07442
233 0.07442
234 0.07370
235 0.07370
236 0.07370
237 0.07370
238 0.07370
239 0.07370
240 0.06387
241 0.06387
242 0.06387
243 0.06387
244 0.06387
245 0.06387
246 0.06442
247 0.06442
248 0.06442
249 0.06442
250 0.06442
251 0.06442
252 0.06115
253 0.06115
254 0.06115
255 0.06115
256 0.06115
257 0.06115
258 0.06105
259 0.06105
260 0.06105
261 0.06105
262 0.06105
263 0.06105
264 0.04536
265 0.04536
266 0.04536
267 0.04536
268 0.04536
269 0.04536
270 0.04492
271 0.04492
272 0.04492
273 0.04492
274 0.04492
275 0.04492
276 0.04531
277 0.04531
278 0.04531
279 0.04531
280 0.04531
281 0.04531
282 0.04499
283 0.04499
284 0.04499
285 0.04499
286 0.04499
287 0.04499
