5
2
20
0 190 0.1 0.0
3222 3260
1 170 0.1 0.1
3348 3232
2 150 0.1 0.1
3214 3183
3 190 0.1 0.0
3265 3331
4 190 0.1 0.0
3260 3197
5 130 0.0 0.1
3212 3271
6 170 0.1 0.1
3360 3156
7 190 0.1 0.0
3301 3230
8 190 0.1 0.0
3199 3301
9 120 0.1 0.1
3233 3363
10 150 0.1 0.1
3124 3251
11 190 0.1 0.0
3218 3194
12 150 0.1 0.1
3290 3268
13 170 0.1 0.1
3168 3329
14 150 0.1 0.1
3214 3200
15 170 0.1 0.1
3331 3312
16 190 0.1 0.0
3407 3207
17 130 0.0 0.1
3357 3157
18 120 0.1 0.1
3304 3272
19 130 0.0 0.1
3150 3308
500
0 26 135 287 235.98
463 2194
1 33 74 288 163.53
301 1613
2 29 116 288 213.68
546 1395
3 10 262 288 68.01
255 65
4 30 1 86 34.30
132 17
5 42 28 168 80.44
149 789
6 29 61 269 84.36
118 1006
7 116 58 273 67.79
126 663
8 20 41 277 133.74
285 1138
9 36 30 107 99.22
375 81
10 20 125 276 108.02
167 1214
11 20 56 149 48.52
92 466
12 58 98 227 357.12
1371 192
13 154 13 240 10.48
23 86
14 13 14 76 401.43
1030 2601
15 31 1 285 439.06
1641 444
16 114 41 276 362.81
1389 213
17 8 182 282 24.77
39 275
18 18 17 166 40.35
73 404
19 19 52 274 106.40
188 1086
20 41 138 287 36.33
59 395
21 77 154 263 365.92
908 2515
22 120 53 206 30.42
116 20
23 31 98 149 349.19
1303 363
24 20 27 287 200.87
760 160
25 19 5 124 51.37
195 38
26 77 22 262 42.90
163 31
27 192 88 287 10.06
19 97
28 19 228 281 162.56
610 153
29 11 7 140 42.09
70 450
30 57 6 256 1.93
4 17
31 211 26 288 101.84
386 78
32 120 46 184 156.97
598 106
33 74 20 287 156.09
599 85
34 87 195 287 259.81
986 193
35 92 22 277 41.89
78 409
36 14 205 278 134.27
505 121
37 109 16 232 50.38
193 29
38 163 25 230 125.29
477 86
39 23 238 287 397.73
1379 904
40 54 139 287 130.19
281 1091
41 102 150 287 6.77
15 55
42 46 38 277 37.79
83 310
43 55 41 152 6.23
12 59
44 60 176 288 33.69
124 43
45 53 45 287 133.65
503 119
46 24 221 273 214.54
816 151
47 2 80 211 4.62
8 48
48 81 0 148 48.36
83 505
49 169 65 288 36.60
62 386
50 21 11 166 140.30
534 97
51 10 152 288 126.79
373 599
52 12 0 261 244.87
541 1994
53 191 13 249 86.51
152 887
54 94 52 231 3.31
12 5
55 49 10 118 300.44
720 2184
56 22 88 180 37.16
142 23
57 10 225 267 206.60
719 457
58 81 30 159 61.69
236 37
59 3 151 237 29.19
58 268
60 19 228 281 419.17
1599 273
61 27 14 287 490.59
1857 387
62 26 114 288 600.96
1924 2111
63 20 41 198 193.34
745 91
64 27 6 282 17.50
66 15
65 71 28 248 338.98
1283 268
66 151 60 285 70.83
243 173
67 2 149 251 91.51
352 46
68 87 28 239 5.13
10 48
69 57 6 275 174.33
285 1887
70 41 44 287 771.41
2577 2209
71 30 1 63 2.24
5 18
72 53 178 281 315.54
1198 232
73 34 65 278 2.33
9 1
74 61 41 245 61.29
234 39
75 58 66 252 121.59
202 1301
76 172 19 271 88.11
336 58
77 30 141 271 448.88
1712 294
78 9 50 268 50.87
196 24
79 195 4 263 51.64
111 435
80 25 233 288 551.47
2048 619
81 6 133 261 187.61
702 186
82 36 42 181 154.54
589 103
83 34 69 284 189.06
673 348
84 8 211 287 118.21
236 1080
85 141 2 288 16.09
30 157
86 21 138 287 270.11
878 887
87 69 8 270 310.32
1100 593
88 46 81 285 48.59
115 360
89 76 56 276 479.77
1685 990
90 37 240 288 90.57
278 374
91 6 134 288 201.27
759 172
92 43 102 260 102.85
387 92
93 27 107 165 7.26
15 64
94 36 190 250 13.08
23 134
95 150 8 287 248.99
949 166
96 40 16 269 525.98
1881 928
97 45 3 258 94.92
166 977
98 25 11 85 406.80
1480 600
99 13 71 261 22.74
43 219
100 26 85 288 144.96
228 1611
101 34 24 288 145.61
417 741
102 51 65 262 114.67
267 870
103 80 35 188 354.27
1124 1292
104 76 62 200 281.97
1019 448
105 9 8 250 26.95
56 236
106 4 0 244 24.48
49 223
107 110 19 188 409.54
1190 2004
108 8 116 267 16.96
27 187
109 11 5 166 847.68
2894 2137
110 60 30 195 84.77
119 1009
111 49 8 108 59.48
85 701
112 20 76 288 206.90
789 136
113 19 29 254 324.71
792 2296
114 23 74 206 5.53
12 46
115 106 127 288 44.98
87 424
116 33 40 287 123.48
193 1378
117 15 0 96 31.43
120 20
118 21 24 250 50.16
193 25
119 77 28 180 16.69
33 154
120 73 24 165 262.36
1007 142
121 6 142 263 344.62
1319 204
122 31 82 288 551.25
1976 951
123 23 7 287 94.94
201 814
124 2 32 288 360.28
1217 969
125 76 19 212 21.35
30 254
126 68 7 267 101.61
237 769
127 36 82 243 162.97
269 1752
128 46 104 285 179.28
665 205
129 69 18 119 71.26
273 41
130 76 120 254 41.47
158 28
131 24 101 213 81.23
156 771
132 185 31 251 74.77
286 45
133 18 24 248 396.16
1496 329
134 18 58 270 371.97
1428 200
135 3 38 168 341.30
1296 250
136 121 29 282 364.44
1182 1209
137 41 78 269 74.42
284 48
138 21 212 286 455.96
1590 994
139 13 175 283 308.46
1173 218
140 5 0 175 59.43
226 42
141 9 180 247 83.85
131 936
142 63 50 287 376.32
899 2749
143 45 0 139 327.26
963 1545
144 11 212 272 42.54
84 393
145 26 12 137 71.44
131 707
146 33 52 271 236.20
901 154
147 26 36 112 56.00
212 44
148 6 1 176 198.70
757 134
149 8 0 101 15.05
25 161
150 32 15 257 130.04
502 57
151 22 103 228 85.39
166 801
152 8 30 288 854.92
2856 2448
153 42 11 187 485.55
1779 658
154 42 128 254 84.79
325 48
155 40 61 253 430.40
1640 289
156 144 71 230 27.28
104 18
157 63 7 287 33.83
128 27
158 29 72 288 53.47
88 576
159 12 20 150 44.35
170 25
160 64 75 191 263.37
1002 184
161 24 18 151 112.65
424 100
162 10 14 61 370.92
1384 386
163 44 109 192 5.08
19 5
164 26 100 279 79.61
117 923
165 151 61 288 207.50
720 469
166 50 132 222 59.32
103 614
167 11 97 255 5.08
19 5
168 4 45 185 39.36
89 311
169 56 15 288 287.39
1049 408
170 97 49 246 22.40
35 250
171 31 165 288 433.26
1635 365
172 14 1 219 19.53
32 211
173 47 207 287 51.17
104 459
174 65 32 233 98.07
172 1007
175 53 6 235 134.52
515 79
176 22 92 228 37.23
57 421
177 41 114 218 46.13
176 30
178 28 95 172 32.03
123 17
179 204 52 287 33.13
59 336
180 3 54 209 120.02
190 1328
181 57 110 287 12.84
18 153
182 2 103 190 81.47
113 976
183 39 98 283 190.12
707 209
184 46 136 288 478.98
1843 238
185 44 94 270 151.48
281 1484
186 57 24 252 50.24
72 591
187 14 74 265 23.28
31 285
188 16 1 287 286.17
970 754
189 36 92 287 6.02
12 55
190 1 4 204 27.44
44 301
191 164 4 269 19.31
29 221
192 130 51 203 16.87
38 134
193 19 25 64 574.30
2200 331
194 22 1 277 99.71
381 62
195 18 6 284 152.55
258 1611
196 11 20 261 292.24
1114 194
197 95 5 288 129.81
197 1476
198 40 27 277 203.11
759 206
199 111 17 188 13.17
27 117
200 58 146 219 12.77
49 7
201 7 0 164 74.57
150 676
202 59 10 269 34.74
132 25
203 63 49 243 141.38
477 383
204 51 41 287 104.01
398 62
205 90 3 143 85.35
117 1029
206 25 83 261 433.60
1571 670
207 28 19 242 404.21
1143 2125
208 37 120 281 10.78
18 115
209 51 35 254 24.49
93 18
210 34 3 222 22.49
45 205
211 63 48 228 99.80
298 451
212 17 5 232 234.34
893 157
213 44 237 288 12.07
46 8
214 89 8 269 150.45
560 163
215 98 9 228 123.18
207 1307
216 7 0 155 77.44
171 631
217 57 39 149 18.28
38 160
218 44 4 140 137.10
192 1634
219 29 5 267 80.60
137 848
220 32 16 54 77.46
131 818
221 21 4 278 247.42
937 193
222 127 66 274 87.99
334 65
223 26 6 261 231.90
884 154
224 40 42 259 57.91
217 56
225 35 1 64 767.98
2398 2981
226 98 13 288 44.71
90 405
227 171 8 287 113.58
228 1032
228 31 62 159 288.13
747 1831
229 106 37 181 257.84
576 2070
230 86 2 266 306.63
1172 189
231 14 6 226 166.66
557 476
232 50 0 192 76.95
147 734
233 34 142 283 253.74
578 1985
234 27 4 112 38.95
76 364
235 82 27 215 94.89
360 71
236 99 90 227 230.80
879 157
237 32 0 64 392.13
1071 2238
238 89 32 287 9.09
13 107
239 35 59 243 76.66
160 668
240 151 24 231 67.67
253 68
241 30 109 235 120.85
465 60
242 6 141 231 276.38
1062 144
243 15 78 257 123.41
260 1064
244 4 29 245 213.10
722 563
245 7 142 232 312.29
1207 130
246 17 9 147 287.56
782 1657
247 37 4 193 125.63
479 83
248 3 113 237 45.47
90 419
249 20 20 287 170.77
365 1448
250 4 26 50 498.07
1875 441
251 44 0 158 92.22
175 885
252 6 0 245 8.58
14 93
253 42 166 288 31.47
58 310
254 11 131 280 171.73
393 1335
255 74 6 120 109.07
418 62
256 148 47 262 65.03
108 696
257 18 200 286 434.51
1092 2922
258 51 38 287 30.17
115 20
259 82 4 213 161.07
614 107
260 45 8 167 507.50
1890 545
261 34 76 228 125.00
268 1056
262 22 12 222 91.10
174 869
263 40 227 287 57.91
79 700
264 117 71 281 171.05
584 431
265 21 8 162 45.68
90 423
266 199 43 287 134.45
516 73
267 28 4 254 65.35
102 730
268 169 43 284 84.56
164 795
269 31 151 204 350.04
1337 220
270 26 143 260 186.63
711 126
271 56 41 238 139.34
527 112
272 114 65 244 17.54
67 11
273 92 68 271 51.17
191 53
274 55 31 287 69.36
264 48
275 18 0 231 413.53
1578 267
276 45 18 288 392.71
1426 592
277 4 19 259 25.14
96 16
278 1 220 239 407.45
1135 2222
279 67 76 233 146.26
558 95
280 84 94 287 6.94
15 58
281 69 44 240 407.66
1507 490
282 131 50 287 20.27
36 206
283 20 0 156 341.57
1314 171
284 28 0 249 564.42
2141 424
285 30 8 284 20.97
81 9
286 64 0 214 11.06
24 92
287 59 10 124 135.50
251 1329
288 28 52 288 68.61
264 34
289 7 142 250 47.94
184 26
290 7 228 244 297.38
829 1619
291 14 227 283 321.25
1113 734
292 41 9 88 19.64
74 17
293 213 53 287 11.98
45 11
294 100 4 266 221.08
832 197
295 79 7 166 147.60
562 101
296 12 5 179 77.66
147 747
297 33 3 64 25.11
59 188
298 103 7 269 292.70
734 1976
299 65 51 282 158.00
256 1721
300 44 131 281 311.60
1179 248
301 9 24 269 107.66
409 78
302 132 84 288 20.65
30 241
303 49 203 262 74.10
284 42
304 7 43 164 25.42
54 217
305 38 106 275 17.29
66 11
306 41 41 288 43.08
102 319
307 133 77 257 22.25
34 252
308 43 117 285 79.17
156 733
309 155 39 282 242.27
922 168
310 37 46 288 380.26
1443 283
311 60 74 287 28.00
61 232
312 13 204 256 614.19
2233 913
313 17 122 288 166.49
266 1831
314 8 7 105 192.47
733 131
315 12 178 275 84.63
157 829
316 71 104 284 51.72
98 497
317 146 14 272 51.54
90 531
318 113 1 187 9.74
37 7
319 54 1 89 57.57
221 31
320 17 1 197 235.61
898 157
321 97 7 280 37.90
146 18
322 4 1 100 274.79
655 2014
323 6 1 44 422.55
1463 970
324 40 24 198 424.01
1238 2047
325 10 108 228 2.85
7 20
326 9 5 160 99.30
170 1039
327 56 4 90 90.97
346 64
328 84 51 221 129.68
207 1427
329 47 2 281 276.48
1038 258
330 78 58 263 136.65
226 1467
331 48 86 220 313.60
1188 243
332 63 10 118 512.38
1920 495
333 46 62 268 194.87
747 110
334 53 85 283 138.04
254 1362
335 67 153 288 150.67
569 125
336 29 19 184 561.76
2159 291
337 146 117 288 90.12
144 991
338 31 44 165 212.70
810 145
339 51 16 180 445.04
1688 335
340 45 2 127 138.31
248 1395
341 63 116 271 4.99
9 50
342 21 80 287 147.11
283 1394
343 55 16 216 33.54
57 353
344 40 124 245 146.59
231 1627
345 24 10 193 169.60
304 1711
346 138 56 257 22.96
43 223
347 2 81 155 34.99
133 25
348 17 0 250 739.35
2747 824
349 6 2 200 827.92
2938 1567
350 83 23 269 266.48
1022 148
351 13 0 90 161.20
622 72
352 76 116 242 643.50
2362 852
353 20 201 259 231.52
890 119
354 190 28 240 17.90
68 13
355 9 28 255 254.05
963 194
356 3 0 199 30.27
58 288
357 58 46 288 552.70
2124 287
358 1 147 246 30.47
56 301
359 81 94 272 55.49
210 44
360 14 2 58 465.67
1761 375
361 22 12 76 5.27
20 4
362 147 39 207 113.49
200 1161
363 45 13 213 73.43
129 753
364 93 114 270 96.80
191 895
365 111 69 254 111.27
209 1078
366 23 185 288 444.64
1698 281
367 31 97 264 295.49
562 2830
368 37 4 86 27.42
45 296
369 88 2 226 95.61
152 1055
370 25 148 277 111.25
369 331
371 87 129 281 43.77
112 285
372 57 52 243 21.12
40 203
373 33 10 161 151.45
286 1460
374 26 36 225 362.39
1388 210
375 88 71 229 281.09
957 721
376 11 2 240 164.56
364 1338
377 6 20 273 23.88
40 254
378 19 56 283 111.27
419 98
379 19 6 145 228.36
486 1946
380 13 29 288 252.91
963 173
381 43 66 237 108.02
407 94
382 143 21 285 61.76
136 505
383 34 3 262 24.49
93 18
384 48 38 144 350.00
1330 252
385 35 124 195 25.87
47 258
386 21 62 242 330.04
1052 1181
387 84 49 172 40.12
152 31
388 34 20 268 386.02
1469 268
389 10 156 267 119.69
175 1392
390 14 125 209 84.94
323 60
391 116 4 275 43.44
163 41
392 79 75 272 50.42
98 473
393 8 1 160 317.72
1131 585
394 43 3 91 64.32
129 585
395 84 55 189 88.55
333 80
396 26 0 149 15.82
27 166
397 36 195 287 301.66
1153 186
398 22 194 227 45.61
172 39
399 28 17 283 313.17
666 2671
400 46 14 87 0.81
3 1
401 16 67 276 17.43
37 149
402 74 2 207 30.89
117 24
403 53 66 238 131.61
496 114
404 64 3 113 97.09
370 65
405 45 91 288 317.72
966 1355
406 69 49 227 88.55
333 80
407 2 118 288 170.50
632 197
408 2 0 148 53.13
98 523
409 8 7 217 410.73
1259 1704
410 4 2 135 51.81
87 550
411 35 151 287 238.95
908 172
412 9 82 231 502.52
1602 1797
413 38 127 224 298.14
1135 205
414 82 30 286 86.71
330 60
415 19 11 188 154.30
329 1312
416 114 24 256 81.47
146 822
417 175 57 265 47.09
84 477
418 77 5 126 18.21
69 14
419 62 38 248 413.24
1198 2035
420 1 5 63 721.45
2583 1259
421 90 7 243 129.05
266 1140
422 29 1 96 241.49
836 555
423 81 159 287 196.91
733 213
424 12 1 78 88.78
152 929
425 48 32 245 46.77
177 37
426 77 119 250 290.81
1121 135
427 15 150 268 395.51
1502 289
428 49 151 287 403.06
1189 1889
429 6 62 287 2.33
9 1
430 43 0 287 101.16
373 126
431 15 1 239 229.73
875 156
432 148 89 281 24.98
96 13
433 71 14 183 118.10
443 112
434 84 76 192 408.02
1550 296
435 3 203 280 420.69
1410 1183
436 23 1 222 560.73
1805 1924
437 20 80 162 43.03
162 38
438 14 150 265 57.24
218 39
439 22 14 161 23.32
38 253
440 33 20 216 599.26
2294 353
441 12 126 246 231.92
874 201
442 31 155 221 344.69
1198 770
443 72 203 288 276.28
1052 189
444 50 27 279 212.38
804 167
445 26 104 155 8.80
17 83
446 64 34 288 398.27
1268 1432
447 24 19 97 161.09
520 546
448 30 19 145 186.36
714 107
449 244 29 288 16.08
34 138
450 37 186 285 21.84
81 25
451 36 135 201 112.37
430 67
452 3 0 184 7.30
13 74
453 12 0 58 47.06
176 47
454 21 14 242 1.07
4 1
455 93 84 240 565.32
2100 632
456 30 28 284 242.52
803 728
457 117 45 246 2.60
6 20
458 106 38 264 30.85
62 280
459 57 19 176 99.91
196 929
460 52 7 278 434.02
1569 687
461 31 205 252 77.01
291 63
462 107 2 226 91.98
347 78
463 25 26 159 396.54
1499 322
464 134 99 264 317.63
1214 196
465 63 77 271 13.87
27 130
466 70 133 253 16.47
63 10
467 64 164 253 110.82
177 1219
468 36 22 164 57.80
223 26
469 67 30 234 32.05
68 274
470 66 0 193 61.40
231 55
471 63 8 230 8.33
13 93
472 19 34 280 105.04
398 81
473 17 4 128 282.23
993 574
474 11 214 276 36.67
55 420
475 8 198 278 59.54
121 534
476 19 1 178 11.94
23 113
477 156 46 283 48.57
185 33
478 2 0 104 590.79
1833 2348
479 25 116 258 72.31
158 597
480 61 49 232 169.09
644 115
481 2 7 164 281.43
1004 508
482 19 96 283 34.43
131 24
483 28 8 202 248.86
926 271
484 52 128 277 50.00
94 484
485 87 149 288 117.34
200 1232
486 34 28 160 72.94
138 702
487 17 72 229 62.10
237 40
488 55 24 232 82.05
126 926
489 50 196 287 219.08
841 118
490 50 32 217 107.66
409 78
491 132 5 278 22.87
87 16
492 7 51 258 577.17
1819 2162
493 73 43 196 22.90
85 26
494 52 148 230 443.25
1685 316
495 9 1 45 61.62
135 507
496 21 39 288 486.08
1591 1545
497 48 42 263 104.08
397 68
498 36 3 255 66.28
249 61
499 11 1 206 47.74
66 573
