5
1
10
0 190 0.1 0.0
5530
1 130 0.0 0.1
5534
2 130 0.0 0.1
5581
3 150 0.1 0.1
5628
4 170 0.1 0.1
5531
5 150 0.1 0.1
5424
6 170 0.1 0.1
5629
7 120 0.1 0.1
5464
8 190 0.1 0.0
5553
9 170 0.1 0.1
5595
200
0 20 238 287 51.39
285
1 18 156 287 388.92
2157
2 14 101 151 59.86
332
3 93 56 270 41.83
232
4 31 62 281 167.32
928
5 122 35 285 38.59
214
6 68 11 274 48.32
268
7 23 21 215 172.73
958
8 176 31 251 219.61
1218
9 13 261 287 80.42
446
10 76 41 262 131.08
727
11 41 178 245 274.96
1525
12 86 14 155 144.06
799
13 11 50 231 9.56
53
14 46 210 278 529.01
2934
15 31 11 266 165.52
918
16 67 81 251 267.39
1483
17 81 101 288 30.47
169
18 8 44 198 520.18
2885
19 41 6 245 175.80
975
20 122 19 258 368.36
2043
21 2 0 101 40.57
225
22 56 29 287 136.49
757
23 105 157 288 39.67
220
24 9 1 57 391.98
2174
25 26 139 287 3.07
17
26 62 43 284 324.37
1799
27 21 26 268 739.61
4102
28 107 0 141 606.54
3364
29 112 109 267 186.07
1032
30 67 53 284 67.61
375
31 84 20 260 74.47
413
32 65 0 146 464.64
2577
33 27 8 232 186.07
1032
34 130 0 267 128.74
714
35 17 13 270 95.74
531
36 108 90 286 268.83
1491
37 62 134 232 109.81
609
38 33 9 239 296.24
1643
39 11 238 272 424.44
2354
40 24 136 253 490.43
2720
41 8 41 184 103.86
576
42 19 6 129 23.44
130
43 14 93 279 54.99
305
44 22 265 287 174.90
970
45 144 88 285 57.34
318
46 19 3 288 67.25
373
47 89 76 287 82.40
457
48 153 37 247 173.99
965
49 97 0 262 207.53
1151
50 91 42 276 177.06
982
51 12 9 207 281.82
1563
52 53 46 288 19.47
108
53 26 23 147 198.70
1102
54 30 1 89 23.80
132
55 77 73 287 9.56
53
56 24 15 145 331.40
1838
57 41 14 194 142.26
789
58 99 5 129 46.88
260
59 54 9 127 89.79
498
60 7 160 259 195.45
1084
61 15 40 266 151.28
839
62 8 67 267 699.58
3880
63 98 1 128 136.85
759
64 58 50 287 35.88
199
65 2 274 288 66.35
368
66 6 48 279 158.13
877
67 56 4 246 307.60
1706
68 85 2 250 23.26
129
69 76 120 239 146.95
815
70 158 85 287 71.76
398
71 124 67 287 132.52
735
72 98 22 143 57.34
318
73 36 21 185 149.11
827
74 90 8 192 126.21
700
75 15 17 157 56.80
315
76 58 9 187 324.73
1801
77 5 0 107 579.32
3213
78 67 24 283 204.28
1133
79 42 234 288 172.19
955
80 36 94 288 229.17
1271
81 131 2 271 152.54
846
82 30 116 218 24.88
138
83 17 45 287 296.96
1647
84 48 22 272 141.18
783
85 28 26 234 146.05
810
86 131 104 264 540.73
2999
87 77 55 286 63.11
350
88 21 125 254 115.94
643
89 10 99 282 247.02
1370
90 97 10 276 81.32
451
91 22 9 248 24.16
134
92 41 5 164 851.40
4722
93 5 274 288 329.60
1828
94 19 80 286 5.95
33
95 13 80 288 504.31
2797
96 129 98 283 43.09
239
97 45 1 147 724.28
4017
98 53 113 204 323.83
1796
99 99 137 287 421.91
2340
100 9 9 88 86.91
482
101 12 152 274 317.70
1762
102 22 10 186 152.72
847
103 58 3 186 173.99
965
104 118 50 283 363.13
2014
105 154 98 288 580.94
3222
106 52 99 282 104.58
580
107 68 6 186 98.09
544
108 10 0 42 314.81
1746
109 131 98 254 54.09
300
110 244 0 252 232.77
1291
111 59 57 195 616.28
3418
112 5 279 288 380.08
2108
113 16 131 288 41.83
232
114 43 6 288 9.74
54
115 28 62 231 97.18
539
116 57 4 280 22.54
125
117 88 112 248 346.54
1922
118 148 128 288 73.20
406
119 53 2 81 132.16
733
120 45 47 270 40.75
226
121 16 179 244 135.05
749
122 20 85 287 139.01
771
123 26 81 281 41.83
232
124 20 35 201 351.23
1948
125 50 123 275 77.71
431
126 88 66 288 45.80
254
127 5 0 175 63.65
353
128 107 55 261 92.68
514
129 48 20 266 41.29
229
130 25 65 163 110.89
615
131 37 189 288 792.62
4396
132 21 13 169 381.34
2115
133 53 1 200 1.62
9
134 94 19 276 134.33
745
135 65 10 149 53.01
294
136 37 35 288 340.96
1891
137 5 75 256 21.46
119
138 12 190 286 194.37
1078
139 53 51 287 119.90
665
140 124 28 207 80.24
445
141 70 115 252 195.81
1086
142 93 79 233 115.21
639
143 32 54 188 298.94
1658
144 58 173 287 285.96
1586
145 20 38 119 89.07
494
146 87 39 288 40.21
223
147 18 84 288 476.72
2644
148 41 177 255 29.93
166
149 57 158 276 35.88
199
150 130 94 288 26.69
148
151 76 10 195 34.08
189
152 17 23 260 176.34
978
153 21 17 250 154.70
858
154 64 48 146 74.29
412
155 14 203 287 116.12
644
156 181 60 284 40.03
222
157 14 34 242 48.14
267
158 21 71 288 439.22
2436
159 2 10 164 538.03
2984
160 60 6 252 67.43
374
161 14 38 219 135.95
754
162 86 129 288 213.48
1184
163 81 30 228 45.26
251
164 155 57 265 86.73
481
165 102 68 202 42.55
236
166 85 10 261 249.90
1386
167 54 2 81 514.05
2851
168 73 3 201 571.02
3167
169 10 12 258 147.85
820
170 16 47 231 211.50
1173
171 40 138 288 393.96
2185
172 147 0 228 65.27
362
173 85 168 287 59.68
331
174 9 148 258 3.07
17
175 17 267 288 35.34
196
176 38 128 288 183.73
1019
177 62 169 275 369.44
2049
178 14 0 177 83.66
464
179 24 44 179 432.19
2397
180 155 3 218 150.55
835
181 46 0 265 177.42
984
182 76 112 269 142.08
788
183 35 11 153 117.02
649
184 38 3 62 134.87
748
185 47 24 238 76.45
424
186 159 49 287 66.17
367
187 30 7 279 146.95
815
188 176 11 254 207.89
1153
189 54 16 174 443.19
2458
190 42 97 227 50.67
281
191 16 150 288 362.23
2009
192 215 39 287 124.23
689
193 96 140 288 259.10
1437
194 155 12 256 192.75
1069
195 53 37 282 245.03
1359
196 27 27 170 238.72
1324
197 126 2 199 412.00
2285
198 75 30 273 37.50
208
199 2 93 287 6.13
34
