288
0 0.05005
1 0.05005
2 0.05005
3 0.05005
4 0.05005
5 0.05005
6 0.04991
7 0.04991
8 0.04991
9 0.04991
10 0.04991
11 0.04991
12 0.04798
13 0.04798
14 0.04798
15 0.04798
16 0.04798
17 0.04798
18 0.04798
19 0.04798
20 0.04798
21 0.04798
22 0.04798
23 0.04798
24 0.04770
25 0.04770
26 0.04770
27 0.04770
28 0.04770
29 0.04770
30 0.04770
31 0.04770
32 0.04770
33 0.04770
34 0.04770
35 0.04770
36 0.04770
37 0.04770
38 0.04770
39 0.04770
40 0.04770
41 0.04770
42 0.04770
43 0.04770
44 0.04770
45 0.04770
46 0.04770
47 0.04770
48 0.04770
49 0.04770
50 0.04770
51 0.04770
52 0.04770
53 0.04770
54 0.04798
55 0.04798
56 0.04798
57 0.04798
58 0.04798
59 0.04798
60 0.04798
61 0.04798
62 0.04798
63 0.04798
64 0.04798
65 0.04798
66 0.04798
67 0.04798
68 0.04798
69 0.04798
70 0.04798
71 0.04798
72 0.04365
73 0.04365
74 0.04365
75 0.04365
76 0.04365
77 0.04365
78 0.04675
79 0.04675
80 0.04675
81 0.04675
82 0.04675
83 0.04675
84 0.05159
85 0.05159
86 0.05159
87 0.05159
88 0.05159
89 0.05159
90 0.05954
91 0.05954
92 0.05954
93 0.05954
94 0.05954
95 0.05954
96 0.05954
97 0.05954
98 0.05954
99 0.05954
100 0.05954
101 0.05954
102 0.05954
103 0.05954
104 0.05954
105 0.05954
106 0.05954
107 0.05954
108 0.05983
109 0.05983
110 0.05983
111 0.05983
112 0.05983
113 0.05983
114 0.06090
115 0.06090
116 0.06090
117 0.06090
118 0.06090
119 0.06090
120 0.06090
121 0.06090
122 0.06090
123 0.06090
124 0.06090
125 0.06090
126 0.06090
127 0.06090
128 0.06090
129 0.06090
130 0.06090
131 0.06090
132 0.06090
133 0.06090
134 0.06090
135 0.06090
136 0.06090
137 0.06090
138 0.06090
139 0.06090
140 0.06090
141 0.06090
142 0.06090
143 0.06090
144 0.06090
145 0.06090
146 0.06090
147 0.06090
148 0.06090
149 0.06090
150 0.06090
151 0.06090
152 0.06090
153 0.06090
154 0.06090
155 0.06090
156 0.06090
157 0.06090
158 0.06090
159 0.06090
160 0.06090
161 0.06090
162 0.06090
163 0.06090
164 0.06090
165 0.06090
166 0.06090
167 0.06090
168 0.05983
169 0.05983
170 0.05983
171 0.05983
172 0.05983
173 0.05983
174 0.05954
175 0.05954
176 0.05954
177 0.05954
178 0.05954
179 0.05954
180 0.05954
181 0.05954
182 0.05954
183 0.05954
184 0.05954
185 0.05954
186 0.05954
187 0.05954
188 0.05954
189 0.05954
190 0.05954
191 0.05954
192 0.05954
193 0.05954
194 0.05954
195 0.05954
196 0.05954
197 0.05954
198 0.05983
199 0.05983
200 0.05983
201 0.05983
202 0.05983
203 0.05983
204 0.06090
205 0.06090
206 0.06090
207 0.06090
208 0.06090
209 0.06090
210 0.06090
211 0.06090
212 0.06090
213 0.06090
214 0.06090
215 0.06090
216 0.06090
217 0.06090
218 0.06090
219 0.06090
220 0.06090
221 0.06090
222 0.06090
223 0.06090
224 0.06090
225 0.06090
226 0.06090
227 0.06090
228 0.06090
229 0.06090
230 0.06090
231 0.06090
232 0.06090
233 0.06090
234 0.06090
235 0.06090
236 0.06090
237 0.06090
238 0.06090
239 0.06090
240 0.05983
241 0.05983
242 0.05983
243 0.05983
244 0.05983
245 0.05983
246 0.06090
247 0.06090
248 0.06090
249 0.06090
250 0.06090
251 0.06090
252 0.05954
253 0.05954
254 0.05954
255 0.05954
256 0.05954
257 0.05954
258 0.05624
259 0.05624
260 0.05624
261 0.05624
262 0.05624
263 0.05624
264 0.04675
265 0.04675
266 0.04675
267 0.04675
268 0.04675
269 0.04675
270 0.04413
271 0.04413
272 0.04413
273 0.04413
274 0.04413
275 0.04413
276 0.04947
277 0.04947
278 0.04947
279 0.04947
280 0.04947
281 0.04947
282 0.04947
283 0.04947
284 0.04947
285 0.04947
286 0.04947
287 0.04947
