5
3
60
0 130 0.0 0.1
2478 2368 2389
1 120 0.1 0.1
2483 2604 2558
2 170 0.1 0.1
2501 2436 2450
3 120 0.1 0.1
2523 2519 2536
4 190 0.1 0.0
2436 2487 2476
5 130 0.0 0.1
2447 2389 2405
6 120 0.1 0.1
2493 2564 2507
7 150 0.1 0.1
2452 2494 2562
8 170 0.1 0.1
2420 2535 2499
9 120 0.1 0.1
2437 2546 2484
10 170 0.1 0.1
2456 2502 2332
11 190 0.1 0.0
2542 2461 2566
12 150 0.1 0.1
2532 2484 2457
13 170 0.1 0.1
2504 2529 2508
14 130 0.0 0.1
2523 2565 2529
15 120 0.1 0.1
2512 2440 2494
16 170 0.1 0.1
2441 2499 2481
17 190 0.1 0.0
2529 2479 2523
18 190 0.1 0.0
2555 2528 2584
19 190 0.1 0.0
2529 2510 2520
20 170 0.1 0.1
2554 2474 2484
21 150 0.1 0.1
2522 2411 2429
22 120 0.1 0.1
2532 2505 2492
23 130 0.0 0.1
2504 2498 2467
24 170 0.1 0.1
2434 2616 2441
25 170 0.1 0.1
2503 2432 2531
26 190 0.1 0.0
2494 2442 2333
27 190 0.1 0.0
2496 2476 2481
28 170 0.1 0.1
2452 2430 2462
29 190 0.1 0.0
2481 2540 2576
30 190 0.1 0.0
2563 2517 2522
31 120 0.1 0.1
2526 2529 2515
32 120 0.1 0.1
2595 2519 2555
33 120 0.1 0.1
2511 2512 2600
34 150 0.1 0.1
2463 2577 2467
35 170 0.1 0.1
2532 2467 2436
36 170 0.1 0.1
2445 2521 2549
37 130 0.0 0.1
2433 2447 2542
38 170 0.1 0.1
2434 2500 2524
39 190 0.1 0.0
2436 2503 2491
40 190 0.1 0.0
2568 2525 2464
41 120 0.1 0.1
2447 2522 2509
42 120 0.1 0.1
2440 2462 2468
43 120 0.1 0.1
2487 2501 2518
44 130 0.0 0.1
2450 2463 2555
45 120 0.1 0.1
2482 2464 2522
46 190 0.1 0.0
2492 2470 2432
47 120 0.1 0.1
2473 2466 2481
48 190 0.1 0.0
2473 2501 2554
49 130 0.0 0.1
2507 2433 2437
50 150 0.1 0.1
2564 2496 2553
51 150 0.1 0.1
2637 2586 2489
52 130 0.0 0.1
2411 2467 2508
53 170 0.1 0.1
2510 2399 2495
54 150 0.1 0.1
2583 2520 2516
55 190 0.1 0.0
2549 2578 2516
56 150 0.1 0.1
2460 2496 2539
57 170 0.1 0.1
2547 2507 2538
58 190 0.1 0.0
2516 2527 2444
59 170 0.1 0.1
2570 2495 2497
1000
0 105 0 150 134.28
248 874 138
1 7 7 37 616.37
1841 937 327
2 76 5 185 1.37
3 3 7
3 58 4 219 479.20
1493 380 345
4 49 2 240 238.06
581 875 267
5 8 184 283 727.49
1790 2238 1368
6 5 237 288 197.25
333 693 1308
7 60 91 244 117.59
148 1040 193
8 13 240 287 79.49
114 645 120
9 7 1 159 344.01
574 1871 1335
10 132 90 284 2.61
5 6 18
11 8 78 288 30.90
56 52 263
12 60 78 287 140.90
444 98 87
13 4 53 287 551.27
1539 1269 399
14 21 47 185 64.65
108 115 605
15 117 79 266 98.70
175 184 840
16 77 52 191 20.68
36 35 186
17 10 60 253 14.69
25 31 127
18 103 122 262 29.15
46 215 47
19 96 12 287 71.91
228 51 33
20 95 4 218 222.08
700 165 120
21 25 99 164 213.21
386 1330 360
22 36 39 288 15.79
20 139 26
23 68 25 273 7.82
10 69 12
24 32 83 249 163.46
214 952 951
25 166 117 287 13.03
24 22 108
26 5 102 240 480.72
1017 2136 1079
27 159 104 282 36.28
51 305 46
28 81 89 287 204.61
648 118 140
29 29 11 57 42.08
131 34 30
30 59 48 180 180.49
572 114 106
31 4 10 279 18.78
23 173 25
32 56 41 278 225.81
331 1134 1338
33 34 1 259 507.97
1488 895 290
34 116 1 214 26.75
86 13 13
35 17 8 103 122.62
183 275 1215
36 66 8 172 167.44
241 883 960
37 120 27 186 75.13
238 50 41
38 8 154 275 134.91
244 176 1228
39 51 21 218 83.86
269 40 46
40 2 0 126 180.45
578 82 111
41 171 84 285 100.32
135 485 707
42 45 5 217 180.95
294 810 1019
43 14 260 287 409.82
1235 513 306
44 7 47 194 67.16
98 272 499
45 26 17 287 470.09
835 2138 2098
46 1 109 241 2.95
6 6 19
47 48 60 187 105.99
152 664 454
48 77 2 111 74.94
145 111 596
49 47 170 288 138.81
239 205 1312
50 108 38 276 22.22
70 14 16
51 103 50 288 125.53
396 77 90
52 7 41 287 16.48
27 30 157
53 27 201 288 345.15
670 1471 1290
54 8 53 146 5.33
7 45 10
55 101 31 280 54.85
66 498 92
56 24 100 287 18.13
29 38 170
57 18 80 184 465.14
1477 273 284
58 105 62 283 122.86
211 270 1032
59 25 42 210 14.63
21 26 161
60 188 82 287 3.56
11 3 3
61 14 143 253 69.90
128 118 585
62 18 1 287 233.59
732 147 196
63 33 93 288 57.11
183 27 33
64 58 131 228 484.28
1355 1069 398
65 19 27 274 68.01
115 144 592
66 77 176 287 652.46
1617 2153 927
67 126 6 288 7.00
10 14 75
68 10 18 282 2.82
6 6 16
69 20 92 287 152.26
328 771 159
70 11 10 285 323.92
1028 212 169
71 28 43 147 264.22
739 632 146
72 9 249 288 164.60
325 934 228
73 41 135 233 78.95
124 585 127
74 61 5 140 81.01
104 663 199
75 19 89 287 744.03
2027 1973 499
76 44 72 279 483.86
1533 313 276
77 77 7 287 33.26
66 58 240
78 167 22 274 209.01
675 83 108
79 1 23 133 117.57
377 57 64
80 15 29 214 223.52
320 1271 1155
81 32 26 274 75.13
101 322 592
82 125 9 188 68.24
95 577 88
83 46 67 236 151.59
260 451 1099
84 37 118 255 573.64
1769 570 368
85 77 121 258 205.96
646 160 123
86 95 7 239 207.14
391 566 1327
87 31 42 237 20.79
33 34 211
88 60 85 236 698.04
1618 2109 2067
89 177 33 260 241.73
769 153 121
90 82 21 180 18.36
58 13 10
91 48 116 242 68.41
124 143 540
92 61 141 287 67.58
107 104 698
93 42 10 119 29.32
42 99 253
94 40 10 187 95.20
165 134 902
95 41 115 283 298.84
946 188 184
96 132 31 280 251.49
402 1118 1474
97 117 155 287 40.41
130 21 17
98 23 43 218 94.15
182 134 758
99 12 76 264 717.73
1924 1793 866
100 8 198 286 87.32
274 54 72
101 37 45 192 145.88
241 238 1416
102 15 43 67 76.42
99 669 116
103 26 18 254 218.50
342 831 1542
104 56 40 272 321.37
635 1365 1130
105 20 143 287 501.99
1496 683 410
106 30 3 143 203.76
307 682 1661
107 17 37 288 143.64
455 90 87
108 21 0 276 70.72
97 581 127
109 15 115 269 252.25
369 1040 1840
110 48 202 285 454.58
1391 522 262
111 45 5 79 307.88
995 137 132
112 96 16 194 6.24
12 8 52
113 23 14 286 75.97
133 140 661
114 1 187 288 48.48
76 90 483
115 52 76 239 5.57
9 10 54
116 71 76 288 488.39
1541 372 239
117 33 225 287 894.15
2220 2212 2350
118 42 40 287 237.66
661 546 191
119 101 96 238 33.94
57 128 214
120 13 6 158 168.12
294 513 1160
121 57 12 228 129.20
188 667 748
122 82 0 288 13.20
24 22 112
123 92 5 125 102.28
225 498 104
124 30 10 114 494.29
1347 1298 348
125 55 57 287 114.47
205 216 956
126 18 66 177 116.20
233 640 165
127 83 85 224 3.75
12 2 2
128 88 1 283 116.57
166 444 937
129 133 0 235 62.82
201 32 35
130 65 11 181 17.56
30 27 166
131 13 86 167 192.55
420 920 247
132 57 25 265 255.09
818 125 137
133 34 211 287 341.29
1079 214 221
134 47 10 182 175.83
321 231 1577
135 67 23 176 41.34
131 27 23
136 8 0 135 396.56
1277 208 155
137 26 222 286 290.74
851 488 207
138 272 2 288 34.53
50 74 358
139 58 108 268 229.52
735 118 122
140 85 27 207 31.47
48 69 307
141 28 1 123 115.27
188 584 542
142 34 4 218 80.32
128 182 736
143 124 101 233 16.97
25 37 172
144 3 0 42 126.31
205 170 1306
145 93 47 241 331.95
690 1789 360
146 199 3 271 417.41
1330 273 181
147 42 34 173 341.00
1076 258 169
148 132 5 247 28.27
39 237 42
149 12 41 181 175.66
553 135 93
150 78 24 201 120.79
150 1116 141
151 86 4 270 496.11
1309 1500 354
152 5 28 95 26.12
43 43 254
153 98 115 247 392.75
1115 795 318
154 40 179 248 295.57
455 1597 1430
155 28 240 288 41.28
81 62 319
156 10 109 252 629.40
1375 2341 1792
157 19 157 288 187.78
233 1592 435
158 1 17 128 7.57
11 61 11
159 60 31 253 23.10
43 32 199
160 64 33 257 335.41
1004 521 146
161 101 15 206 120.64
145 1093 207
162 33 52 163 34.61
53 264 54
163 8 4 277 98.59
314 61 49
164 16 1 76 266.12
847 162 140
165 23 1 147 220.92
343 764 1693
166 8 67 279 193.29
340 1281 283
167 19 191 287 253.64
435 826 1732
168 6 1 134 12.88
18 103 25
169 52 6 128 33.05
56 58 305
170 82 2 279 40.41
60 61 447
171 122 97 246 258.05
443 1119 1341
172 62 119 287 687.43
1717 2082 1163
173 32 151 275 135.34
426 104 72
174 30 32 288 450.72
1447 201 260
175 5 33 249 217.93
286 1650 692
176 50 188 288 81.22
118 187 820
177 34 138 276 150.24
248 733 728
178 19 86 287 78.46
131 150 719
179 109 2 288 405.90
1273 291 280
180 17 2 262 288.38
918 174 153
181 9 1 169 775.17
2014 1980 1318
182 109 124 288 102.58
162 774 138
183 146 34 240 33.92
67 59 247
184 25 23 285 178.55
257 908 1074
185 114 2 142 176.34
241 1099 847
186 16 130 288 82.11
137 133 789
187 67 2 282 175.96
468 493 158
188 70 16 225 79.22
112 274 684
189 62 47 219 244.32
356 1138 1596
190 30 11 156 252.90
465 1603 339
191 49 16 224 115.35
372 58 45
192 12 5 204 232.20
617 673 179
193 29 76 268 327.63
844 1006 354
194 10 21 274 54.81
91 102 510
195 76 12 277 566.09
1748 582 318
196 14 8 274 158.31
389 572 174
197 15 1 99 40.45
69 65 379
198 6 6 72 310.87
984 189 202
199 33 1 251 167.67
280 910 652
200 18 181 284 543.09
1299 2099 640
201 1 12 204 21.33
33 144 59
202 149 77 252 25.70
42 55 233
203 158 0 284 85.08
116 472 498
204 81 107 278 333.49
924 776 278
205 124 15 243 70.98
120 93 704
206 4 49 264 90.08
141 701 98
207 6 199 280 279.48
903 120 128
208 137 47 288 29.15
49 41 287
209 1 142 259 90.54
149 651 128
210 41 166 287 241.27
762 151 162
211 79 87 250 33.31
64 70 237
212 120 22 189 297.63
947 143 216
213 3 43 217 577.71
1332 1987 1398
214 110 5 269 322.13
766 1349 255
215 189 6 227 89.30
135 180 903
216 36 84 270 214.77
696 90 87
217 8 1 239 248.85
425 825 1690
218 19 135 195 354.70
1108 268 255
219 61 22 181 6.39
8 57 10
220 14 151 259 27.51
87 19 15
221 16 59 259 405.00
1243 420 275
222 101 81 287 120.64
380 79 83
223 58 1 250 248.01
618 867 256
224 158 23 259 110.29
170 206 1117
225 245 1 282 34.78
48 72 381
226 105 28 223 22.83
30 205 24
227 83 120 259 18.80
31 34 178
228 94 13 282 557.30
1795 293 214
229 82 6 252 133.69
420 88 99
230 44 9 216 315.51
1000 167 233
231 105 0 223 229.78
730 128 148
232 58 105 244 322.00
740 1479 239
233 70 119 287 95.14
300 67 56
234 19 23 248 235.03
646 571 196
235 54 115 233 62.86
176 138 52
236 11 1 272 150.98
479 104 72
237 16 259 288 331.76
1041 198 285
238 14 28 283 182.73
293 448 1611
239 89 89 268 430.80
1014 1446 951
240 29 0 132 293.63
927 173 216
241 159 76 276 50.89
89 80 464
242 151 59 282 346.06
1118 152 154
243 65 140 288 39.67
70 144 235
244 58 15 282 17.03
29 118 24
245 1 0 269 450.83
884 1906 1646
246 28 81 260 350.31
804 1418 554
247 42 38 138 97.98
313 54 52
248 111 75 218 640.17
1782 1296 766
249 9 34 279 73.13
91 649 124
250 61 15 269 350.82
988 680 385
251 16 4 170 160.55
316 222 1263
252 93 22 187 404.77
790 1869 1267
253 98 52 288 25.80
45 46 228
254 2 23 269 16.80
54 7 10
255 91 77 287 25.87
41 191 40
256 25 80 287 71.36
116 185 603
257 11 138 263 243.50
384 945 1670
258 210 48 288 629.02
1798 1237 478
259 128 34 228 18.30
31 30 172
260 29 14 101 499.12
1321 1457 406
261 4 1 278 378.94
887 1584 403
262 1 86 280 2.51
3 23 4
263 10 85 187 21.71
36 38 206
264 23 1 123 58.01
78 448 158
265 4 76 277 139.74
309 667 151
266 32 16 256 207.81
346 464 1811
267 46 144 273 205.13
623 243 140
268 9 0 174 427.43
1182 996 370
269 16 7 49 682.98
1744 1873 1182
270 4 1 139 561.77
1788 387 228
271 43 7 220 82.30
262 50 43
272 38 0 89 187.09
468 675 149
273 35 162 276 28.59
36 256 42
274 77 6 227 214.32
353 1333 613
275 35 247 287 371.10
1168 236 272
276 57 20 288 100.13
166 694 172
277 128 7 170 229.21
704 231 162
278 109 0 282 51.18
92 62 477
279 43 197 287 21.46
34 32 223
280 20 13 192 111.49
217 211 809
281 73 4 236 34.55
111 17 17
282 116 134 286 314.48
738 1308 331
283 89 125 288 29.70
95 15 17
284 144 61 257 27.09
44 131 138
285 31 2 288 35.90
60 57 346
286 3 0 19 110.19
349 61 79
287 55 145 288 51.79
165 29 30
288 34 9 244 48.42
87 297 94
289 3 145 288 209.10
652 153 166
290 10 4 171 102.26
150 701 324
291 5 169 287 66.17
207 53 41
292 31 143 258 413.94
878 1954 741
293 77 176 282 159.68
259 223 1640
294 85 101 259 223.18
577 657 269
295 39 54 288 598.28
1395 1669 1922
296 85 12 129 227.16
490 1120 278
297 29 3 229 16.70
25 34 170
298 47 199 272 150.45
290 199 1240
299 33 4 269 165.17
288 447 1231
300 26 174 269 39.25
61 80 384
301 66 47 263 223.18
364 1227 905
302 20 213 287 189.26
610 90 84
303 113 34 172 35.37
109 30 31
304 18 21 252 17.14
23 147 25
305 177 46 287 23.42
37 167 46
306 118 104 235 57.53
106 119 444
307 22 210 287 714.18
1774 2135 1319
308 156 115 283 34.09
53 261 46
309 138 66 286 2.74
5 4 24
310 126 126 288 1.03
2 3 6
311 4 1 226 162.42
246 677 1115
312 86 181 288 301.81
970 127 178
313 151 23 231 296.20
507 1273 1567
314 108 9 282 180.17
266 945 994
315 71 41 258 80.44
238 126 53
316 54 35 194 3.88
6 30 5
317 60 14 284 211.80
532 719 221
318 67 39 214 48.02
152 28 33
319 39 17 75 159.62
514 72 80
320 142 17 213 105.57
171 168 1055
321 8 107 287 608.32
1676 1439 538
322 94 11 258 91.07
147 116 957
323 53 136 287 271.96
498 807 1754
324 29 28 287 33.12
53 47 344
325 36 178 280 284.16
881 260 183
326 14 123 265 87.82
159 150 745
327 3 23 268 257.20
424 1083 1508
328 47 74 261 174.95
554 113 102
329 17 5 264 739.33
2014 1594 1047
330 188 7 284 110.38
185 238 966
331 154 1 187 134.51
428 87 64
332 2 13 253 101.40
124 902 184
333 11 182 288 47.37
88 71 401
334 4 0 54 3.58
6 24 7
335 64 38 192 344.96
838 1306 357
336 11 107 125 223.45
380 796 1446
337 9 0 222 98.74
315 54 56
338 123 83 283 37.10
53 304 53
339 41 1 140 63.45
106 374 202
340 61 148 287 181.82
569 137 124
341 165 3 230 530.13
1673 406 254
342 141 17 179 34.07
61 54 300
343 25 18 115 67.77
102 511 127
344 66 19 150 37.02
51 322 38
345 1 104 225 15.11
26 27 136
346 122 48 273 11.78
20 21 108
347 25 15 287 140.59
228 247 1368
348 8 26 242 309.48
581 1259 1385
349 140 61 288 81.48
143 277 516
350 133 3 287 274.57
877 137 168
351 85 37 281 710.35
1764 1817 1775
352 10 155 281 85.86
167 507 107
353 38 31 143 111.56
353 74 64
354 124 116 287 469.67
997 1856 1377
355 13 47 268 304.84
528 1429 1391
356 24 48 242 150.73
254 436 1143
357 101 141 287 58.41
183 43 40
358 219 36 268 164.64
273 1204 188
359 22 0 275 20.05
64 11 11
360 11 147 287 86.91
153 155 758
361 64 107 210 85.88
269 62 61
362 48 84 259 308.32
966 240 191
363 72 0 249 276.22
411 1347 1654
364 36 52 123 81.81
145 531 129
365 44 7 175 272.99
862 176 177
366 22 59 283 87.15
127 190 893
367 81 146 246 387.88
1232 266 177
368 90 4 174 29.68
47 220 45
369 3 0 265 633.02
1901 889 374
370 157 127 287 85.42
148 132 792
371 116 110 281 34.74
58 54 337
372 15 4 191 167.48
251 369 1662
373 132 144 288 352.38
945 994 252
374 41 131 284 102.07
143 872 112
375 110 83 268 285.89
913 148 168
376 17 1 280 198.09
329 1395 303
377 32 32 125 393.85
1281 155 142
378 34 41 92 5.84
9 11 59
379 131 39 281 267.62
326 1617 1640
380 87 0 152 163.61
294 641 861
381 27 82 273 12.56
39 10 10
382 34 38 171 157.51
306 298 1147
383 24 3 207 154.10
264 186 1528
384 10 71 270 363.17
585 1600 2119
385 36 27 281 122.27
210 466 731
386 113 8 263 22.96
72 17 15
387 50 134 265 253.60
672 726 222
388 112 23 207 183.32
273 1478 220
389 79 114 264 253.15
627 927 225
390 76 28 231 13.32
43 6 6
391 101 162 288 81.96
142 106 791
392 92 31 285 89.70
285 53 53
393 36 80 285 122.52
395 58 54
394 44 150 268 628.15
1811 1228 380
395 57 5 166 56.56
180 33 32
396 11 174 288 215.06
395 660 1346
397 86 120 275 130.07
413 72 86
398 7 112 275 92.73
293 55 66
399 35 174 272 188.80
335 378 1566
400 65 11 184 127.58
183 736 641
401 163 12 234 1.75
3 3 16
402 33 162 267 82.82
148 123 744
403 11 30 230 28.46
51 178 51
404 48 28 260 104.03
168 761 150
405 39 43 278 202.98
492 783 196
406 15 17 213 24.96
48 52 178
407 17 104 232 7.72
12 16 75
408 49 24 178 178.15
385 877 215
409 21 4 98 772.53
2070 1997 838
410 47 133 276 247.88
782 181 134
411 80 28 266 35.35
57 71 333
412 51 5 245 118.70
218 515 517
413 1 0 185 571.66
1711 816 358
414 53 34 253 7.13
10 58 12
415 22 11 52 183.29
348 423 1277
416 19 8 271 4.43
6 38 6
417 97 1 164 878.82
2190 2135 2312
418 43 7 288 185.57
578 145 138
419 22 48 265 169.82
536 96 132
420 41 157 269 445.94
1199 1206 375
421 1 99 262 467.96
1101 1931 496
422 130 38 224 111.64
170 156 1224
423 136 111 256 40.18
66 76 377
424 43 105 288 714.58
1865 1456 1710
425 63 10 271 210.07
310 1549 489
426 20 0 58 416.49
1070 1341 377
427 90 80 287 200.60
499 710 200
428 65 77 282 168.12
357 861 197
429 105 148 286 119.78
206 226 1060
430 60 21 288 76.14
136 158 617
431 76 1 209 458.20
1286 920 486
432 1 0 173 352.44
1115 227 214
433 48 9 273 131.44
264 215 947
434 135 2 206 126.10
403 72 62
435 100 120 287 167.57
299 1107 221
436 12 1 66 66.42
87 585 89
437 89 6 237 124.54
193 726 514
438 9 82 288 36.45
115 25 22
439 46 234 288 135.34
170 1214 199
440 192 1 238 138.46
227 258 1308
441 58 43 175 575.07
1641 1210 338
442 37 47 173 37.14
73 54 289
443 104 9 185 63.43
105 125 582
444 36 38 276 45.28
143 30 28
445 56 92 277 458.65
1190 1429 405
446 54 91 263 26.62
83 21 19
447 49 0 208 300.73
817 808 202
448 77 61 288 106.94
153 167 1215
449 94 30 252 146.78
219 263 1554
450 12 44 225 11.03
35 7 6
451 8 2 120 276.28
450 1258 1516
452 24 27 269 28.29
56 40 219
453 93 3 226 234.48
413 929 1277
454 114 15 279 62.21
119 85 515
455 23 28 208 30.74
55 200 44
456 34 182 288 446.74
1327 648 335
457 56 72 271 342.62
1077 245 220
458 131 17 269 53.59
167 40 42
459 4 32 287 169.55
543 93 81
460 59 74 223 72.39
108 562 118
461 62 37 246 90.27
141 646 185
462 111 17 287 97.03
109 921 157
463 61 81 287 390.89
1197 425 255
464 76 111 270 130.23
251 758 195
465 4 87 288 430.95
1367 263 258
466 32 236 287 143.22
454 96 75
467 42 115 283 61.64
86 218 533
468 35 9 225 93.20
297 51 55
469 104 68 279 469.12
1424 524 373
470 50 8 187 270.86
540 1331 648
471 97 98 263 20.36
26 180 31
472 120 32 191 128.46
216 254 1154
473 15 55 248 285.75
919 145 127
474 117 15 283 229.71
725 143 159
475 4 162 279 185.59
590 112 104
476 94 95 287 226.15
658 404 152
477 36 27 288 206.15
322 685 1608
478 20 61 288 178.78
243 1305 582
479 18 137 236 649.97
1549 1867 1773
480 58 44 214 15.28
25 113 18
481 264 1 287 198.26
631 99 137
482 33 182 231 476.82
1111 1607 1122
483 217 23 287 82.95
263 53 47
484 146 103 288 16.65
18 168 17
485 129 21 288 64.32
122 115 499
486 56 0 69 134.58
223 932 233
487 3 156 269 257.31
497 1290 689
488 139 88 286 164.91
274 397 1398
489 55 12 213 247.86
392 1088 1503
490 32 0 85 279.88
405 1363 1759
491 29 110 287 96.84
155 206 903
492 30 19 183 15.47
24 118 22
493 23 1 162 186.03
304 729 1191
494 42 118 170 202.71
307 526 1870
495 1 32 169 458.39
1317 917 278
496 28 208 287 303.22
577 1816 429
497 87 28 277 161.03
266 535 1155
498 52 10 212 280.85
483 1801 579
499 26 152 287 37.42
119 21 23
500 19 190 288 114.55
193 196 1072
501 79 64 224 341.61
679 1639 891
502 10 163 269 106.67
154 198 1155
503 63 112 287 216.79
341 696 1711
504 87 178 276 51.96
88 75 504
505 58 105 260 98.74
174 128 932
506 48 46 270 348.31
816 1459 361
507 8 94 188 280.14
379 1269 2088
508 9 264 287 197.92
289 985 1194
509 33 189 273 69.23
106 122 717
510 70 198 287 48.65
76 78 505
511 57 101 287 29.91
97 13 11
512 185 47 288 83.63
260 65 66
513 20 162 287 431.09
1079 1450 497
514 221 1 283 9.59
15 15 100
515 14 136 287 91.07
147 302 678
516 52 46 200 169.04
538 107 83
517 39 209 288 183.36
347 1088 288
518 5 214 269 293.10
896 294 239
519 1 57 265 113.96
173 212 1174
520 137 23 263 156.37
301 220 1272
521 76 146 277 142.67
455 84 73
522 30 149 249 70.22
117 169 593
523 151 47 252 30.27
52 46 285
524 16 168 287 109.55
176 211 1050
525 5 57 243 30.04
61 55 203
526 20 238 287 31.35
54 45 298
527 31 46 251 222.23
709 112 140
528 28 52 215 14.50
21 114 26
529 67 71 195 583.67
1643 1270 438
530 41 34 281 24.87
39 36 263
531 76 14 138 234.29
468 1364 235
532 84 168 288 1.88
4 3 12
533 22 70 262 59.26
98 169 466
534 2 9 189 22.30
35 44 218
535 8 111 282 220.25
602 566 161
536 52 1 285 502.39
1056 1766 1875
537 26 60 277 15.96
51 9 8
538 16 7 157 22.56
37 32 228
539 59 133 255 453.08
1380 539 278
540 25 143 288 605.20
1663 1539 405
541 4 134 278 85.10
143 619 89
542 117 149 288 456.16
1044 1683 987
543 75 69 232 69.48
116 102 683
544 38 1 185 86.28
129 693 104
545 32 147 288 176.63
290 475 1447
546 43 172 284 53.19
167 37 37
547 74 1 228 601.38
1838 732 300
548 126 31 243 243.14
435 1120 1042
549 29 4 128 32.00
46 254 56
550 180 78 275 42.29
64 74 444
551 64 52 276 574.02
1719 808 370
552 49 19 132 20.34
34 31 198
553 24 103 254 440.43
873 1563 1991
554 144 18 288 83.56
128 170 831
555 2 138 288 328.96
566 1207 2030
556 22 156 265 321.10
742 1378 355
557 55 92 275 102.91
330 52 53
558 204 37 284 12.27
39 8 6
559 75 97 288 159.20
281 282 1386
560 25 2 197 7.61
12 55 14
561 100 89 252 267.19
785 413 223
562 27 93 203 153.63
484 110 91
563 30 115 288 347.76
962 829 271
564 28 124 262 127.05
233 223 1048
565 1 0 6 2.51
4 19 3
566 105 25 218 65.54
206 43 48
567 51 201 287 627.56
1771 1340 478
568 151 9 287 481.52
1546 230 254
569 182 16 245 88.24
272 86 60
570 38 63 288 328.58
1032 245 202
571 11 17 287 177.01
236 791 1360
572 109 34 162 64.25
97 502 92
573 53 6 177 96.49
310 43 54
574 87 70 288 25.47
80 20 14
575 45 10 240 20.38
30 37 218
576 17 172 262 181.19
282 637 1368
577 12 166 216 28.46
43 56 290
578 225 1 228 12.46
21 23 114
579 6 76 148 104.96
337 51 54
580 31 2 202 650.77
1865 1305 423
581 10 87 263 24.33
42 44 217
582 8 35 268 45.07
144 22 28
583 31 18 267 311.32
760 1214 243
584 84 72 200 24.87
40 34 259
585 19 71 276 181.48
313 435 1461
586 141 116 288 240.21
762 145 146
587 28 201 288 351.18
616 1565 1670
588 134 2 162 524.21
1426 1333 452
589 8 1 122 21.08
32 40 216
590 18 39 249 5.67
9 9 58
591 49 1 287 106.08
195 146 932
592 21 2 244 77.72
133 187 632
593 22 76 224 53.16
99 100 418
594 49 7 145 340.09
556 1937 1269
595 83 9 241 287.54
516 1842 445
596 27 13 240 115.16
181 173 1205
597 73 157 244 119.36
220 618 364
598 45 30 269 188.88
570 242 127
599 29 12 265 121.15
389 65 53
600 13 204 288 182.75
271 1163 693
601 43 20 96 40.03
81 69 279
602 4 283 288 9.76
15 15 104
603 88 116 287 158.10
510 76 66
604 25 175 270 9.36
12 80 18
605 49 85 170 2.95
4 26 3
606 83 164 283 72.71
121 157 642
607 19 34 162 396.67
920 1465 771
608 9 87 283 108.33
340 75 77
609 63 5 279 126.40
393 104 91
610 39 15 215 348.52
907 1057 332
611 4 0 205 620.08
1448 1787 1891
612 172 18 267 54.32
93 379 69
613 285 1 288 41.53
63 74 433
614 68 69 233 25.44
48 41 206
615 95 14 287 369.56
1161 273 229
616 144 74 269 28.27
51 39 255
617 74 36 255 38.75
78 66 274
618 16 41 225 321.81
1032 168 157
619 25 204 260 114.05
164 170 1302
620 90 4 276 244.47
537 1163 295
621 4 0 10 212.47
377 399 1802
622 39 151 288 306.07
376 1817 1902
623 71 22 265 36.60
62 256 50
624 52 6 258 18.40
25 159 23
625 66 3 99 132.43
424 64 77
626 117 7 279 14.95
27 25 128
627 30 21 285 141.85
247 933 236
628 47 65 257 162.76
516 89 115
629 76 60 195 21.71
39 38 185
630 4 0 116 749.60
2086 1805 470
631 8 81 288 110.33
345 82 79
632 86 35 288 316.46
486 1530 1809
633 29 176 283 72.22
104 582 112
634 8 52 214 87.72
121 725 146
635 7 250 281 129.88
172 1117 201
636 27 203 279 282.29
558 1651 313
637 68 132 273 36.36
62 69 325
638 80 15 242 280.66
904 118 152
639 28 100 255 241.92
403 832 1669
640 55 13 95 59.76
192 29 30
641 45 0 265 558.99
1510 1277 773
642 31 163 244 48.23
88 296 84
643 31 204 287 65.79
205 43 61
644 68 140 278 26.77
40 46 286
645 55 119 273 252.90
799 171 149
646 64 5 92 28.88
40 242 42
647 26 172 287 570.31
1494 1584 693
648 94 45 287 319.54
1007 220 200
649 60 46 282 196.55
286 930 1265
650 116 45 288 234.10
434 867 1214
651 19 5 288 210.51
674 116 101
652 63 1 261 74.16
231 52 64
653 50 40 284 32.55
48 258 49
654 19 142 248 223.18
565 771 182
655 67 23 224 22.09
39 84 125
656 41 116 261 94.59
185 551 122
657 8 43 287 365.01
666 1425 1858
658 25 3 229 204.00
522 685 157
659 42 2 119 172.42
239 1237 561
660 16 255 287 66.91
112 102 650
661 35 44 144 138.60
211 445 1143
662 47 193 280 155.49
208 1134 531
663 37 10 219 118.28
379 55 70
664 2 78 236 34.61
47 288 60
665 51 54 276 173.03
256 1080 692
666 30 8 217 624.95
1674 1692 567
667 58 25 199 86.96
111 787 105
668 27 152 271 42.79
65 90 425
669 2 29 254 137.59
242 299 1121
670 56 164 287 186.62
600 95 84
671 63 17 259 618.04
1896 666 388
672 38 203 288 11.05
35 6 8
673 32 2 261 85.92
130 646 159
674 56 33 240 128.74
223 161 1251
675 57 28 287 13.93
24 19 134
676 18 14 167 278.22
893 138 141
677 2 259 288 101.40
271 290 73
678 81 160 288 46.29
148 24 26
679 113 20 287 2.76
4 5 30
680 34 1 188 28.75
39 244 43
681 34 173 287 40.60
73 58 365
682 113 26 275 80.38
89 769 130
683 19 30 268 477.56
1358 898 474
684 16 1 146 36.07
46 325 46
685 6 36 200 7.04
11 52 12
686 107 33 261 788.18
2118 2043 804
687 99 6 173 127.09
230 521 623
688 15 58 271 32.02
103 17 13
689 40 15 66 441.70
902 1647 1692
690 141 62 288 147.65
466 84 114
691 7 0 62 238.48
374 893 1699
692 72 4 287 266.84
843 172 170
693 15 38 288 173.22
262 353 1745
694 53 4 114 43.28
63 97 440
695 7 126 256 297.40
949 148 189
696 231 2 268 41.55
132 23 27
697 63 94 254 120.92
167 572 841
698 70 5 278 195.10
306 961 1044
699 25 53 272 26.06
42 190 39
700 29 135 279 109.60
163 217 1133
701 25 134 221 581.71
1358 1669 1788
702 147 2 244 64.36
103 151 579
703 133 0 181 395.19
1206 451 255
704 64 42 288 344.98
824 1437 259
705 8 1 274 83.31
119 184 867
706 59 1 249 170.73
294 995 499
707 35 22 268 23.44
75 12 13
708 32 83 275 130.07
417 68 64
709 68 6 265 600.18
1666 1303 619
710 14 195 287 334.95
790 1401 313
711 53 147 288 152.71
227 890 698
712 23 52 245 221.37
702 129 143
713 122 33 276 69.97
129 149 533
714 30 243 288 20.72
33 157 25
715 53 10 97 156.94
239 553 1220
716 122 16 261 120.28
174 186 1356
717 128 124 287 99.08
148 134 1113
718 52 164 277 73.93
116 93 802
719 11 6 187 246.94
775 198 135
720 34 199 287 45.68
143 31 36
721 39 220 287 533.38
1699 318 281
722 95 8 236 111.85
157 912 186
723 36 4 277 86.72
120 728 125
724 4 0 55 164.74
279 237 1599
725 12 5 191 83.77
128 652 113
726 81 11 277 316.37
1000 192 216
727 97 109 281 21.92
70 14 9
728 12 168 287 47.60
85 62 441
729 106 5 202 127.01
244 477 589
730 23 97 282 58.84
91 95 616
731 25 22 287 15.05
20 130 22
732 70 43 237 60.99
95 119 603
733 63 102 194 42.96
62 356 51
734 104 10 156 7.34
14 12 58
735 75 35 259 10.35
14 91 11
736 138 43 245 5.25
7 43 11
737 23 255 287 56.28
178 40 29
738 33 71 227 185.95
587 125 114
739 31 18 252 281.85
735 838 283
740 7 3 284 168.33
275 587 1187
741 45 193 287 218.73
331 1114 1200
742 2 0 93 114.47
194 466 658
743 63 112 228 321.43
650 1492 836
744 44 138 263 32.70
52 59 323
745 154 14 183 591.50
1814 633 382
746 85 10 282 61.28
194 31 49
747 16 5 24 470.75
1533 173 175
748 55 30 288 15.70
25 117 22
749 28 118 264 144.86
210 858 679
750 16 13 175 0.84
1 8 1
751 51 7 216 575.98
1673 1047 380
752 167 31 287 261.50
821 167 205
753 10 68 283 421.95
1330 314 227
754 96 4 273 237.01
637 631 216
755 20 5 53 573.45
1603 1307 420
756 14 44 145 425.32
1205 920 273
757 30 6 287 319.07
885 738 266
758 71 10 183 218.27
319 1104 1288
759 41 137 288 67.84
114 116 637
760 14 144 226 821.25
2244 1778 1104
761 118 6 257 98.38
141 465 649
762 137 52 212 33.18
59 54 293
763 28 2 157 304.34
677 1455 297
764 64 7 119 164.55
511 142 113
765 8 1 24 193.08
338 1115 541
766 91 136 274 471.80
1487 329 288
767 15 8 126 381.18
860 1740 411
768 43 220 288 284.31
461 1651 1040
769 79 0 176 250.86
679 656 213
770 7 0 185 59.99
91 452 108
771 26 243 288 460.46
1326 909 276
772 39 24 211 54.81
72 468 94
773 13 92 236 34.82
60 52 328
774 62 191 286 86.26
113 756 121
775 13 228 288 111.64
341 118 84
776 49 2 198 278.20
885 183 129
777 44 132 282 333.66
954 672 228
778 156 3 241 50.45
85 109 438
779 67 171 286 315.93
752 1219 401
780 4 52 286 635.15
1893 910 449
781 10 13 268 332.04
734 1231 891
782 131 80 268 179.01
570 90 121
783 84 6 231 22.66
43 43 172
784 34 0 127 141.64
171 1275 250
785 68 2 266 116.51
166 587 721
786 89 109 287 38.22
64 51 382
787 133 1 269 381.83
1236 163 160
788 28 197 281 15.94
51 8 9
789 108 30 176 454.03
1457 204 264
790 38 108 202 619.20
1696 1479 596
791 35 70 169 117.73
179 575 677
792 21 17 238 641.96
1722 1601 771
793 91 31 260 238.29
599 824 223
794 10 53 287 251.13
775 207 221
795 210 11 278 220.50
375 652 1627
796 57 5 82 2.70
4 22 3
797 76 17 112 115.65
203 194 1031
798 34 49 171 108.56
174 792 169
799 84 56 218 53.46
141 158 44
800 27 11 164 84.66
106 684 240
801 75 5 217 64.13
110 126 562
802 116 90 275 230.35
602 731 153
803 59 5 196 406.01
1301 218 196
804 47 0 145 6.45
7 64 8
805 15 0 59 31.77
62 57 234
806 110 55 288 16.82
54 8 9
807 78 66 287 327.59
825 1132 297
808 59 137 287 536.79
1624 694 323
809 56 126 266 472.07
917 1930 1883
810 118 10 282 94.52
167 134 872
811 175 19 226 36.22
66 56 313
812 3 32 113 11.49
18 15 124
813 24 68 234 20.07
27 168 35
814 62 69 178 138.06
207 557 990
815 40 7 62 182.83
310 389 1583
816 6 139 215 80.38
236 131 58
817 66 43 266 195.71
475 742 204
818 136 44 271 18.72
33 120 33
819 7 67 122 492.12
1509 533 310
820 64 160 288 4.64
15 2 2
821 91 160 287 110.44
181 773 193
822 92 25 181 8.07
13 61 9
823 116 13 288 114.83
371 53 47
824 37 72 262 464.00
957 1607 1896
825 29 58 193 318.27
1005 202 211
826 60 13 204 40.90
68 286 65
827 10 31 272 23.10
36 170 41
828 60 4 148 689.06
1594 2167 1935
829 100 46 282 352.57
855 1237 522
830 20 131 288 103.13
187 394 546
831 40 102 211 5.59
10 11 46
832 17 97 254 16.89
32 31 130
833 63 110 277 37.99
121 22 21
834 27 9 257 19.69
30 36 203
835 54 92 260 121.47
182 234 1256
836 70 24 208 164.45
267 1031 485
837 38 47 287 282.86
839 400 236
838 63 1 205 294.11
901 314 198
839 24 91 169 87.82
125 736 104
840 51 7 165 89.21
281 56 65
841 21 178 288 185.02
345 351 1447
842 4 12 100 27.32
45 40 273
843 50 108 242 47.30
151 28 23
844 3 198 287 736.72
1726 2440 1732
845 31 0 279 142.65
215 639 920
846 27 1 154 611.29
1734 1360 321
847 62 224 288 17.29
28 24 178
848 12 167 287 422.39
1231 741 290
849 29 58 262 283.11
885 216 196
850 66 190 287 151.95
270 220 1384
851 139 22 288 174.00
545 124 126
852 79 35 285 18.87
26 163 21
853 7 1 211 13.77
22 19 144
854 11 121 288 77.79
96 714 102
855 46 56 252 182.58
325 341 1544
856 90 25 261 13.41
20 106 19
857 34 192 233 202.22
384 693 1069
858 71 47 240 180.34
336 519 1147
859 25 90 123 4.20
6 35 5
860 26 79 281 150.70
481 89 74
861 5 4 34 486.79
1113 1498 1508
862 2 39 266 223.33
703 146 157
863 8 58 263 385.79
1165 469 292
864 17 31 243 19.73
64 8 8
865 75 117 287 18.42
31 130 25
866 31 126 279 71.65
227 47 40
867 26 65 250 61.30
86 342 339
868 41 12 203 630.20
1519 2021 1283
869 16 114 232 32.36
105 13 13
870 8 151 288 45.85
85 77 377
871 42 99 258 125.30
399 66 80
872 61 23 134 42.22
64 333 54
873 3 22 287 342.60
836 1186 495
874 32 31 218 8.54
12 67 18
875 41 11 158 439.53
1253 808 442
876 153 5 251 59.66
96 102 590
877 72 85 237 15.66
28 101 24
878 9 115 198 17.73
24 155 20
879 7 46 283 586.75
1852 422 320
880 4 22 288 139.91
184 1221 199
881 87 136 239 166.79
257 796 963
882 38 91 264 190.31
416 904 246
883 13 31 198 65.18
124 106 519
884 201 15 284 48.95
152 36 43
885 87 53 229 459.51
1328 820 373
886 87 147 285 25.76
43 176 46
887 126 74 229 19.01
26 160 29
888 12 165 269 190.10
274 1368 539
889 185 85 287 16.93
54 9 10
890 83 12 263 172.25
254 985 830
891 71 136 287 138.44
207 631 888
892 237 42 287 274.07
456 1067 1708
893 102 3 273 339.86
1079 198 211
894 44 0 283 324.98
1028 206 203
895 80 6 267 39.50
62 286 74
896 63 108 258 236.99
328 1368 1273
897 18 15 284 29.22
59 40 220
898 6 27 279 10.94
16 89 14
899 59 5 261 82.55
99 750 140
900 8 190 288 656.70
1663 2134 734
901 24 75 232 25.06
42 41 239
902 25 21 164 148.91
217 950 588
903 16 1 106 18.21
29 138 22
904 46 44 277 273.92
692 916 279
905 34 129 277 107.89
200 132 961
906 67 178 284 189.89
606 106 103
907 102 61 218 218.86
388 658 1488
908 20 40 288 340.98
806 1403 341
909 114 81 271 109.62
186 184 1022
910 108 120 287 183.67
282 463 1688
911 64 147 262 351.22
978 811 268
912 37 81 287 41.13
75 77 335
913 60 40 137 359.70
1139 251 182
914 113 6 210 132.17
418 94 68
915 45 32 288 7.76
12 12 82
916 2 0 174 146.02
249 745 603
917 3 177 277 69.63
134 95 571
918 4 27 104 28.56
43 53 297
919 26 125 228 176.17
312 493 1255
920 74 152 287 237.05
764 99 126
921 84 44 288 20.51
41 31 153
922 91 44 201 355.71
1120 248 225
923 94 173 287 71.67
117 102 728
924 19 9 287 332.29
441 1771 2138
925 137 132 288 171.95
300 303 1524
926 34 243 288 238.48
744 189 165
927 36 21 276 302.59
450 1648 1555
928 3 0 38 259.69
461 905 1575
929 98 20 288 192.46
617 106 87
930 5 0 278 542.78
1432 1268 948
931 32 14 52 111.77
178 226 1066
932 60 12 237 171.53
329 481 1044
933 58 79 287 38.01
69 71 312
934 49 7 223 78.21
251 40 38
935 159 72 287 79.81
130 138 776
936 13 5 199 432.95
1267 644 434
937 127 31 218 28.44
49 61 240
938 22 0 269 29.24
50 47 273
939 25 13 198 825.07
2172 1621 1934
940 88 139 251 382.17
1225 171 233
941 140 9 250 412.90
1249 477 335
942 15 0 54 292.51
678 1172 434
943 11 62 251 209.77
348 563 1695
944 16 7 61 848.30
2265 2097 1120
945 7 51 287 130.05
242 211 1074
946 9 21 247 710.45
1850 1860 1111
947 21 133 191 25.74
82 13 17
948 16 88 238 147.92
257 981 238
949 82 32 287 3.42
6 6 30
950 25 5 142 281.91
637 1259 339
951 89 38 240 405.04
1019 1462 281
952 97 91 201 72.54
117 127 711
953 22 7 153 79.24
130 147 749
954 17 196 252 526.97
1396 1594 336
955 5 0 209 18.59
32 46 148
956 74 8 132 325.88
1027 217 215
957 100 10 218 62.57
126 104 446
958 19 63 203 101.06
140 150 1192
959 139 82 287 43.76
137 34 28
960 8 47 165 321.65
626 1648 775
961 1 11 59 558.21
1582 1140 456
962 22 58 93 30.52
46 54 321
963 108 72 262 368.76
792 1787 522
964 109 142 288 26.33
47 35 243
965 77 117 262 457.97
1423 401 300
966 2 0 75 330.22
790 1363 258
967 6 6 167 15.64
21 136 20
968 77 45 269 188.12
589 146 120
969 125 9 274 327.29
1034 216 201
970 50 80 273 129.86
189 918 380
971 125 73 280 113.56
219 185 883
972 103 6 172 32.23
52 49 327
973 16 11 224 32.82
57 41 318
974 65 81 243 207.83
669 107 86
975 98 46 276 464.32
1364 724 379
976 70 3 207 15.30
27 20 144
977 111 0 190 91.13
177 125 735
978 20 62 266 495.77
1017 1734 2039
979 20 137 232 9.61
15 22 90
980 38 60 287 24.01
46 41 186
981 5 0 174 94.84
159 631 190
982 120 10 155 92.04
293 52 54
983 110 32 242 60.31
193 31 33
984 162 44 288 171.13
307 224 1574
985 37 43 191 34.28
57 70 309
986 120 44 262 34.19
49 288 36
987 131 35 288 33.62
63 53 277
988 17 83 249 757.57
2035 1877 908
989 60 2 190 65.43
112 128 576
990 66 5 110 319.20
652 1494 766
991 41 2 123 308.32
978 164 221
992 76 1 287 70.64
177 227 96
993 21 1 227 23.29
74 13 15
994 87 7 215 222.55
497 993 310
995 18 80 173 138.41
259 194 1179
996 14 71 155 50.80
94 80 427
997 58 16 191 17.52
28 129 26
998 128 76 285 64.95
209 31 31
999 59 164 288 359.82
1120 305 237
