288
0 0.04265
1 0.04265
2 0.04265
3 0.04265
4 0.04265
5 0.04265
6 0.03803
7 0.03803
8 0.03803
9 0.03803
10 0.03803
11 0.03803
12 0.03803
13 0.03803
14 0.03803
15 0.03803
16 0.03803
17 0.03803
18 0.03793
19 0.03793
20 0.03793
21 0.03793
22 0.03793
23 0.03793
24 0.03566
25 0.03566
26 0.03566
27 0.03566
28 0.03566
29 0.03566
30 0.03566
31 0.03566
32 0.03566
33 0.03566
34 0.03566
35 0.03566
36 0.03566
37 0.03566
38 0.03566
39 0.03566
40 0.03566
41 0.03566
42 0.03566
43 0.03566
44 0.03566
45 0.03566
46 0.03566
47 0.03566
48 0.03566
49 0.03566
50 0.03566
51 0.03566
52 0.03566
53 0.03566
54 0.03566
55 0.03566
56 0.03566
57 0.03566
58 0.03566
59 0.03566
60 0.03566
61 0.03566
62 0.03566
63 0.03566
64 0.03566
65 0.03566
66 0.03769
67 0.03769
68 0.03769
69 0.03769
70 0.03769
71 0.03769
72 0.05554
73 0.05554
74 0.05554
75 0.05554
76 0.05554
77 0.05554
78 0.06228
79 0.06228
80 0.06228
81 0.06228
82 0.06228
83 0.06228
84 0.06228
85 0.06228
86 0.06228
87 0.06228
88 0.06228
89 0.06228
90 0.06228
91 0.06228
92 0.06228
93 0.06228
94 0.06228
95 0.06228
96 0.05554
97 0.05554
98 0.05554
99 0.05554
100 0.05554
101 0.05554
102 0.06228
103 0.06228
104 0.06228
105 0.06228
106 0.06228
107 0.06228
108 0.06525
109 0.06525
110 0.06525
111 0.06525
112 0.06525
113 0.06525
114 0.06525
115 0.06525
116 0.06525
117 0.06525
118 0.06525
119 0.06525
120 0.06525
121 0.06525
122 0.06525
123 0.06525
124 0.06525
125 0.06525
126 0.06525
127 0.06525
128 0.06525
129 0.06525
130 0.06525
131 0.06525
132 0.06525
133 0.06525
134 0.06525
135 0.06525
136 0.06525
137 0.06525
138 0.06525
139 0.06525
140 0.06525
141 0.06525
142 0.06525
143 0.06525
144 0.05554
145 0.05554
146 0.05554
147 0.05554
148 0.05554
149 0.05554
150 0.05554
151 0.05554
152 0.05554
153 0.05554
154 0.05554
155 0.05554
156 0.05554
157 0.05554
158 0.05554
159 0.05554
160 0.05554
161 0.05554
162 0.05239
163 0.05239
164 0.05239
165 0.05239
166 0.05239
167 0.05239
168 0.05196
169 0.05196
170 0.05196
171 0.05196
172 0.05196
173 0.05196
174 0.05196
175 0.05196
176 0.05196
177 0.05196
178 0.05196
179 0.05196
180 0.05196
181 0.05196
182 0.05196
183 0.05196
184 0.05196
185 0.05196
186 0.05196
187 0.05196
188 0.05196
189 0.05196
190 0.05196
191 0.05196
192 0.05196
193 0.05196
194 0.05196
195 0.05196
196 0.05196
197 0.05196
198 0.05134
199 0.05134
200 0.05134
201 0.05134
202 0.05134
203 0.05134
204 0.05554
205 0.05554
206 0.05554
207 0.05554
208 0.05554
209 0.05554
210 0.06525
211 0.06525
212 0.06525
213 0.06525
214 0.06525
215 0.06525
216 0.06525
217 0.06525
218 0.06525
219 0.06525
220 0.06525
221 0.06525
222 0.06525
223 0.06525
224 0.06525
225 0.06525
226 0.06525
227 0.06525
228 0.06525
229 0.06525
230 0.06525
231 0.06525
232 0.06525
233 0.06525
234 0.06525
235 0.06525
236 0.06525
237 0.06525
238 0.06525
239 0.06525
240 0.04432
241 0.04432
242 0.04432
243 0.04432
244 0.04432
245 0.04432
246 0.04432
247 0.04432
248 0.04432
249 0.04432
250 0.04432
251 0.04432
252 0.04432
253 0.04432
254 0.04432
255 0.04432
256 0.04432
257 0.04432
258 0.03461
259 0.03461
260 0.03461
261 0.03461
262 0.03461
263 0.03461
264 0.03461
265 0.03461
266 0.03461
267 0.03461
268 0.03461
269 0.03461
270 0.03103
271 0.03103
272 0.03103
273 0.03103
274 0.03103
275 0.03103
276 0.04432
277 0.04432
278 0.04432
279 0.04432
280 0.04432
281 0.04432
282 0.04432
283 0.04432
284 0.04432
285 0.04432
286 0.04432
287 0.04432
