5
3
50
0 120 0.1 0.1
2473 2447 2511
1 190 0.1 0.0
2530 2389 2542
2 150 0.1 0.1
2540 2498 2488
3 170 0.1 0.1
2520 2488 2539
4 130 0.0 0.1
2499 2444 2446
5 190 0.1 0.0
2576 2426 2629
6 190 0.1 0.0
2464 2600 2453
7 190 0.1 0.0
2462 2508 2489
8 130 0.0 0.1
2478 2524 2514
9 190 0.1 0.0
2495 2453 2556
10 130 0.0 0.1
2474 2517 2454
11 190 0.1 0.0
2580 2476 2403
12 170 0.1 0.1
2451 2510 2526
13 170 0.1 0.1
2482 2550 2458
14 190 0.1 0.0
2428 2494 2582
15 130 0.0 0.1
2439 2531 2525
16 120 0.1 0.1
2507 2455 2603
17 130 0.0 0.1
2475 2579 2468
18 130 0.0 0.1
2526 2547 2467
19 130 0.0 0.1
2442 2551 2501
20 120 0.1 0.1
2550 2516 2380
21 130 0.0 0.1
2459 2439 2532
22 190 0.1 0.0
2504 2561 2535
23 120 0.1 0.1
2453 2575 2466
24 170 0.1 0.1
2503 2359 2522
25 120 0.1 0.1
2526 2473 2424
26 130 0.0 0.1
2466 2524 2527
27 190 0.1 0.0
2470 2501 2549
28 130 0.0 0.1
2598 2427 2536
29 120 0.1 0.1
2575 2477 2435
30 150 0.1 0.1
2474 2463 2480
31 170 0.1 0.1
2506 2599 2334
32 150 0.1 0.1
2471 2474 2481
33 120 0.1 0.1
2461 2488 2489
34 190 0.1 0.0
2540 2619 2505
35 120 0.1 0.1
2497 2506 2457
36 170 0.1 0.1
2511 2509 2467
37 120 0.1 0.1
2505 2550 2575
38 190 0.1 0.0
2434 2557 2591
39 120 0.1 0.1
2485 2543 2471
40 130 0.0 0.1
2491 2429 2461
41 120 0.1 0.1
2582 2532 2487
42 120 0.1 0.1
2502 2484 2490
43 150 0.1 0.1
2433 2545 2530
44 120 0.1 0.1
2541 2420 2414
45 170 0.1 0.1
2483 2420 2573
46 150 0.1 0.1
2402 2434 2603
47 170 0.1 0.1
2482 2501 2483
48 190 0.1 0.0
2456 2537 2600
49 130 0.0 0.1
2431 2540 2439
1000
0 21 6 244 197.81
625 128 120
1 47 132 279 12.30
39 7 8
2 98 8 259 34.06
61 70 275
3 11 155 238 25.93
81 17 22
4 48 2 281 360.89
1142 236 203
5 30 2 47 315.92
505 1651 1474
6 107 56 276 256.33
825 125 111
7 18 62 281 16.10
27 29 149
8 53 13 195 70.48
181 226 64
9 120 32 285 14.45
23 23 147
10 30 48 171 6.94
12 11 64
11 2 0 225 129.63
213 205 1273
12 135 0 281 368.84
1158 267 233
13 158 59 279 196.75
278 1596 322
14 9 101 254 434.24
1237 890 295
15 71 0 249 610.73
1792 1032 379
16 29 8 200 63.16
94 327 348
17 30 164 285 367.30
959 1128 298
18 22 74 284 72.84
113 128 743
19 57 15 122 142.23
429 196 73
20 175 50 269 528.50
1687 279 295
21 57 22 202 9.43
15 17 93
22 72 4 153 433.24
1380 223 271
23 39 1 282 13.57
18 119 17
24 111 2 135 130.20
224 244 1151
25 100 100 245 61.55
116 95 504
26 159 14 257 52.00
164 34 33
27 19 33 288 35.83
55 74 353
28 34 112 287 486.80
942 2073 1831
29 71 64 268 189.09
280 1525 233
30 40 17 270 98.82
166 677 164
31 60 2 113 72.44
108 383 386
32 70 2 179 165.04
256 1099 470
33 18 19 273 293.06
585 1718 272
34 18 123 240 12.79
24 18 108
35 44 44 215 331.55
1052 200 192
36 4 0 249 23.30
35 186 28
37 48 148 286 124.08
186 690 603
38 42 61 204 241.72
727 331 142
39 21 115 240 61.47
90 497 81
40 39 192 283 92.47
294 52 55
41 132 25 232 2.36
4 16 4
42 34 211 288 28.59
91 17 15
43 52 12 277 38.85
55 307 75
44 29 126 279 154.34
251 222 1567
45 7 1 57 328.35
1043 190 194
46 85 137 265 151.49
245 277 1459
47 72 50 187 539.77
1492 1229 502
48 48 5 154 172.07
294 602 1116
49 113 36 249 150.01
464 147 86
50 45 29 281 36.42
60 62 350
51 102 2 153 215.39
690 117 98
52 55 107 233 213.87
372 553 1634
53 12 1 170 597.08
1712 1207 353
54 14 176 234 139.40
215 1066 199
55 62 22 242 10.47
15 20 113
56 6 1 239 344.19
1087 243 182
57 101 59 288 230.83
341 921 1701
58 58 199 287 174.87
241 1329 463
59 11 11 226 310.43
554 1371 1421
60 61 85 169 366.31
570 1761 2048
61 21 25 161 7.87
12 45 35
62 140 69 279 54.82
94 96 497
63 96 7 258 36.61
56 285 48
64 85 5 266 70.97
225 47 36
65 124 5 226 8.95
16 16 76
66 174 81 288 21.42
39 39 176
67 5 137 287 484.10
1020 1623 1896
68 47 2 288 329.89
1049 201 172
69 5 0 263 120.91
202 222 1118
70 51 0 180 605.48
1746 1165 377
71 81 137 287 185.63
282 709 1361
72 73 4 138 167.27
536 91 75
73 87 77 218 187.87
593 135 98
74 152 17 237 100.49
162 168 995
75 32 2 273 25.30
80 15 17
76 18 86 288 48.64
59 447 69
77 56 60 287 121.42
379 100 74
78 51 37 268 110.28
157 892 176
79 51 6 144 90.38
283 71 54
80 145 59 227 504.04
1620 238 246
81 46 10 143 54.08
86 107 519
82 26 3 157 13.95
25 27 115
83 134 133 287 9.37
18 16 72
84 54 5 170 641.67
1510 2006 1625
85 23 163 287 306.15
884 536 262
86 2 205 220 676.04
1590 1981 1917
87 17 52 272 188.42
271 471 1861
88 42 11 248 4.75
15 3 3
89 34 107 271 525.67
1625 513 311
90 43 6 283 44.19
62 370 58
91 43 80 235 17.07
30 27 154
92 166 19 246 9.50
17 16 82
93 21 91 273 39.59
125 26 24
94 2 0 233 7.22
23 4 4
95 40 59 209 6.52
11 9 64
96 163 85 275 307.96
902 532 185
97 20 137 288 257.93
823 147 130
98 19 90 271 46.11
76 327 70
99 40 81 267 518.98
1468 1132 323
100 57 159 263 144.29
231 268 1400
101 62 20 266 76.16
243 39 45
102 81 86 192 35.54
67 54 292
103 7 0 113 167.95
262 351 1619
104 77 89 287 522.99
1671 274 284
105 49 2 235 136.23
413 154 106
106 30 72 232 267.40
790 380 236
107 8 56 285 35.89
50 307 40
108 94 15 155 17.58
55 13 12
109 12 7 269 114.10
365 55 66
110 27 2 253 697.17
1870 1714 858
111 107 49 288 115.01
170 778 368
112 21 0 242 89.09
279 64 62
113 11 1 134 11.73
21 20 101
114 49 23 208 221.08
389 729 1422
115 17 186 288 141.47
240 254 1291
116 11 84 285 48.66
83 336 68
117 40 70 287 172.68
224 1527 233
118 7 64 288 483.04
942 1825 2114
119 33 29 227 90.70
286 66 48
120 6 3 40 304.18
835 755 230
121 26 43 267 364.94
1162 226 174
122 65 52 177 41.32
57 354 49
123 77 168 287 39.92
127 22 24
124 4 81 179 714.24
1869 2061 749
125 82 109 280 64.15
205 32 37
126 11 2 187 167.34
465 374 149
127 166 2 175 268.12
852 152 161
128 4 0 286 261.73
842 127 117
129 81 7 267 169.45
542 88 89
130 15 239 287 250.37
741 383 171
131 66 102 243 8.80
14 15 88
132 55 2 280 20.51
32 36 208
133 25 96 231 10.38
20 16 82
134 132 0 269 11.52
37 6 5
135 23 8 85 138.62
258 209 1165
136 8 0 160 5.42
8 9 59
137 64 142 265 410.16
1088 1133 403
138 99 63 288 199.73
262 1723 314
139 51 96 261 125.45
175 771 591
140 104 47 288 143.62
214 824 669
141 6 257 287 285.89
773 730 268
142 44 56 104 331.51
1069 156 138
143 23 185 288 382.03
1221 202 202
144 141 0 221 340.21
753 1598 393
145 45 0 216 462.49
1470 263 274
146 15 88 170 463.36
1194 1482 398
147 87 9 268 6.98
11 13 69
148 21 124 230 45.26
85 69 374
149 16 63 240 80.15
105 690 129
150 41 24 280 485.68
1300 1328 416
151 194 57 287 25.62
39 198 37
152 11 1 266 175.46
339 307 1324
153 31 24 175 6.37
12 10 52
154 12 1 152 154.68
270 300 1325
155 48 120 288 200.81
321 784 1335
156 157 4 258 41.42
132 23 23
157 5 217 288 368.48
1177 206 183
158 22 4 168 141.13
229 230 1396
159 105 120 245 249.74
789 149 171
160 12 104 280 217.67
340 1133 1078
161 12 83 287 463.61
1284 1078 380
162 57 5 288 105.64
338 56 53
163 109 31 280 346.68
594 1581 1685
164 77 7 253 210.22
669 128 106
165 33 0 148 103.88
161 217 1009
166 116 77 263 191.90
618 84 95
167 17 262 288 95.97
180 182 741
168 13 4 232 405.09
1258 323 308
169 37 133 281 39.82
52 343 65
170 8 0 207 113.44
195 176 1059
171 68 42 286 221.80
468 1111 313
172 18 108 288 75.71
114 176 732
173 11 160 277 62.88
117 98 524
174 37 36 265 138.81
244 262 1188
175 17 151 286 52.02
70 443 78
176 139 102 288 187.79
327 1061 569
177 42 213 287 537.49
1681 445 301
178 73 3 231 437.59
780 1973 1949
179 60 2 230 276.96
469 1135 1577
180 14 20 190 560.76
1282 2058 1226
181 26 251 286 490.01
1557 281 290
182 47 86 277 149.59
247 243 1451
183 73 102 261 178.52
571 94 92
184 47 103 286 212.73
679 115 115
185 75 3 97 133.66
191 1094 189
186 9 74 232 209.65
661 147 120
187 52 123 215 33.15
106 19 15
188 4 33 287 499.25
1527 537 335
189 54 16 284 5.23
17 2 2
190 56 0 224 189.33
379 1078 216
191 86 111 275 57.80
97 409 77
192 11 64 247 530.86
1075 1893 2214
193 78 14 259 91.18
154 143 868
194 5 2 206 22.90
42 33 199
195 47 4 201 159.07
280 242 1446
196 92 121 288 310.77
548 1239 1669
197 32 133 259 271.56
447 1181 1534
198 26 218 287 6.82
22 3 3
199 74 15 279 35.07
111 20 24
200 76 0 237 1.88
6 1 1
201 128 2 223 38.55
52 327 59
202 36 82 193 431.53
1360 294 264
203 22 120 244 372.96
783 1530 1061
204 15 0 125 122.24
218 219 1042
205 60 141 254 443.82
937 1900 1107
206 42 70 283 338.79
986 607 215
207 60 8 288 154.42
488 98 96
208 78 4 216 12.64
22 23 111
209 148 0 248 395.18
1248 241 266
210 7 1 207 7.53
13 13 68
211 22 150 284 189.79
334 476 1445
212 10 11 283 177.11
285 509 1438
213 134 11 236 179.30
300 789 965
214 82 49 229 53.32
77 433 75
215 79 123 288 120.72
213 201 1068
216 38 99 271 26.08
40 196 44
217 7 107 146 190.87
601 129 122
218 48 37 160 787.90
1825 2450 2219
219 50 3 202 6.29
20 4 3
220 164 28 288 402.77
1297 181 193
221 1 15 149 573.57
1767 627 281
222 61 1 84 12.37
23 20 102
223 83 6 201 266.14
845 146 172
224 6 134 264 62.80
89 502 112
225 55 21 255 152.10
489 72 73
226 80 142 287 177.15
561 99 122
227 99 115 288 4.79
8 7 47
228 16 135 274 27.05
42 46 278
229 101 74 281 36.99
117 23 23
230 14 19 194 350.84
617 1466 1795
231 27 39 254 158.79
269 265 1482
232 77 1 158 225.73
395 757 1448
233 205 66 288 100.02
141 804 177
234 9 269 287 610.31
1671 1552 436
235 110 24 238 258.88
779 342 168
236 30 112 216 80.08
130 569 134
237 134 81 287 5.25
8 9 55
238 18 4 164 7.79
10 53 35
239 138 57 276 1.29
4 1 1
240 76 175 288 256.98
454 764 1765
241 5 158 256 154.40
224 1051 514
242 19 179 268 553.17
1307 2014 937
243 57 36 230 127.77
221 195 1188
244 98 118 274 289.90
817 632 202
245 65 46 250 36.30
57 70 356
246 15 24 228 612.61
1577 1867 676
247 3 167 250 65.08
104 100 664
248 158 14 287 134.02
424 79 89
249 61 39 183 156.72
236 653 1082
250 88 5 233 117.98
220 207 945
251 32 47 272 5.28
9 10 47
252 19 112 287 551.48
1146 2262 1652
253 7 42 267 219.25
333 1370 809
254 4 91 283 137.63
442 62 74
255 33 143 278 21.14
40 38 164
256 57 5 252 131.06
214 249 1234
257 7 1 131 126.11
179 1066 136
258 18 268 288 302.56
466 1596 1513
259 178 37 264 57.90
88 86 627
260 43 137 271 384.65
1224 208 234
261 6 158 280 155.23
496 86 77
262 27 74 201 71.05
109 151 694
263 43 188 286 117.43
171 953 156
264 74 2 122 174.22
219 1568 243
265 70 63 264 106.86
160 570 557
266 5 1 255 806.83
1932 2405 1986
267 126 52 196 219.61
486 1017 276
268 57 9 267 121.88
216 812 158
269 9 220 278 227.27
323 1576 760
270 2 0 169 12.58
21 20 121
271 174 42 272 146.85
246 309 1294
272 113 98 279 185.99
415 878 185
273 68 0 288 895.99
2355 1806 2036
274 19 2 162 95.49
152 165 951
275 67 39 277 22.41
71 14 13
276 21 71 283 52.08
81 386 88
277 93 107 274 528.05
1650 422 329
278 176 15 267 152.25
411 383 156
279 62 30 155 254.36
820 120 107
280 40 223 271 34.06
54 254 48
281 25 2 187 688.68
1932 1494 553
282 60 1 216 65.33
209 38 28
283 93 49 240 68.92
102 554 88
284 41 16 276 171.43
313 1094 230
285 10 20 188 109.08
280 347 104
286 8 63 218 40.03
127 23 25
287 87 18 223 378.10
733 1528 1536
288 43 135 288 138.70
223 237 1370
289 64 79 283 24.71
41 45 231
290 57 22 147 47.31
84 68 431
291 119 34 198 166.09
404 629 164
292 17 261 288 13.19
42 7 8
293 64 79 244 49.86
160 25 24
294 5 241 287 336.81
524 1701 1761
295 123 70 287 29.29
51 192 49
296 58 128 284 79.91
130 201 682
297 14 30 202 122.43
389 70 73
298 109 67 227 333.98
438 1971 1891
299 81 60 274 146.60
255 305 1231
300 13 6 246 267.89
407 1191 1712
301 134 5 202 26.48
44 51 243
302 35 34 288 163.22
239 1319 216
303 28 35 119 20.28
28 167 34
304 43 95 274 138.47
185 1200 186
305 16 12 288 241.60
740 267 144
306 10 53 182 792.19
1869 2287 2257
307 141 21 231 3.97
12 4 4
308 51 61 288 231.66
729 152 158
309 21 18 157 236.28
487 1255 307
310 44 119 287 139.10
206 996 360
311 145 5 282 39.44
65 285 52
312 54 3 204 173.69
552 101 100
313 111 43 239 306.34
951 235 249
314 88 51 279 91.94
295 43 49
315 75 178 287 84.07
265 56 53
316 152 45 223 139.91
233 980 214
317 5 204 288 47.08
69 375 70
318 49 224 287 99.22
317 48 60
319 98 94 274 298.80
512 1028 1954
320 144 47 272 67.55
93 561 108
321 41 46 228 104.07
151 680 389
322 21 144 222 139.34
434 117 88
323 7 1 261 366.14
824 1699 359
324 93 59 250 59.32
106 89 530
325 40 70 196 126.42
191 395 1066
326 9 121 262 202.14
646 113 98
327 84 135 287 400.22
1279 212 212
328 122 16 279 368.44
1175 204 199
329 47 232 287 167.36
249 675 1210
330 77 48 283 170.00
542 98 87
331 173 8 285 81.22
141 119 759
332 6 66 144 111.67
152 962 139
333 9 114 287 140.64
238 555 834
334 103 19 161 258.03
389 1122 1708
335 25 7 127 51.28
82 348 119
336 106 1 245 288.13
915 172 164
337 57 52 223 384.46
584 1953 2092
338 60 12 158 182.30
579 99 118
339 45 85 260 17.81
25 150 22
340 19 141 242 540.15
1329 1903 641
341 29 37 260 150.84
197 1316 221
342 8 0 230 281.46
472 1608 953
343 67 97 265 232.50
371 1176 1148
344 135 64 254 617.08
1678 1585 498
345 47 173 287 263.65
515 1554 311
346 71 130 283 109.29
194 221 900
347 14 12 85 370.09
590 1902 1786
348 14 17 258 156.03
245 274 1571
349 31 27 288 129.23
405 84 101
350 120 92 253 112.41
206 213 902
351 9 147 250 699.78
2071 1122 401
352 9 42 195 276.90
644 1206 244
353 15 3 225 7.70
25 3 3
354 46 70 258 13.02
18 107 22
355 85 141 288 415.75
1334 196 219
356 133 3 236 56.15
177 33 42
357 21 93 232 299.69
651 1476 330
358 1 40 221 111.35
168 865 165
359 61 94 254 107.81
190 475 512
360 133 127 288 434.70
1027 1558 774
361 78 3 199 1.62
3 3 13
362 33 30 283 374.09
964 1166 367
363 68 1 198 78.86
243 81 46
364 27 141 207 527.48
1639 487 295
365 99 67 227 181.79
586 75 93
366 96 110 287 114.16
361 72 70
367 93 43 261 44.97
67 85 469
368 158 57 280 17.54
29 29 169
369 41 127 245 22.64
37 157 42
370 31 73 220 206.88
654 140 114
371 15 242 279 21.36
33 36 221
372 69 11 196 531.49
1163 1979 1484
373 148 2 249 382.54
710 1726 1505
374 78 19 147 5.40
8 8 60
375 64 20 135 321.00
1013 222 182
376 57 97 281 49.70
74 389 76
377 38 89 216 40.30
68 70 374
378 55 6 256 221.17
640 403 156
379 37 2 85 311.11
427 1659 1894
380 48 48 241 6.37
11 14 53
381 37 81 228 428.90
1042 1595 476
382 61 36 135 434.99
899 2044 948
383 76 18 275 214.56
681 122 134
384 5 101 252 117.90
156 1017 176
385 82 0 85 222.50
325 994 1506
386 43 1 56 43.74
76 161 263
387 113 15 287 155.10
263 308 1372
388 61 1 285 86.41
134 139 901
389 16 89 157 331.83
848 1057 341
390 23 0 161 305.68
981 158 139
391 10 0 243 841.25
2068 2374 1896
392 62 150 287 150.12
261 1024 194
393 180 52 242 473.36
1405 676 367
394 18 112 271 10.40
19 15 91
395 95 21 287 18.08
33 27 157
396 114 117 287 119.65
380 68 73
397 8 68 273 227.39
423 1446 258
398 20 5 41 17.18
28 28 169
399 160 0 279 3.17
10 2 2
400 58 10 187 215.09
306 1565 607
401 3 34 90 4.94
16 2 2
402 14 73 180 22.79
30 200 30
403 29 144 288 82.17
151 120 710
404 33 236 288 328.39
1043 180 210
405 26 7 97 26.42
43 46 256
406 58 30 111 154.19
281 259 1298
407 36 41 118 107.87
164 200 1108
408 7 164 287 283.78
547 1402 792
409 41 46 288 264.36
376 1380 1562
410 30 157 237 352.80
553 1647 2018
411 141 1 266 113.68
362 65 62
412 87 58 213 146.51
231 237 1499
413 22 88 214 8.74
14 64 13
414 52 216 288 42.06
66 307 74
415 66 34 138 9.28
30 4 4
416 42 0 240 284.18
497 1227 1414
417 96 4 237 127.33
233 234 1035
418 87 9 188 149.02
219 1186 219
419 65 3 206 474.05
884 2223 1710
420 53 129 272 39.71
126 22 26
421 13 110 274 219.12
391 554 1624
422 84 63 262 170.48
263 1203 394
423 90 39 221 379.88
933 1376 406
424 51 68 235 163.12
255 1250 205
425 62 17 237 31.21
100 15 17
426 128 0 185 337.36
1065 207 228
427 75 73 272 17.56
30 24 170
428 38 8 219 127.81
404 79 82
429 76 30 253 10.28
17 17 99
430 44 0 121 198.72
313 1233 668
431 20 8 44 603.09
1737 1108 469
432 74 3 170 311.78
1003 147 146
433 68 120 287 9.01
16 13 82
434 78 134 288 294.50
922 212 206
435 33 24 122 253.41
803 159 145
436 27 19 274 370.55
736 1870 823
437 34 15 263 375.32
992 1066 350
438 74 63 265 166.11
310 1050 191
439 1 120 288 6.63
21 4 4
440 52 197 288 581.72
1513 1643 728
441 85 55 204 86.16
275 47 46
442 62 71 205 117.43
180 205 1215
443 56 72 272 1.58
3 3 12
444 12 53 287 86.33
274 53 48
445 30 83 226 384.05
1199 292 269
446 13 116 268 96.94
156 132 1007
447 48 8 223 71.64
122 145 626
448 4 52 287 260.55
400 1001 1872
449 21 120 287 55.31
84 83 598
450 88 75 187 260.33
407 1315 1347
451 48 22 283 159.40
509 76 100
452 98 48 283 7.32
11 57 11
453 8 0 75 189.58
430 862 189
454 16 64 272 229.61
417 1377 456
455 125 17 270 168.84
538 93 95
456 85 145 287 314.69
490 1665 1529
457 24 55 158 20.95
35 39 193
458 101 6 276 24.92
38 195 32
459 96 22 239 179.70
385 914 192
460 55 136 262 108.80
201 182 898
461 89 124 254 220.89
698 142 135
462 15 0 154 123.07
198 784 354
463 53 72 266 36.15
63 63 321
464 15 60 118 132.48
222 242 1222
465 15 134 288 44.71
64 359 73
466 1 76 288 579.63
1279 1826 2042
467 15 0 196 377.20
617 1963 1674
468 78 87 259 8.50
26 7 9
469 67 22 253 412.65
1226 593 306
470 126 1 169 413.09
1211 694 270
471 75 32 248 6.04
12 10 44
472 43 58 288 114.29
366 52 68
473 5 118 288 372.81
1054 785 278
474 4 53 267 10.09
18 14 92
475 37 23 238 116.59
191 715 353
476 16 94 187 306.29
839 755 252
477 10 9 179 432.55
1381 248 210
478 42 158 257 91.96
295 46 45
479 108 112 275 49.32
73 379 89
480 30 81 285 667.45
1713 2048 752
481 61 30 178 154.19
269 297 1325
482 50 6 154 155.04
496 83 77
483 61 82 275 38.19
121 22 25
484 35 188 286 444.60
1377 395 303
485 66 141 240 202.41
341 382 1836
486 67 12 175 131.84
214 200 1326
487 107 9 288 7.36
14 11 60
488 38 190 285 290.15
481 1108 1846
489 2 172 256 50.14
160 30 23
490 80 76 213 171.58
541 109 115
491 1 271 288 443.65
1401 264 309
492 145 21 252 62.10
117 101 501
493 57 27 228 147.27
470 81 78
494 100 16 288 86.18
270 62 59
495 48 148 229 343.75
1101 164 192
496 20 18 265 30.41
54 53 263
497 49 126 284 549.87
1609 924 380
498 15 169 288 494.92
996 1748 2133
499 20 56 285 120.03
175 920 239
500 17 84 288 22.30
70 15 16
501 17 55 208 51.00
74 401 89
502 22 263 287 589.59
1680 1158 473
503 28 42 283 129.50
237 235 1057
504 2 56 231 125.75
217 203 1156
505 73 20 279 21.12
34 35 210
506 54 51 287 29.29
50 54 263
507 62 89 279 146.11
225 710 822
508 27 110 212 45.47
144 31 23
509 71 7 254 320.41
1010 188 240
510 118 50 251 24.50
35 203 31
511 4 128 288 458.25
1122 1532 706
512 5 41 270 36.68
55 116 310
513 58 14 282 22.05
70 13 13
514 37 141 205 308.93
961 246 224
515 82 1 107 99.14
157 198 953
516 128 0 148 301.36
519 1071 1901
517 35 223 288 148.49
224 1021 419
518 22 7 114 12.34
21 21 114
519 37 9 153 279.18
895 138 143
520 55 0 221 576.15
1639 1193 389
521 35 1 48 98.59
194 154 747
522 40 2 72 552.62
1687 642 322
523 29 28 174 18.27
29 136 26
524 28 4 271 229.48
713 199 148
525 28 82 287 38.53
64 66 366
526 89 10 141 17.96
28 27 189
527 42 6 159 84.43
267 53 52
528 97 41 288 380.66
1043 927 328
529 16 114 287 175.38
405 753 191
530 26 15 208 109.67
183 193 1028
531 16 248 288 71.05
131 109 603
532 37 109 162 302.45
962 175 170
533 11 8 192 4.35
8 8 35
534 37 2 75 218.21
696 133 99
535 4 1 202 12.18
20 21 117
536 45 46 190 207.92
416 1203 210
537 106 86 259 15.40
26 104 27
538 230 39 288 5.17
9 9 46
539 114 14 154 163.27
307 309 1256
540 87 1 124 24.54
37 189 39
541 33 91 168 216.97
696 102 116
542 44 1 173 550.25
1194 1996 1686
543 8 47 241 3.17
10 2 2
544 119 17 174 48.70
66 396 98
545 50 12 111 514.46
1361 1506 404
546 53 23 174 190.59
274 1308 636
547 9 55 101 82.80
265 42 44
548 22 94 237 722.28
1957 1686 886
549 15 10 45 51.11
160 36 37
550 46 24 245 137.04
432 98 76
551 71 196 288 33.07
57 55 302
552 24 47 287 10.64
33 8 9
553 51 109 266 27.03
86 15 16
554 31 256 288 29.52
92 21 24
555 2 0 261 587.63
1580 1517 588
556 4 152 269 36.93
58 268 67
557 47 13 285 39.17
57 320 49
558 7 122 218 16.92
54 10 8
559 123 62 264 242.55
543 1112 278
560 80 136 288 263.16
834 167 147
561 115 14 239 52.40
167 27 32
562 85 152 264 157.06
274 977 338
563 64 4 84 80.04
146 129 681
564 43 50 245 143.30
232 221 1440
565 68 84 288 418.26
1308 315 282
566 136 33 268 117.50
377 60 55
567 25 18 257 198.67
304 711 1513
568 17 82 288 44.74
84 82 349
569 48 126 288 507.92
1524 702 314
570 121 39 273 281.80
909 124 128
571 92 148 288 4.58
8 7 42
572 52 57 267 48.85
86 79 437
573 28 238 287 182.66
331 234 1660
574 76 8 279 210.01
337 1262 724
575 51 11 264 487.69
1236 1653 424
576 6 85 171 321.80
1002 278 194
577 56 64 180 25.36
41 50 239
578 37 84 249 136.76
213 807 539
579 51 114 247 480.11
1489 426 314
580 72 100 288 51.57
91 92 447
581 24 123 287 435.23
749 1967 2119
582 84 41 288 487.73
1491 555 287
583 67 5 204 324.29
444 1762 1933
584 72 127 259 29.61
40 247 51
585 67 0 87 458.67
907 1668 2017
586 53 35 286 81.88
219 232 59
587 6 209 267 32.01
56 53 287
588 38 29 246 180.80
313 638 1136
589 79 0 198 225.12
726 104 96
590 30 9 248 355.82
836 1478 362
591 32 4 223 436.43
1365 346 267
592 26 42 157 117.12
367 74 95
593 2 0 279 895.59
2299 2231 1781
594 118 22 179 303.00
468 1501 1652
595 29 41 118 15.24
21 130 19
596 95 107 262 47.82
152 28 27
597 68 5 220 849.23
2139 2262 1756
598 161 0 223 0.99
3 1 1
599 88 161 288 53.45
172 23 28
600 32 52 178 49.95
78 367 87
601 145 17 251 431.58
1377 238 230
602 11 99 288 246.39
472 1498 287
603 8 52 288 127.96
219 224 1163
604 106 1 121 7.24
11 11 78
605 15 9 85 21.08
66 15 15
606 30 108 276 19.84
31 36 199
607 31 152 282 33.55
55 76 296
608 140 13 201 518.28
1620 413 321
609 74 8 107 278.95
891 149 149
610 24 164 283 383.06
995 1149 388
611 41 137 277 260.06
547 1340 323
612 12 29 270 74.22
235 41 52
613 118 12 281 212.71
583 536 155
614 81 9 217 122.56
203 182 1210
615 93 40 288 85.29
132 158 860
616 18 3 258 164.76
247 762 1032
617 25 15 260 224.95
637 454 190
618 22 1 91 26.08
83 14 16
619 41 6 175 53.39
80 416 81
620 9 48 238 1.88
6 1 1
621 55 3 255 242.02
776 109 139
622 39 95 272 151.60
253 272 1413
623 109 0 229 643.33
1875 1103 464
624 25 188 288 654.41
1896 1204 428
625 56 119 275 20.13
31 154 29
626 55 19 195 15.17
29 21 125
627 26 6 284 2.30
5 5 12
628 76 98 252 9.90
16 15 100
629 14 38 286 368.14
1173 216 188
630 145 42 230 118.72
177 222 1241
631 59 54 197 79.11
125 165 752
632 93 60 214 108.34
344 66 60
633 111 6 195 159.57
289 296 1314
634 40 25 287 395.18
1095 957 263
635 6 20 222 240.58
772 113 127
636 46 57 273 192.34
621 87 80
637 11 52 179 64.72
97 353 325
638 30 7 175 527.29
1327 1794 514
639 35 37 140 48.72
76 333 123
640 46 22 278 5.95
8 50 10
641 57 79 191 77.87
137 240 526
642 59 69 271 442.55
816 2014 1753
643 133 9 288 131.32
387 205 95
644 8 98 262 120.41
201 214 1125
645 39 150 250 176.96
258 1264 491
646 131 96 287 25.77
83 11 13
647 30 59 277 40.81
130 22 24
648 25 45 201 7.77
13 14 72
649 11 1 278 518.09
1661 264 253
650 44 129 234 114.25
178 376 897
651 54 116 288 76.41
242 43 52
652 3 1 212 83.69
234 188 63
653 75 39 220 411.21
1240 515 291
654 87 137 281 129.84
278 645 163
655 50 62 287 2.43
4 17 4
656 16 44 201 432.84
1369 238 316
657 30 67 259 192.93
337 427 1572
658 123 48 284 99.35
315 62 56
659 19 15 287 203.65
638 137 154
660 50 12 288 291.42
928 156 175
661 34 112 191 105.21
162 446 690
662 120 56 213 453.52
1439 272 265
663 125 18 217 89.01
286 42 44
664 44 190 277 149.80
293 865 201
665 10 3 201 45.77
60 395 72
666 31 41 238 124.73
191 231 1272
667 69 115 259 370.95
1179 241 175
668 89 158 287 521.64
1595 550 370
669 54 19 263 140.01
208 841 600
670 145 74 278 18.89
60 11 11
671 6 5 264 276.50
397 1563 1428
672 86 4 117 31.23
45 250 50
673 11 43 232 43.53
71 75 422
674 3 1 146 755.30
1919 1783 1789
675 5 3 276 32.79
54 68 297
676 10 62 220 540.93
1661 538 383
677 78 168 288 317.71
485 1682 1610
678 76 76 275 7.09
11 12 73
679 126 11 285 234.04
746 125 136
680 115 6 182 309.46
970 223 208
681 18 68 213 450.21
1448 221 200
682 54 1 80 186.79
598 94 99
683 38 3 281 713.22
1941 1793 623
684 50 4 229 778.62
1862 2456 1731
685 52 2 87 356.18
539 1819 1938
686 160 29 282 50.94
80 384 71
687 32 104 181 272.83
425 1055 1907
688 58 56 174 23.55
39 164 39
689 91 25 288 643.40
1885 1068 448
690 19 146 279 87.87
280 50 47
691 85 86 275 333.79
1072 168 153
692 42 40 235 0.99
3 1 1
693 65 92 245 16.06
27 27 151
694 79 16 172 128.57
157 1015 425
695 68 172 287 455.27
951 1949 1207
696 58 16 188 748.74
1769 2470 1653
697 23 7 252 424.93
911 1651 1215
698 7 13 50 239.34
725 286 167
699 8 35 185 181.08
518 351 138
700 44 107 226 79.20
146 155 622
701 26 227 288 217.01
358 836 1382
702 55 1 246 118.23
373 79 72
703 24 191 288 55.73
81 85 626
704 9 0 229 126.99
189 936 282
705 32 5 256 15.17
24 27 151
706 34 141 271 457.89
1461 255 240
707 27 13 155 166.01
284 541 1134
708 87 163 274 79.66
252 51 47
709 61 7 77 116.12
200 209 1038
710 141 37 271 48.09
82 197 270
711 65 114 275 118.07
167 223 1294
712 18 261 287 138.32
444 65 72
713 31 0 57 337.80
493 1668 2051
714 13 17 283 146.81
244 219 1442
715 14 81 270 81.05
132 191 710
716 57 0 166 5.82
11 10 46
717 124 10 205 134.00
423 78 97
718 29 257 287 677.06
1937 1409 370
719 29 220 287 374.37
624 1737 1897
720 32 159 269 43.55
67 328 71
721 92 11 131 146.91
474 66 64
722 78 15 276 202.75
372 584 1324
723 49 19 279 24.75
39 43 249
724 23 182 287 249.76
430 922 1525
725 21 48 266 132.88
296 629 133
726 20 0 128 12.28
21 20 114
727 103 102 288 166.90
280 313 1525
728 93 10 116 401.89
1279 241 208
729 40 9 210 145.94
253 224 1351
730 44 159 245 98.29
314 50 56
731 59 88 274 40.49
59 319 68
732 74 0 119 406.61
1224 541 255
733 1 226 287 121.36
385 69 77
734 29 11 82 232.67
402 808 1487
735 81 54 288 93.59
164 123 885
736 59 5 233 77.63
126 147 737
737 61 10 246 114.10
165 941 137
738 25 221 287 395.34
1176 541 324
739 13 1 95 361.75
1161 171 188
740 14 137 204 336.36
538 1570 1849
741 74 118 285 202.26
353 509 1558
742 64 46 181 81.58
154 146 636
743 17 81 281 246.24
781 135 165
744 78 44 248 91.24
121 784 139
745 14 25 176 45.58
65 382 52
746 14 1 171 6.16
10 10 61
747 7 30 191 364.64
609 1820 1647
748 2 0 104 201.29
377 467 1430
749 59 80 214 67.25
98 127 717
750 35 119 287 33.89
57 56 320
751 173 24 256 31.57
53 58 290
752 78 85 287 117.56
198 189 1116
753 27 5 257 47.77
82 80 438
754 31 3 228 147.63
473 70 82
755 134 69 225 232.35
738 129 146
756 47 145 284 60.41
103 99 562
757 9 29 287 298.91
949 165 192
758 14 266 287 39.50
67 104 311
759 26 3 285 59.40
186 47 35
760 58 5 216 279.41
481 907 1893
761 16 57 222 85.93
146 128 822
762 8 57 279 134.21
227 200 1291
763 12 50 181 117.39
151 909 361
764 9 136 278 285.70
910 143 185
765 68 71 287 240.03
765 125 145
766 13 3 253 2.24
5 4 12
767 17 35 288 137.80
240 928 193
768 92 33 288 148.26
259 244 1334
769 73 13 235 72.84
198 188 58
770 33 26 251 81.81
135 595 101
771 3 4 57 32.18
48 45 359
772 14 66 174 217.98
365 696 1566
773 23 37 196 46.55
83 70 417
774 5 0 179 4.45
14 3 3
775 50 101 200 29.52
37 261 49
776 165 1 277 7.79
13 13 74
777 32 49 264 47.35
74 356 70
778 26 40 272 558.93
1622 1025 352
779 70 18 163 9.56
15 19 93
780 108 4 184 103.82
331 56 59
781 77 13 271 731.39
1892 1974 1125
782 4 0 20 50.33
86 89 457
783 61 16 287 527.74
1614 575 344
784 97 94 236 34.67
41 319 56
785 18 26 182 6.79
11 14 63
786 30 45 278 232.06
516 1073 277
787 63 12 270 7.60
14 14 61
788 37 12 167 361.33
764 1545 896
789 144 1 285 19.46
62 10 12
790 16 12 176 35.28
62 240 42
791 29 234 273 36.38
116 18 23
792 63 224 287 229.61
374 945 1405
793 88 20 288 58.94
99 413 84
794 57 83 271 549.54
1666 676 345
795 61 9 226 497.41
1013 2028 1653
796 63 14 114 98.65
159 213 905
797 31 166 281 362.91
616 1706 1728
798 28 162 288 381.54
1201 265 236
799 84 49 271 1.90
3 14 3
800 56 94 285 25.20
40 48 245
801 29 114 268 204.77
339 1462 286
802 26 1 239 206.25
647 134 157
803 10 65 277 289.75
905 217 205
804 35 86 248 520.42
1601 530 329
805 28 4 287 49.91
87 79 455
806 124 38 278 81.26
255 61 49
807 70 57 255 41.00
69 71 382
808 147 75 287 13.76
25 20 121
809 137 95 275 422.69
1234 721 296
810 74 85 277 15.76
29 27 130
811 210 19 284 187.24
313 853 966
812 15 32 283 11.90
38 6 7
813 59 6 90 15.68
22 133 18
814 76 69 271 47.23
152 20 25
815 29 141 283 113.02
184 182 1117
816 38 6 225 104.05
167 597 401
817 13 195 264 390.11
881 1803 372
818 139 130 287 113.40
358 74 70
819 257 6 266 127.37
405 66 84
820 25 8 281 149.25
290 257 1121
821 3 78 101 427.27
1366 224 226
822 112 15 279 121.93
384 82 78
823 25 82 278 30.39
95 22 22
824 121 92 287 5.93
19 3 3
825 36 98 239 483.26
1386 971 292
826 58 10 219 135.71
438 55 67
827 80 9 285 34.80
50 275 62
828 88 58 287 488.17
1460 668 345
829 81 7 146 1.29
4 1 1
830 98 170 288 139.34
245 257 1201
831 5 22 248 194.71
351 413 1537
832 16 2 287 24.63
45 35 216
833 28 122 288 74.45
236 50 37
834 26 3 238 51.91
71 428 91
835 23 7 171 79.32
249 57 51
836 21 51 139 71.22
124 291 383
837 21 57 173 40.20
63 301 60
838 23 0 220 82.38
138 140 776
839 23 143 172 186.18
587 129 109
840 100 3 273 7.96
11 65 14
841 44 89 250 26.15
41 197 37
842 15 116 287 135.41
292 695 122
843 228 3 283 99.07
319 47 44
844 24 110 280 14.50
21 119 18
845 147 43 261 171.39
271 494 1423
846 20 0 135 58.94
79 507 83
847 56 14 278 320.50
535 1376 1785
848 60 58 247 7.77
14 16 62
849 38 168 279 149.15
332 696 166
850 45 0 264 242.95
428 653 1781
851 91 123 282 7.68
24 6 5
852 28 60 273 254.07
601 1016 289
853 24 2 218 39.44
69 261 60
854 10 4 241 95.47
303 58 54
855 50 48 266 46.02
69 367 57
856 69 67 284 306.70
986 154 134
857 28 69 175 307.08
986 152 146
858 89 55 287 38.64
123 21 23
859 184 68 285 94.20
301 46 56
860 7 26 259 32.16
54 64 288
861 22 262 288 334.95
490 1919 1628
862 31 176 275 462.09
1404 542 308
863 6 144 231 221.49
653 322 194
864 273 13 288 20.26
64 12 14
865 11 55 287 308.49
977 187 190
866 28 124 194 143.70
458 86 70
867 20 226 287 179.89
275 961 896
868 51 52 248 423.68
997 1588 678
869 61 29 218 136.26
246 259 1118
870 15 0 41 15.76
25 23 164
871 2 94 282 748.91
2007 1966 747
872 10 23 60 586.13
1835 484 317
873 150 76 273 59.72
97 88 604
874 9 253 280 93.82
296 56 67
875 39 88 209 61.36
186 70 47
876 51 180 288 16.38
52 10 9
877 125 99 287 435.14
1322 545 239
878 5 42 159 441.16
883 1838 1515
879 123 51 281 154.44
227 783 896
880 205 81 288 204.71
640 143 156
881 3 175 287 207.07
657 123 123
882 31 63 119 273.42
419 999 2047
883 23 108 272 54.25
174 27 27
884 14 267 288 150.03
478 86 80
885 138 2 237 181.65
578 98 111
886 84 174 287 144.61
192 1271 176
887 23 132 287 358.46
726 1575 1049
888 14 35 281 272.78
868 169 134
889 70 47 244 155.67
287 231 1333
890 88 69 284 47.04
75 75 477
891 93 2 209 5.04
8 9 50
892 161 59 256 126.46
186 569 841
893 43 36 254 207.62
429 1093 277
894 7 1 173 383.91
1216 233 235
895 9 4 125 192.58
596 154 160
896 47 102 243 126.48
164 1112 181
897 93 28 287 12.64
21 23 118
898 9 18 264 102.62
143 689 397
899 25 5 282 164.70
270 379 1444
900 6 0 70 33.02
55 59 309
901 41 101 286 19.62
61 16 14
902 35 1 85 510.41
1559 546 362
903 37 46 220 75.82
110 617 101
904 163 26 272 93.67
168 173 784
905 76 62 288 323.32
697 1602 379
906 35 6 273 325.94
1046 152 173
907 74 59 173 212.10
592 481 160
908 18 151 238 37.52
59 60 386
909 39 0 201 311.59
563 1682 919
910 3 202 272 17.09
31 26 149
911 44 7 147 135.03
217 215 1358
912 49 2 261 372.13
1184 219 201
913 114 67 287 524.68
1125 1906 1698
914 11 175 257 53.05
69 456 90
915 12 49 288 41.80
134 19 24
916 15 62 193 15.59
27 23 146
917 95 74 247 203.08
273 1688 369
918 19 1 282 467.72
1353 801 410
919 61 42 288 86.22
143 142 829
920 68 135 284 129.12
410 73 80
921 127 9 250 211.17
367 647 1464
922 22 154 288 19.75
38 30 157
923 74 25 189 109.96
346 75 71
924 40 170 288 47.16
77 85 451
925 73 86 286 190.68
444 812 192
926 32 11 283 42.50
71 82 387
927 102 7 261 172.40
247 390 1771
928 143 48 288 10.34
33 6 5
929 21 21 130 260.48
690 736 238
930 4 2 277 37.62
64 65 346
931 42 21 288 233.79
506 1185 220
932 23 2 146 23.76
74 18 18
933 88 4 204 134.00
203 1002 251
934 61 8 249 332.95
877 966 301
935 21 99 288 112.24
356 67 67
936 4 0 157 623.44
1465 2108 1355
937 90 2 245 54.74
96 102 472
938 18 123 266 30.60
51 52 290
939 26 1 67 47.08
145 39 42
940 35 3 60 23.38
74 16 12
941 8 61 288 109.81
350 62 59
942 15 68 281 57.00
91 93 574
943 41 17 262 540.36
1553 991 446
944 146 30 193 6.84
11 48 13
945 29 1 173 217.48
650 308 141
946 13 203 288 218.21
376 1023 1004
947 30 7 62 275.51
881 128 169
948 51 96 283 85.93
275 46 42
949 31 54 283 4.64
8 32 6
950 34 0 242 350.55
573 1834 1544
951 84 11 138 25.17
38 199 32
952 11 58 251 578.26
1575 1483 452
953 49 186 287 520.18
1580 617 340
954 39 127 287 174.53
279 517 1407
955 141 53 241 95.57
306 53 43
956 6 187 287 68.39
219 35 35
957 96 10 273 514.72
1477 976 393
958 4 0 202 263.29
760 481 197
959 161 18 288 101.27
175 153 945
960 35 14 159 21.44
66 18 19
961 82 4 165 48.37
83 84 439
962 79 82 206 210.74
668 111 151
963 18 4 287 92.89
158 170 840
964 31 45 229 86.39
218 290 86
965 69 104 287 83.99
130 178 813
966 8 1 236 465.09
942 1808 1714
967 54 59 177 343.69
1084 211 239
968 44 67 288 84.15
228 222 65
969 94 44 237 49.25
158 22 28
970 58 89 281 41.85
68 83 391
971 105 7 275 53.24
167 37 37
972 24 1 110 233.35
665 478 157
973 46 7 130 322.31
1028 170 186
974 226 38 288 240.48
756 168 154
975 76 15 285 93.99
161 148 878
976 13 81 151 595.22
1229 2305 2043
977 9 10 269 149.46
241 799 656
978 87 2 288 485.75
1227 1689 387
979 198 24 287 137.04
435 82 79
980 20 59 199 577.48
1662 1072 441
981 88 64 275 25.70
82 14 14
982 26 187 286 84.58
145 406 380
983 9 7 172 84.01
119 697 112
984 66 155 280 83.90
267 48 47
985 11 17 238 597.21
1856 539 350
986 99 84 268 144.95
464 73 77
987 101 63 274 18.25
27 139 35
988 4 283 287 241.60
764 163 132
989 140 0 256 21.69
37 34 204
990 72 0 165 52.31
81 401 71
991 126 4 182 373.42
1180 260 198
992 190 60 287 172.78
547 104 109
993 20 3 216 103.02
156 746 230
994 40 55 225 4.75
15 3 3
995 48 123 234 14.16
21 111 22
996 24 42 264 131.34
234 210 1159
997 77 2 259 462.72
1237 1228 463
998 37 132 288 200.64
262 1634 469
999 13 190 287 701.49
1642 1939 2219
