288
0 0.04870
1 0.04870
2 0.04870
3 0.04870
4 0.04870
5 0.04870
6 0.04793
7 0.04793
8 0.04793
9 0.04793
10 0.04793
11 0.04793
12 0.04793
13 0.04793
14 0.04793
15 0.04793
16 0.04793
17 0.04793
18 0.04752
19 0.04752
20 0.04752
21 0.04752
22 0.04752
23 0.04752
24 0.04752
25 0.04752
26 0.04752
27 0.04752
28 0.04752
29 0.04752
30 0.04400
31 0.04400
32 0.04400
33 0.04400
34 0.04400
35 0.04400
36 0.04752
37 0.04752
38 0.04752
39 0.04752
40 0.04752
41 0.04752
42 0.04752
43 0.04752
44 0.04752
45 0.04752
46 0.04752
47 0.04752
48 0.04102
49 0.04102
50 0.04102
51 0.04102
52 0.04102
53 0.04102
54 0.04100
55 0.04100
56 0.04100
57 0.04100
58 0.04100
59 0.04100
60 0.03461
61 0.03461
62 0.03461
63 0.03461
64 0.03461
65 0.03461
66 0.03461
67 0.03461
68 0.03461
69 0.03461
70 0.03461
71 0.03461
72 0.03139
73 0.03139
74 0.03139
75 0.03139
76 0.03139
77 0.03139
78 0.04064
79 0.04064
80 0.04064
81 0.04064
82 0.04064
83 0.04064
84 0.04101
85 0.04101
86 0.04101
87 0.04101
88 0.04101
89 0.04101
90 0.04776
91 0.04776
92 0.04776
93 0.04776
94 0.04776
95 0.04776
96 0.04776
97 0.04776
98 0.04776
99 0.04776
100 0.04776
101 0.04776
102 0.04774
103 0.04774
104 0.04774
105 0.04774
106 0.04774
107 0.04774
108 0.03478
109 0.03478
110 0.03478
111 0.03478
112 0.03478
113 0.03478
114 0.04776
115 0.04776
116 0.04776
117 0.04776
118 0.04776
119 0.04776
120 0.04064
121 0.04064
122 0.04064
123 0.04064
124 0.04064
125 0.04064
126 0.04064
127 0.04064
128 0.04064
129 0.04064
130 0.04064
131 0.04064
132 0.04774
133 0.04774
134 0.04774
135 0.04774
136 0.04774
137 0.04774
138 0.04776
139 0.04776
140 0.04776
141 0.04776
142 0.04776
143 0.04776
144 0.04776
145 0.04776
146 0.04776
147 0.04776
148 0.04776
149 0.04776
150 0.04776
151 0.04776
152 0.04776
153 0.04776
154 0.04776
155 0.04776
156 0.04776
157 0.04776
158 0.04776
159 0.04776
160 0.04776
161 0.04776
162 0.04776
163 0.04776
164 0.04776
165 0.04776
166 0.04776
167 0.04776
168 0.04776
169 0.04776
170 0.04776
171 0.04776
172 0.04776
173 0.04776
174 0.04776
175 0.04776
176 0.04776
177 0.04776
178 0.04776
179 0.04776
180 0.04776
181 0.04776
182 0.04776
183 0.04776
184 0.04776
185 0.04776
186 0.04870
187 0.04870
188 0.04870
189 0.04870
190 0.04870
191 0.04870
192 0.04870
193 0.04870
194 0.04870
195 0.04870
196 0.04870
197 0.04870
198 0.04870
199 0.04870
200 0.04870
201 0.04870
202 0.04870
203 0.04870
204 0.04911
205 0.04911
206 0.04911
207 0.04911
208 0.04911
209 0.04911
210 0.27433
211 0.27433
212 0.27433
213 0.27433
214 0.27433
215 0.27433
216 0.27433
217 0.27433
218 0.27433
219 0.27433
220 0.27433
221 0.27433
222 0.05008
223 0.05008
224 0.05008
225 0.05008
226 0.05008
227 0.05008
228 0.04911
229 0.04911
230 0.04911
231 0.04911
232 0.04911
233 0.04911
234 0.04870
235 0.04870
236 0.04870
237 0.04870
238 0.04870
239 0.04870
240 0.04870
241 0.04870
242 0.04870
243 0.04870
244 0.04870
245 0.04870
246 0.04870
247 0.04870
248 0.04870
249 0.04870
250 0.04870
251 0.04870
252 0.04870
253 0.04870
254 0.04870
255 0.04870
256 0.04870
257 0.04870
258 0.04870
259 0.04870
260 0.04870
261 0.04870
262 0.04870
263 0.04870
264 0.04818
265 0.04818
266 0.04818
267 0.04818
268 0.04818
269 0.04818
270 0.04776
271 0.04776
272 0.04776
273 0.04776
274 0.04776
275 0.04776
276 0.04870
277 0.04870
278 0.04870
279 0.04870
280 0.04870
281 0.04870
282 0.04870
283 0.04870
284 0.04870
285 0.04870
286 0.04870
287 0.04870
