5
1
10
0 130 0.0 0.1
5576
1 150 0.1 0.1
5409
2 120 0.1 0.1
5348
3 150 0.1 0.1
5617
4 150 0.1 0.1
5531
5 120 0.1 0.1
5380
6 170 0.1 0.1
5423
7 190 0.1 0.0
5481
8 190 0.1 0.0
5572
9 120 0.1 0.1
5363
200
0 159 53 274 153.98
842
1 13 75 236 20.85
114
2 53 37 261 201.70
1103
3 53 34 288 61.08
334
4 51 5 86 296.43
1621
5 33 8 166 103.32
565
6 45 55 252 122.89
672
7 18 34 140 928.42
5077
8 51 9 69 262.97
1438
9 53 43 259 134.23
734
10 11 50 149 340.87
1864
11 55 90 276 155.26
849
12 18 34 288 179.39
981
13 144 29 288 4.57
25
14 92 122 287 552.81
3023
15 9 141 287 119.23
652
16 43 1 287 93.45
511
17 3 109 288 42.43
232
18 31 1 63 17.74
97
19 89 2 244 347.63
1901
20 73 4 210 218.89
1197
21 72 42 222 241.75
1322
22 2 12 82 302.28
1653
23 83 6 98 55.41
303
24 164 86 283 89.24
488
25 31 5 153 395.73
2164
26 77 23 156 83.21
455
27 24 3 161 81.93
448
28 247 37 287 74.79
409
29 6 8 283 145.20
794
30 62 156 261 131.67
720
31 6 101 176 141.36
773
32 39 3 229 104.42
571
33 9 12 245 410.54
2245
34 80 53 215 30.54
167
35 29 124 287 260.77
1426
36 86 34 274 360.62
1972
37 10 0 98 301.55
1649
38 55 41 287 288.57
1578
39 16 1 287 189.63
1037
40 46 5 252 177.75
972
41 22 13 179 115.57
632
42 16 1 129 127.64
698
43 6 0 117 139.71
764
44 72 115 279 165.50
905
45 84 11 255 246.32
1347
46 52 24 288 158.00
864
47 47 56 207 203.90
1115
48 13 8 187 123.07
673
49 146 79 281 201.89
1104
50 26 54 219 216.52
1184
51 40 17 253 188.90
1033
52 40 1 266 74.06
405
53 53 10 166 65.65
359
54 33 161 237 332.27
1817
55 29 28 197 50.65
277
56 29 1 94 145.93
798
57 45 56 148 117.77
644
58 43 42 244 21.21
116
59 66 8 148 40.96
224
60 2 147 277 317.83
1738
61 2 8 219 184.33
1008
62 44 1 198 18.10
99
63 5 22 175 114.29
625
64 6 22 273 263.15
1439
65 56 129 288 578.96
3166
66 69 35 263 180.49
987
67 82 133 287 135.87
743
68 12 73 288 12.62
69
69 2 83 160 270.65
1480
70 34 51 243 127.46
697
71 186 19 241 80.46
440
72 16 200 268 103.87
568
73 140 124 287 427.73
2339
74 67 131 288 141.17
772
75 108 41 215 22.13
121
76 59 0 262 655.95
3587
77 10 62 235 9.51
52
78 120 137 282 46.63
255
79 5 0 288 266.44
1457
80 6 85 287 111.92
612
81 20 1 123 267.90
1465
82 33 14 148 156.54
856
83 11 14 247 157.08
859
84 43 37 277 52.48
287
85 12 52 288 131.85
721
86 52 47 222 8.59
47
87 50 20 251 10.42
57
88 75 9 288 429.38
2348
89 65 37 186 135.69
742
90 44 30 278 130.93
716
91 2 153 283 17.19
94
92 6 0 109 338.67
1852
93 10 28 288 14.08
77
94 46 19 251 195.12
1067
95 9 22 267 362.63
1983
96 57 142 288 149.04
815
97 58 68 264 84.30
461
98 47 27 219 634.37
3469
99 57 211 287 128.56
703
100 177 49 280 122.16
668
101 52 5 287 205.36
1123
102 163 77 283 202.80
1109
103 48 156 231 89.79
491
104 40 22 213 106.25
581
105 78 1 265 271.38
1484
106 21 259 288 297.89
1629
107 9 0 225 4.02
22
108 86 168 288 313.80
1716
109 64 27 252 102.22
559
110 23 0 206 212.49
1162
111 68 104 246 373.78
2044
112 3 246 287 77.17
422
113 70 56 230 147.76
808
114 61 39 241 321.30
1757
115 81 26 234 5.30
29
116 25 62 186 38.95
213
117 29 76 201 329.35
1801
118 78 57 207 86.68
474
119 75 4 185 212.68
1163
120 126 32 288 468.14
2560
121 103 44 241 151.78
830
122 38 44 152 154.52
845
123 24 112 152 16.46
90
124 34 86 287 106.80
584
125 68 86 288 34.01
186
126 1 63 272 310.69
1699
127 44 0 287 156.17
854
128 39 89 274 60.90
333
129 109 160 287 214.69
1174
130 36 31 205 3.11
17
131 62 40 287 179.03
979
132 94 22 202 170.07
930
133 8 40 286 73.33
401
134 3 1 253 120.88
661
135 87 164 287 193.66
1059
136 171 3 288 41.88
229
137 67 29 130 24.87
136
138 23 2 219 11.52
63
139 51 8 261 139.16
761
140 27 0 264 283.26
1549
141 111 5 153 441.44
2414
142 13 0 237 360.80
1973
143 8 23 179 419.50
2294
144 2 3 239 133.31
729
145 17 75 192 153.24
838
146 3 0 75 202.25
1106
147 146 6 157 273.94
1498
148 9 60 190 234.25
1281
149 5 88 190 322.40
1763
150 10 31 288 100.21
548
151 3 11 160 207.92
1137
152 62 1 134 350.74
1918
153 103 73 277 12.44
68
154 87 24 224 339.04
1854
155 12 151 274 365.55
1999
156 55 161 287 140.26
767
157 97 73 224 73.70
403
158 18 85 156 198.05
1083
159 39 57 169 536.72
2935
160 73 9 103 218.89
1197
161 22 53 286 520.81
2848
162 113 75 287 115.39
631
163 29 91 217 303.38
1659
164 84 12 158 19.57
107
165 55 70 287 122.52
670
166 82 159 288 818.34
4475
167 6 69 288 470.89
2575
168 74 77 180 27.06
148
169 59 24 254 72.23
395
170 54 8 160 25.60
140
171 5 126 277 180.49
987
172 11 11 283 55.23
302
173 14 151 228 524.10
2866
174 99 44 284 17.92
98
175 65 2 267 8.05
44
176 11 125 288 461.93
2526
177 23 6 41 143.19
783
178 61 10 227 317.46
1736
179 53 16 265 200.06
1094
180 13 89 288 50.11
274
181 29 142 189 74.06
405
182 148 7 288 114.66
627
183 43 1 179 32.73
179
184 35 105 171 65.83
360
185 40 4 263 195.12
1067
186 16 154 233 23.41
128
187 114 22 200 91.62
501
188 17 86 240 169.88
929
189 9 4 108 361.53
1977
190 65 67 274 110.27
603
191 82 10 107 32.55
178
192 66 42 284 319.11
1745
193 77 30 229 480.03
2625
194 68 113 286 64.74
354
195 51 1 136 302.10
1652
196 35 3 122 215.42
1178
197 57 218 287 320.93
1755
198 25 10 56 205.36
1123
199 65 117 282 119.41
653
