5
3
5
0 190 0.1 0.0
2544 2608 2516
1 170 0.1 0.1
2378 2485 2485
2 130 0.0 0.1
2440 2526 2476
3 150 0.1 0.1
2482 2338 2401
4 150 0.1 0.1
2445 2521 2529
100
0 12 133 288 42.74
64 78 436
1 113 32 174 462.34
1040 2001 547
2 55 107 287 110.18
171 541 572
3 45 44 274 12.06
21 23 101
4 15 61 237 77.03
108 620 118
5 15 92 261 110.69
171 521 614
6 73 13 255 375.16
803 1701 614
7 26 47 243 398.53
1255 204 243
8 95 21 229 123.27
200 204 1181
9 21 90 259 166.58
488 245 118
10 2 57 242 186.12
302 1218 418
11 10 41 232 10.16
17 70 14
12 34 1 226 406.45
922 1677 550
13 12 73 272 126.83
395 85 78
14 32 128 287 537.32
1200 2023 1150
15 67 15 141 129.22
187 735 615
16 5 74 280 540.07
1176 2084 1291
17 6 255 281 306.31
966 172 154
18 15 18 204 21.58
28 185 32
19 48 25 281 48.08
69 382 70
20 35 102 288 63.96
103 110 612
21 98 67 288 628.35
1848 879 462
22 2 46 139 155.86
450 263 106
23 103 8 163 210.94
332 637 1661
24 8 95 265 308.85
977 163 150
25 23 188 284 217.01
675 151 131
26 60 40 287 604.57
1752 995 403
27 6 78 281 16.37
51 11 10
28 8 77 190 186.09
292 1277 399
29 18 123 271 3.01
6 5 21
30 30 28 203 91.80
284 64 66
31 96 2 148 100.91
166 281 780
32 7 44 123 21.41
27 189 29
33 54 5 93 526.99
1556 729 357
34 50 213 288 505.25
1234 1543 881
35 34 144 288 58.03
94 110 536
36 11 152 287 62.27
105 111 557
37 42 196 287 315.81
989 195 181
38 45 39 270 2.90
5 6 24
39 6 49 260 60.54
86 486 87
40 12 54 205 160.92
252 950 580
41 10 78 169 161.93
233 987 681
42 93 17 211 19.66
31 31 197
43 242 20 274 98.25
172 164 851
44 55 70 229 192.37
318 641 1318
45 87 1 256 19.51
34 34 168
46 65 77 222 159.62
237 1001 578
47 3 0 122 204.48
300 680 1669
48 124 123 264 58.81
101 99 522
49 62 185 255 140.09
442 72 79
50 39 143 257 345.10
516 1917 1595
51 72 65 236 76.02
121 233 584
52 48 37 186 39.20
66 66 357
53 30 57 287 229.58
692 258 146
54 45 31 217 142.84
209 1113 213
55 5 84 283 42.63
66 65 439
56 128 103 288 719.27
1921 1842 636
57 5 180 275 66.48
111 116 606
58 3 0 230 721.90
1968 1727 541
59 104 0 128 39.94
66 79 355
60 186 16 283 133.41
227 213 1216
61 77 51 257 9.46
16 63 15
62 11 33 258 202.92
346 539 1522
63 61 179 251 54.20
94 89 478
64 24 111 274 521.56
1237 1859 768
65 22 14 262 268.44
417 1334 1367
66 132 37 206 100.83
167 179 924
67 49 69 198 652.96
1732 1724 583
68 44 9 155 470.24
1467 307 284
69 53 0 109 141.97
213 1088 202
70 99 168 287 7.04
12 12 63
71 16 90 143 180.67
292 1211 371
72 71 143 269 455.58
846 2032 1700
73 51 111 287 71.90
96 602 109
74 56 104 288 212.22
665 127 125
75 37 82 287 95.73
167 146 854
76 7 169 261 262.37
427 1220 1326
77 219 1 271 295.85
929 178 159
78 11 64 179 6.34
10 9 65
79 17 43 286 12.38
20 22 117
80 78 12 119 710.20
1830 2021 792
81 35 0 83 127.11
193 630 681
82 27 96 237 299.54
942 169 168
83 8 146 287 16.05
50 10 11
84 100 30 213 19.58
35 33 164
85 23 162 288 446.67
1408 229 262
86 116 3 174 11.98
22 19 98
87 77 10 237 14.60
27 24 117
88 51 47 281 92.27
286 66 60
89 97 16 125 698.73
1884 1792 489
90 23 253 288 479.08
952 1943 1642
91 21 80 249 54.95
76 454 74
92 63 14 205 6.04
10 11 55
93 2 87 112 471.27
1453 367 316
94 2 56 217 52.75
82 395 69
95 41 39 280 207.10
619 241 156
96 61 9 256 647.39
1823 1303 447
97 124 59 262 71.82
120 110 677
98 56 0 251 291.11
915 156 179
99 5 63 272 97.71
165 155 901
