288
0 0.04629
1 0.04629
2 0.04629
3 0.04629
4 0.04629
5 0.04629
6 0.04504
7 0.04504
8 0.04504
9 0.04504
10 0.04504
11 0.04504
12 0.03659
13 0.03659
14 0.03659
15 0.03659
16 0.03659
17 0.03659
18 0.03418
19 0.03418
20 0.03418
21 0.03418
22 0.03418
23 0.03418
24 0.03659
25 0.03659
26 0.03659
27 0.03659
28 0.03659
29 0.03659
30 0.03418
31 0.03418
32 0.03418
33 0.03418
34 0.03418
35 0.03418
36 0.03418
37 0.03418
38 0.03418
39 0.03418
40 0.03418
41 0.03418
42 0.03418
43 0.03418
44 0.03418
45 0.03418
46 0.03418
47 0.03418
48 0.03418
49 0.03418
50 0.03418
51 0.03418
52 0.03418
53 0.03418
54 0.03408
55 0.03408
56 0.03408
57 0.03408
58 0.03408
59 0.03408
60 0.03408
61 0.03408
62 0.03408
63 0.03408
64 0.03408
65 0.03408
66 0.03408
67 0.03408
68 0.03408
69 0.03408
70 0.03408
71 0.03408
72 0.03764
73 0.03764
74 0.03764
75 0.03764
76 0.03764
77 0.03764
78 0.03764
79 0.03764
80 0.03764
81 0.03764
82 0.03764
83 0.03764
84 0.04117
85 0.04117
86 0.04117
87 0.04117
88 0.04117
89 0.04117
90 0.04117
91 0.04117
92 0.04117
93 0.04117
94 0.04117
95 0.04117
96 0.03764
97 0.03764
98 0.03764
99 0.03764
100 0.03764
101 0.03764
102 0.04595
103 0.04595
104 0.04595
105 0.04595
106 0.04595
107 0.04595
108 0.04635
109 0.04635
110 0.04635
111 0.04635
112 0.04635
113 0.04635
114 0.04810
115 0.04810
116 0.04810
117 0.04810
118 0.04810
119 0.04810
120 0.04810
121 0.04810
122 0.04810
123 0.04810
124 0.04810
125 0.04810
126 0.05007
127 0.05007
128 0.05007
129 0.05007
130 0.05007
131 0.05007
132 0.04810
133 0.04810
134 0.04810
135 0.04810
136 0.04810
137 0.04810
138 0.04810
139 0.04810
140 0.04810
141 0.04810
142 0.04810
143 0.04810
144 0.04840
145 0.04840
146 0.04840
147 0.04840
148 0.04840
149 0.04840
150 0.04840
151 0.04840
152 0.04840
153 0.04840
154 0.04840
155 0.04840
156 0.05060
157 0.05060
158 0.05060
159 0.05060
160 0.05060
161 0.05060
162 0.05021
163 0.05021
164 0.05021
165 0.05021
166 0.05021
167 0.05021
168 0.05003
169 0.05003
170 0.05003
171 0.05003
172 0.05003
173 0.05003
174 0.04948
175 0.04948
176 0.04948
177 0.04948
178 0.04948
179 0.04948
180 0.04840
181 0.04840
182 0.04840
183 0.04840
184 0.04840
185 0.04840
186 0.04928
187 0.04928
188 0.04928
189 0.04928
190 0.04928
191 0.04928
192 0.04810
193 0.04810
194 0.04810
195 0.04810
196 0.04810
197 0.04810
198 0.05079
199 0.05079
200 0.05079
201 0.05079
202 0.05079
203 0.05079
204 0.05281
205 0.05281
206 0.05281
207 0.05281
208 0.05281
209 0.05281
210 0.10640
211 0.10640
212 0.10640
213 0.10640
214 0.10640
215 0.10640
216 0.14555
217 0.14555
218 0.14555
219 0.14555
220 0.14555
221 0.14555
222 0.15065
223 0.15065
224 0.15065
225 0.15065
226 0.15065
227 0.15065
228 0.10640
229 0.10640
230 0.10640
231 0.10640
232 0.10640
233 0.10640
234 0.05690
235 0.05690
236 0.05690
237 0.05690
238 0.05690
239 0.05690
240 0.05882
241 0.05882
242 0.05882
243 0.05882
244 0.05882
245 0.05882
246 0.05882
247 0.05882
248 0.05882
249 0.05882
250 0.05882
251 0.05882
252 0.05281
253 0.05281
254 0.05281
255 0.05281
256 0.05281
257 0.05281
258 0.05020
259 0.05020
260 0.05020
261 0.05020
262 0.05020
263 0.05020
264 0.04810
265 0.04810
266 0.04810
267 0.04810
268 0.04810
269 0.04810
270 0.04810
271 0.04810
272 0.04810
273 0.04810
274 0.04810
275 0.04810
276 0.04810
277 0.04810
278 0.04810
279 0.04810
280 0.04810
281 0.04810
282 0.04810
283 0.04810
284 0.04810
285 0.04810
286 0.04810
287 0.04810
