5
3
40
0 130 0.0 0.1
2499 2412 2447
1 130 0.0 0.1
2497 2476 2457
2 170 0.1 0.1
2448 2505 2504
3 150 0.1 0.1
2515 2527 2534
4 130 0.0 0.1
2532 2474 2472
5 130 0.0 0.1
2544 2488 2543
6 150 0.1 0.1
2514 2479 2463
7 150 0.1 0.1
2483 2541 2505
8 130 0.0 0.1
2525 2459 2527
9 170 0.1 0.1
2423 2476 2478
10 120 0.1 0.1
2490 2529 2543
11 120 0.1 0.1
2464 2482 2498
12 130 0.0 0.1
2534 2530 2553
13 190 0.1 0.0
2382 2489 2573
14 170 0.1 0.1
2473 2505 2560
15 150 0.1 0.1
2433 2530 2575
16 120 0.1 0.1
2447 2502 2557
17 170 0.1 0.1
2475 2545 2439
18 120 0.1 0.1
2533 2499 2458
19 190 0.1 0.0
2418 2540 2486
20 190 0.1 0.0
2530 2526 2462
21 150 0.1 0.1
2444 2423 2445
22 130 0.0 0.1
2469 2522 2467
23 120 0.1 0.1
2516 2503 2548
24 190 0.1 0.0
2522 2475 2451
25 190 0.1 0.0
2508 2553 2556
26 130 0.0 0.1
2555 2537 2521
27 170 0.1 0.1
2466 2488 2472
28 150 0.1 0.1
2436 2475 2483
29 190 0.1 0.0
2441 2480 2480
30 170 0.1 0.1
2572 2464 2640
31 130 0.0 0.1
2674 2517 2541
32 120 0.1 0.1
2598 2485 2571
33 120 0.1 0.1
2549 2521 2532
34 150 0.1 0.1
2467 2444 2487
35 190 0.1 0.0
2464 2441 2515
36 170 0.1 0.1
2459 2449 2479
37 170 0.1 0.1
2512 2489 2561
38 150 0.1 0.1
2513 2420 2502
39 170 0.1 0.1
2534 2510 2473
500
0 1 14 286 94.95
302 62 45
1 2 132 287 72.59
229 51 42
2 48 208 287 99.93
132 880 126
3 61 14 200 2.34
5 11 4
4 108 17 287 53.82
113 285 58
5 91 66 272 86.42
115 119 1066
6 23 36 220 508.06
1367 1327 490
7 34 40 182 167.94
259 292 1732
8 16 53 190 31.62
59 54 256
9 12 0 38 441.76
1093 1660 336
10 7 117 287 441.25
1361 458 251
11 79 1 237 58.90
84 490 74
12 67 145 288 262.69
851 92 135
13 19 216 283 324.29
1040 152 183
14 3 67 284 426.52
878 1781 1298
15 150 1 247 177.45
270 389 1735
16 37 61 260 335.36
1047 243 260
17 29 18 287 17.62
31 32 153
18 91 62 273 423.48
760 2083 1599
19 63 39 196 56.84
82 144 558
20 14 108 272 336.68
852 1112 353
21 136 53 253 27.36
85 20 24
22 14 82 168 172.66
296 298 1576
23 8 36 288 535.07
1541 936 499
24 32 125 287 576.31
1301 1928 1669
25 70 47 288 396.31
1252 248 263
26 31 0 235 225.20
318 938 1708
27 19 103 203 17.06
28 37 153
28 143 18 262 54.84
96 357 93
29 34 51 239 457.32
1079 1314 1322
30 19 257 287 625.93
1847 956 482
31 2 210 287 506.06
1610 310 267
32 136 58 274 452.03
1438 289 221
33 52 0 288 109.44
190 317 790
34 25 21 256 248.29
401 1315 1109
35 143 88 286 374.89
1159 312 310
36 170 1 269 462.84
1398 610 276
37 96 3 222 550.31
1669 613 449
38 19 78 288 77.44
247 39 49
39 88 81 280 74.46
140 116 612
40 6 0 112 6.77
12 13 57
41 78 22 223 324.86
1031 173 228
42 23 43 288 597.11
1567 1833 443
43 60 0 158 494.34
1607 172 217
44 87 42 285 90.61
296 30 32
45 54 13 267 140.96
210 252 1495
46 92 83 288 17.73
30 27 170
47 47 160 254 102.82
157 159 1101
48 12 66 276 17.06
30 103 40
49 18 0 227 187.65
311 737 1168
50 72 77 252 20.58
32 36 210
51 1 116 258 70.37
127 456 96
52 182 13 287 358.25
1125 275 209
53 30 12 77 57.91
82 119 621
54 100 8 199 568.61
1717 777 301
55 40 103 261 31.64
51 47 323
56 21 137 254 69.49
108 138 685
57 69 0 74 445.45
1238 1011 382
58 64 94 287 646.70
1626 2095 813
59 27 256 288 235.60
420 667 1647
60 36 7 192 144.94
372 501 82
61 30 12 248 14.59
28 20 120
62 56 128 274 529.59
1633 572 271
63 45 45 208 37.63
121 21 14
64 3 0 283 346.59
572 1586 1837
65 40 10 287 47.65
74 70 507
66 13 168 226 72.21
143 131 515
67 9 171 287 230.51
373 744 1740
68 26 144 288 28.44
91 15 15
69 231 5 286 33.12
41 297 53
70 45 39 183 558.66
1357 2009 737
71 23 44 143 95.21
106 908 154
72 41 34 269 149.12
473 83 101
73 58 21 252 75.73
240 52 38
74 49 1 60 527.52
1296 1678 922
75 64 45 191 83.65
121 142 924
76 35 64 121 74.74
109 471 303
77 107 8 287 119.98
304 421 86
78 94 23 269 309.34
613 1751 419
79 160 121 287 152.47
238 398 1353
80 90 0 160 19.86
37 38 155
81 32 69 287 611.47
1574 1952 556
82 80 87 215 155.04
279 712 656
83 115 53 260 142.45
177 1285 212
84 89 16 269 12.42
21 19 119
85 6 15 288 197.37
362 668 1145
86 35 6 80 577.99
1810 536 234
87 23 210 244 764.70
1959 2024 1387
88 3 1 282 660.32
1771 1643 799
89 123 6 175 87.49
159 214 641
90 24 52 223 141.40
219 375 1258
91 17 52 113 99.85
179 588 233
92 58 216 287 120.23
225 219 948
93 20 1 236 254.46
811 152 130
94 26 0 165 410.45
968 1779 290
95 24 3 212 180.34
565 130 127
96 213 51 286 8.48
17 16 58
97 88 64 279 32.40
104 15 18
98 20 2 226 583.71
1739 871 364
99 216 3 278 107.41
270 377 92
100 60 64 182 98.37
133 724 316
101 5 25 110 74.82
236 55 40
102 97 58 200 233.87
748 129 117
103 6 267 288 37.15
48 328 53
104 27 13 172 72.54
121 125 686
105 120 148 287 59.33
94 122 566
106 21 245 288 97.82
243 364 73
107 14 272 287 142.41
276 269 1042
108 17 58 243 129.89
225 607 595
109 34 119 196 404.49
1147 820 334
110 4 2 92 8.69
13 66 16
111 176 58 284 70.60
223 53 34
112 38 0 65 406.93
1299 214 237
113 98 158 287 180.51
263 532 1642
114 83 109 259 43.98
66 62 488
115 73 113 288 38.96
47 366 46
116 24 247 287 16.28
31 26 130
117 15 114 287 509.39
1240 1840 641
118 178 65 268 24.22
76 19 14
119 14 35 215 306.39
939 345 176
120 94 45 272 16.21
25 41 148
121 75 153 288 50.28
161 25 28
122 16 23 184 271.65
529 1203 935
123 20 185 287 303.97
454 1438 1874
124 12 225 288 206.10
657 128 97
125 61 48 253 257.52
492 1543 349
126 227 5 288 326.44
540 1240 2102
127 143 0 287 5.61
9 10 55
128 130 22 258 509.81
1609 330 333
129 79 2 231 208.50
252 942 1768
130 57 93 169 51.86
167 24 25
131 46 3 206 9.95
31 8 7
132 89 192 287 572.93
1468 1698 765
133 54 3 244 32.07
52 223 62
134 81 7 136 238.84
772 97 115
135 38 84 209 238.12
381 829 1737
136 31 226 288 67.84
214 46 42
137 31 72 253 743.85
2128 1569 392
138 52 50 287 70.29
80 676 93
139 39 2 127 140.96
445 74 117
140 86 14 277 118.90
382 66 47
141 148 22 287 216.16
379 751 1347
142 3 61 206 618.96
1648 1787 463
143 36 184 282 382.31
619 1940 1824
144 188 9 268 80.22
123 169 788
145 113 80 271 495.52
1059 1702 1786
146 48 49 199 1.05
2 6 2
147 1 143 189 45.90
147 23 25
148 104 33 216 77.46
249 34 43
149 32 131 274 501.13
1071 1988 1406
150 41 1 137 234.52
363 1236 1167
151 51 70 286 66.92
207 60 48
152 94 134 269 18.22
29 34 178
153 11 6 38 146.96
221 193 1649
154 50 26 287 563.36
1463 1584 744
155 63 5 287 31.33
45 248 56
156 86 27 183 26.23
82 22 15
157 101 9 284 162.82
253 185 1813
158 71 32 196 176.71
270 1354 270
159 93 102 275 277.97
525 1055 1335
160 82 92 287 26.29
42 65 232
161 23 13 100 29.75
51 57 263
162 2 247 287 371.51
639 1752 1710
163 86 171 288 56.46
116 116 353
164 86 47 286 345.41
1076 240 300
165 18 110 237 214.20
411 1290 268
166 83 7 198 7.08
16 12 38
167 77 21 227 300.19
419 1801 1485
168 13 102 287 126.62
188 200 1387
169 160 119 288 191.76
612 106 105
170 38 68 282 180.93
279 992 850
171 6 258 275 179.94
317 351 1522
172 24 159 282 36.37
53 281 70
173 30 192 255 367.30
1190 144 165
174 17 111 288 73.05
146 133 511
175 4 77 288 91.60
294 41 53
176 96 11 258 77.92
168 402 69
177 81 137 288 92.26
142 134 993
178 97 96 243 209.68
623 326 123
179 52 133 237 315.92
749 1309 286
180 98 26 258 447.51
1314 737 310
181 70 153 287 63.18
117 99 531
182 95 15 207 95.25
174 158 804
183 186 4 201 92.55
123 150 1109
184 95 168 287 182.83
571 138 132
185 32 90 240 504.18
1332 1431 487
186 15 41 187 631.25
1597 1486 1563
187 2 28 204 615.44
1785 1086 472
188 67 95 288 413.80
1268 454 257
189 27 84 229 74.55
132 144 628
190 121 6 287 234.67
438 1377 434
191 128 0 154 738.58
2024 1857 563
192 7 58 288 109.88
152 906 183
193 7 135 276 159.57
270 201 1593
194 71 81 288 558.83
1643 909 389
195 1 0 115 38.01
61 65 377
196 30 125 287 53.61
87 391 76
197 139 131 288 651.23
1574 1616 2003
198 111 46 287 378.55
1130 494 327
199 105 24 176 6.09
11 11 51
200 102 26 261 94.72
157 585 270
201 74 57 273 58.42
97 75 594
202 3 166 274 17.88
28 30 183
203 130 39 288 555.16
1460 1567 596
204 25 3 212 365.78
1157 258 189
205 169 53 286 140.07
453 54 70
206 9 43 272 489.68
1123 2033 703
207 54 107 288 77.60
99 679 129
208 50 7 216 34.41
68 48 268
209 91 93 288 145.91
245 347 1225
210 81 17 273 564.27
1424 1957 479
211 102 51 227 109.69
345 65 89
212 138 12 249 129.53
307 552 95
213 51 17 102 100.79
133 781 288
214 41 35 288 190.16
290 438 1823
215 113 73 261 76.17
123 559 107
216 235 24 288 91.60
121 779 157
217 21 0 132 231.06
736 130 133
218 17 2 139 404.49
1174 794 184
219 25 35 125 480.61
1540 279 200
220 27 31 242 94.70
139 780 103
221 23 8 259 490.12
1192 1810 565
222 28 13 288 269.79
853 193 138
223 43 10 157 105.69
338 67 40
224 27 19 173 72.19
127 102 670
225 18 9 288 150.80
238 231 1564
226 5 6 206 54.75
172 43 30
227 13 9 224 338.65
503 1623 2076
228 122 9 243 32.36
51 77 295
229 5 0 286 51.40
164 28 29
230 105 4 157 33.39
50 262 49
231 50 10 238 198.98
277 1506 521
232 90 36 238 38.52
62 151 253
233 29 163 282 30.72
46 225 69
234 52 10 214 499.52
1435 1030 257
235 110 21 210 668.12
1927 1253 477
236 159 39 276 134.29
265 270 925
237 78 36 247 112.75
349 106 72
238 148 70 287 76.13
95 685 113
239 3 127 287 9.53
18 18 73
240 55 112 269 66.35
114 99 627
241 4 156 244 133.28
428 72 57
242 21 163 288 871.75
2282 2134 1500
243 149 54 278 159.51
257 196 1690
244 15 66 281 90.46
163 109 841
245 30 1 165 118.71
165 223 1326
246 24 52 138 2.57
8 2 2
247 1 68 272 558.47
1285 1994 1259
248 101 2 277 73.75
113 568 106
249 15 3 234 600.42
1391 2114 1332
250 141 0 198 63.88
112 126 542
251 44 26 288 253.26
762 317 197
252 72 60 260 1.81
3 4 16
253 32 0 92 112.35
358 55 76
254 34 2 170 102.02
161 229 949
255 2 142 262 168.85
258 439 1540
256 29 25 237 303.27
549 1755 717
257 3 21 287 358.74
1151 182 178
258 97 4 183 22.01
36 50 195
259 1 131 286 369.81
606 1629 2085
260 20 139 270 140.11
448 80 67
261 112 99 288 574.83
1560 1526 424
262 129 31 282 220.42
270 953 1908
263 222 28 288 194.99
292 871 1274
264 56 108 210 137.67
239 250 1217
265 64 6 287 176.52
496 373 155
266 181 39 268 144.39
224 435 1204
267 71 118 288 487.23
1052 2149 968
268 42 145 260 624.96
1521 2056 1091
269 2 86 278 169.94
546 85 81
270 16 0 136 80.41
114 178 842
271 59 29 204 754.77
2135 1665 458
272 82 3 282 37.78
120 24 20
273 131 10 202 89.60
291 34 37
274 58 80 246 24.29
42 32 234
275 215 7 260 35.27
70 53 267
276 60 19 169 216.98
352 552 1854
277 9 152 257 51.10
164 22 31
278 24 4 231 2.34
3 21 3
279 85 97 288 621.89
1480 1582 2016
280 79 68 286 553.52
1452 1583 589
281 130 17 271 648.72
1718 1911 493
282 196 25 285 180.36
296 1175 443
283 27 74 257 51.44
166 22 25
284 14 3 235 381.97
1154 464 285
285 56 11 208 88.36
270 91 69
286 6 0 134 410.52
1299 270 238
287 71 0 232 513.44
1653 248 234
288 92 2 149 348.03
555 1652 1891
289 8 79 237 416.69
1026 1407 590
290 44 23 256 76.51
247 27 45
291 123 7 245 127.34
210 930 155
292 109 2 227 486.10
1554 247 280
293 88 29 268 204.60
360 1265 435
294 26 16 227 351.61
1091 322 219
295 100 136 288 39.72
59 316 55
296 99 51 217 604.05
1619 1596 599
297 111 10 199 447.24
1409 302 291
298 111 139 288 222.04
366 924 1318
299 61 76 260 46.74
148 27 32
300 154 56 283 66.35
98 495 145
301 18 47 195 394.79
1092 932 321
302 126 34 274 557.78
1306 1739 1478
303 115 1 275 535.91
1703 346 270
304 137 13 288 2.34
5 11 4
305 66 40 170 383.66
1239 156 192
306 63 39 288 41.43
54 373 45
307 93 1 241 148.84
206 1032 540
308 115 130 285 17.06
27 111 49
309 29 19 225 157.40
503 80 92
310 153 77 288 5.52
10 10 46
311 80 24 274 60.59
84 242 486
312 124 141 285 92.89
155 170 863
313 35 232 288 329.37
464 1837 1808
314 61 57 227 167.14
536 82 89
315 97 35 211 42.19
68 79 406
316 72 89 287 46.49
84 103 360
317 142 21 248 378.83
1039 871 405
318 134 8 206 23.70
34 48 252
319 83 41 213 227.08
373 1247 904
320 37 244 287 22.85
43 42 178
321 32 5 180 578.86
1546 1547 586
322 2 163 210 192.78
405 1038 180
323 23 118 208 563.62
1763 528 234
324 92 24 184 159.68
243 226 1747
325 5 150 287 146.56
462 94 101
326 63 27 155 322.67
1024 223 150
327 25 2 198 29.96
50 43 296
328 49 1 264 314.89
541 1202 1878
329 14 134 271 63.86
98 133 629
330 15 176 284 173.84
498 304 181
331 5 1 269 187.95
251 633 1751
332 25 9 238 125.31
141 1212 167
333 12 168 277 398.79
1185 568 311
334 9 114 244 151.79
216 336 1584
335 26 123 243 87.62
171 158 644
336 91 65 262 66.26
89 561 107
337 47 163 288 65.92
209 39 42
338 48 204 287 360.13
1088 442 262
339 192 2 272 197.79
419 1046 189
340 29 154 288 336.33
1076 197 149
341 102 49 232 52.07
165 32 32
342 38 1 157 96.51
309 56 42
343 32 9 248 81.55
185 370 84
344 70 65 170 54.54
101 115 414
345 73 4 180 26.99
45 42 262
346 37 0 134 225.45
295 1374 1221
347 26 10 119 143.11
456 72 94
348 78 97 287 302.09
971 159 129
349 70 29 135 158.92
511 72 84
350 50 77 191 59.58
105 100 528
351 81 106 288 396.47
1245 272 280
352 46 18 238 83.00
115 479 445
353 158 0 276 2.49
6 6 8
354 47 28 253 33.84
58 235 44
355 64 39 177 594.44
1516 1948 564
356 39 216 288 18.55
33 42 146
357 13 6 278 10.65
16 87 10
358 20 0 149 290.85
521 1374 1190
359 26 46 271 109.16
305 260 64
360 216 10 285 260.09
816 187 176
361 21 7 104 462.95
1003 2063 864
362 97 121 261 33.12
52 55 339
363 55 15 248 370.02
1049 741 321
364 47 33 243 458.39
950 1513 1952
365 33 1 51 587.82
1773 762 387
366 162 47 259 40.46
55 91 438
367 70 166 287 283.85
368 1570 1801
368 70 3 136 325.36
480 1567 2006
369 60 1 228 76.00
244 43 30
370 31 9 133 30.95
55 80 229
371 73 18 112 45.12
77 88 399
372 58 2 96 20.56
63 21 15
373 11 133 279 208.76
441 1096 220
374 47 12 197 79.63
132 507 204
375 115 87 288 174.08
549 107 125
376 23 215 288 849.34
2295 1501 1827
377 57 62 241 208.02
293 803 1678
378 21 7 141 47.39
82 164 304
379 7 18 209 799.27
2247 1818 500
380 111 3 155 528.93
1598 637 403
381 6 1 230 4.17
6 10 42
382 91 0 245 688.32
2018 1115 526
383 11 2 193 2.02
3 16 3
384 63 28 214 70.44
226 39 30
385 53 169 287 9.28
14 72 14
386 39 30 256 275.82
870 213 132
387 107 28 214 38.37
58 294 63
388 4 1 110 83.72
136 581 162
389 88 8 159 481.82
1428 684 405
390 11 34 282 33.44
106 22 18
391 29 24 288 598.08
1376 2061 1461
392 106 6 208 2.36
4 4 22
393 8 4 245 204.01
645 121 142
394 215 17 276 189.55
310 399 1727
395 4 29 137 94.39
303 51 41
396 135 135 287 30.91
56 36 287
397 10 172 273 144.12
456 78 109
398 98 154 288 754.77
1932 1943 1462
399 84 1 276 402.80
1271 286 227
400 2 58 273 0.99
2 5 2
401 29 15 137 134.61
193 249 1468
402 90 70 254 100.20
162 225 905
403 52 149 284 128.81
237 796 202
404 54 7 107 535.89
1594 729 458
405 18 1 283 488.79
1398 961 365
406 20 13 62 336.18
973 592 274
407 94 12 202 163.18
265 258 1628
408 15 152 233 58.59
85 111 628
409 99 34 215 268.21
850 168 159
410 76 42 276 116.52
267 521 113
411 45 228 287 87.43
154 135 793
412 42 82 287 32.30
57 218 40
413 58 185 288 291.70
598 1570 377
414 96 182 288 96.47
153 212 899
415 5 0 234 568.95
1346 1655 1589
416 66 156 287 345.77
1115 143 181
417 27 78 288 28.74
45 43 302
418 52 80 266 4.70
14 5 6
419 86 167 287 46.40
82 83 402
420 81 23 122 9.47
13 81 12
421 195 76 288 161.13
224 273 1844
422 27 67 240 593.89
1548 1808 537
423 35 85 287 710.47
1963 1750 484
424 18 50 272 208.69
664 119 123
425 83 174 273 883.96
2240 2233 1935
426 16 143 276 11.68
37 8 6
427 157 78 262 256.74
819 124 170
428 82 50 142 633.10
1773 1418 477
429 51 209 284 227.37
720 147 132
430 165 95 287 131.91
242 219 1106
431 20 194 287 215.15
339 765 1582
432 18 256 288 408.30
1022 1341 518
433 132 18 260 50.32
163 21 21
434 14 3 125 161.72
518 73 100
435 5 5 219 147.74
263 242 1300
436 92 1 99 284.17
875 309 151
437 169 7 234 163.62
282 507 1146
438 7 0 278 651.34
1747 1537 913
439 105 16 284 375.18
873 1254 906
440 2 35 176 45.52
147 21 19
441 65 45 199 245.55
774 175 143
442 7 28 216 402.36
1235 439 239
443 148 21 191 108.70
212 184 818
444 120 18 247 85.19
136 639 110
445 61 37 267 711.30
1980 1649 536
446 28 48 287 29.09
91 18 26
447 51 8 85 273.35
420 1090 1908
448 76 127 287 271.12
857 178 164
449 18 14 110 350.01
639 1406 1719
450 42 61 288 5.52
17 4 6
451 6 193 285 35.82
54 287 41
452 42 18 127 589.31
1584 1331 892
453 104 7 250 346.42
1107 170 212
454 32 11 66 55.21
99 87 486
455 3 0 71 568.23
1706 825 297
456 64 26 253 83.40
164 142 617
457 40 48 288 517.63
1472 1073 363
458 27 145 208 523.64
1616 568 255
459 25 43 246 124.77
184 1010 156
460 19 97 224 3.75
12 2 2
461 89 39 281 381.80
1088 756 305
462 49 12 223 15.96
29 35 123
463 100 52 287 215.76
333 1002 1283
464 76 32 251 103.77
331 56 60
465 3 230 288 256.91
390 1846 594
466 216 17 259 273.75
489 1225 1232
467 64 45 287 401.11
875 1924 502
468 54 44 285 53.87
90 187 367
469 49 2 260 61.03
194 35 37
470 18 71 288 44.57
89 62 341
471 73 29 257 42.04
77 88 326
472 3 243 287 643.66
1611 1373 1929
473 69 1 171 76.87
106 506 322
474 73 84 262 630.32
1779 1204 690
475 22 106 288 303.67
944 244 228
476 17 236 287 40.39
77 70 314
477 53 65 288 138.26
224 348 1189
478 12 10 255 283.96
868 289 225
479 127 118 287 118.76
374 83 74
480 23 207 288 373.96
746 1612 1229
481 121 1 213 182.34
579 91 135
482 1 168 287 22.41
37 37 217
483 32 31 287 647.33
1592 1827 1468
484 140 126 288 141.74
192 263 1623
485 1 116 204 507.96
1484 830 414
486 1 0 58 89.45
161 169 741
487 8 27 208 509.08
1309 1653 431
488 30 55 167 242.17
412 673 1850
489 125 135 288 111.61
179 154 1163
490 97 103 283 566.67
1468 1539 855
491 1 244 288 778.97
1980 1873 1805
492 47 0 108 656.04
1856 1264 671
493 18 0 149 30.76
49 57 301
494 56 166 287 541.94
1657 676 240
495 40 1 193 152.93
492 84 57
496 183 5 266 62.19
91 94 697
497 20 9 275 611.87
1549 1347 1648
498 117 1 209 182.72
536 303 127
499 76 95 261 176.56
495 383 148
