288
0 0.05120
1 0.05120
2 0.05120
3 0.05120
4 0.05120
5 0.05120
6 0.04488
7 0.04488
8 0.04488
9 0.04488
10 0.04488
11 0.04488
12 0.04876
13 0.04876
14 0.04876
15 0.04876
16 0.04876
17 0.04876
18 0.04881
19 0.04881
20 0.04881
21 0.04881
22 0.04881
23 0.04881
24 0.04876
25 0.04876
26 0.04876
27 0.04876
28 0.04876
29 0.04876
30 0.04357
31 0.04357
32 0.04357
33 0.04357
34 0.04357
35 0.04357
36 0.04357
37 0.04357
38 0.04357
39 0.04357
40 0.04357
41 0.04357
42 0.04353
43 0.04353
44 0.04353
45 0.04353
46 0.04353
47 0.04353
48 0.04353
49 0.04353
50 0.04353
51 0.04353
52 0.04353
53 0.04353
54 0.04353
55 0.04353
56 0.04353
57 0.04353
58 0.04353
59 0.04353
60 0.04353
61 0.04353
62 0.04353
63 0.04353
64 0.04353
65 0.04353
66 0.04353
67 0.04353
68 0.04353
69 0.04353
70 0.04353
71 0.04353
72 0.04149
73 0.04149
74 0.04149
75 0.04149
76 0.04149
77 0.04149
78 0.04149
79 0.04149
80 0.04149
81 0.04149
82 0.04149
83 0.04149
84 0.04149
85 0.04149
86 0.04149
87 0.04149
88 0.04149
89 0.04149
90 0.04115
91 0.04115
92 0.04115
93 0.04115
94 0.04115
95 0.04115
96 0.03637
97 0.03637
98 0.03637
99 0.03637
100 0.03637
101 0.03637
102 0.03666
103 0.03666
104 0.03666
105 0.03666
106 0.03666
107 0.03666
108 0.03373
109 0.03373
110 0.03373
111 0.03373
112 0.03373
113 0.03373
114 0.03373
115 0.03373
116 0.03373
117 0.03373
118 0.03373
119 0.03373
120 0.03373
121 0.03373
122 0.03373
123 0.03373
124 0.03373
125 0.03373
126 0.03373
127 0.03373
128 0.03373
129 0.03373
130 0.03373
131 0.03373
132 0.03208
133 0.03208
134 0.03208
135 0.03208
136 0.03208
137 0.03208
138 0.03684
139 0.03684
140 0.03684
141 0.03684
142 0.03684
143 0.03684
144 0.04404
145 0.04404
146 0.04404
147 0.04404
148 0.04404
149 0.04404
150 0.04408
151 0.04408
152 0.04408
153 0.04408
154 0.04408
155 0.04408
156 0.04963
157 0.04963
158 0.04963
159 0.04963
160 0.04963
161 0.04963
162 0.04878
163 0.04878
164 0.04878
165 0.04878
166 0.04878
167 0.04878
168 0.04910
169 0.04910
170 0.04910
171 0.04910
172 0.04910
173 0.04910
174 0.04861
175 0.04861
176 0.04861
177 0.04861
178 0.04861
179 0.04861
180 0.04228
181 0.04228
182 0.04228
183 0.04228
184 0.04228
185 0.04228
186 0.04228
187 0.04228
188 0.04228
189 0.04228
190 0.04228
191 0.04228
192 0.04895
193 0.04895
194 0.04895
195 0.04895
196 0.04895
197 0.04895
198 0.05090
199 0.05090
200 0.05090
201 0.05090
202 0.05090
203 0.05090
204 0.05090
205 0.05090
206 0.05090
207 0.05090
208 0.05090
209 0.05090
210 0.13173
211 0.13173
212 0.13173
213 0.13173
214 0.13173
215 0.13173
216 0.13620
217 0.13620
218 0.13620
219 0.13620
220 0.13620
221 0.13620
222 0.13620
223 0.13620
224 0.13620
225 0.13620
226 0.13620
227 0.13620
228 0.13623
229 0.13623
230 0.13623
231 0.13623
232 0.13623
233 0.13623
234 0.13623
235 0.13623
236 0.13623
237 0.13623
238 0.13623
239 0.13623
240 0.13296
241 0.13296
242 0.13296
243 0.13296
244 0.13296
245 0.13296
246 0.05333
247 0.05333
248 0.05333
249 0.05333
250 0.05333
251 0.05333
252 0.05197
253 0.05197
254 0.05197
255 0.05197
256 0.05197
257 0.05197
258 0.05090
259 0.05090
260 0.05090
261 0.05090
262 0.05090
263 0.05090
264 0.04838
265 0.04838
266 0.04838
267 0.04838
268 0.04838
269 0.04838
270 0.03752
271 0.03752
272 0.03752
273 0.03752
274 0.03752
275 0.03752
276 0.04022
277 0.04022
278 0.04022
279 0.04022
280 0.04022
281 0.04022
282 0.04022
283 0.04022
284 0.04022
285 0.04022
286 0.04022
287 0.04022
