5
4
70
0 150 0.1 0.1
2124 2170 2155 2125
1 170 0.1 0.1
2088 2158 2115 2127
2 190 0.1 0.0
2103 2089 2194 2090
3 130 0.0 0.1
2097 2127 2130 2149
4 170 0.1 0.1
2121 2123 2110 2102
5 130 0.0 0.1
2124 2085 2059 2118
6 190 0.1 0.0
2071 2147 2118 2143
7 190 0.1 0.0
2127 2168 2148 2111
8 150 0.1 0.1
2121 2110 2105 2118
9 190 0.1 0.0
2040 2066 2148 2064
10 190 0.1 0.0
2065 2162 2081 2221
11 190 0.1 0.0
2125 2110 2107 2154
12 120 0.1 0.1
2150 2133 2104 2102
13 130 0.0 0.1
2109 2080 2164 2150
14 170 0.1 0.1
2162 2112 2148 2057
15 120 0.1 0.1
2048 2070 2176 2077
16 120 0.1 0.1
2158 2169 2205 2115
17 150 0.1 0.1
2129 2200 2107 2130
18 190 0.1 0.0
2152 2119 2171 2180
19 190 0.1 0.0
2154 2104 2120 2115
20 120 0.1 0.1
2154 2135 2175 2139
21 170 0.1 0.1
2166 2178 2088 2136
22 130 0.0 0.1
2106 2106 2099 2057
23 120 0.1 0.1
2169 2123 2144 2141
24 150 0.1 0.1
2131 2058 2112 2061
25 120 0.1 0.1
2145 2061 2042 2074
26 130 0.0 0.1
2215 2147 2149 2147
27 150 0.1 0.1
2140 2088 2088 2148
28 170 0.1 0.1
2063 2068 2073 2107
29 120 0.1 0.1
2117 2111 2103 2146
30 120 0.1 0.1
2140 2025 2107 2102
31 150 0.1 0.1
2170 2156 2108 2153
32 130 0.0 0.1
2108 2158 2197 2153
33 190 0.1 0.0
2123 2126 2143 2165
34 170 0.1 0.1
2257 2101 2181 2172
35 130 0.0 0.1
2100 2178 2148 2094
36 150 0.1 0.1
2236 2148 2062 2111
37 130 0.0 0.1
2128 2066 2122 2085
38 190 0.1 0.0
2046 2122 2166 2091
39 170 0.1 0.1
2132 2120 2134 2085
40 190 0.1 0.0
1963 2104 2079 2101
41 120 0.1 0.1
2037 2171 2157 2166
42 150 0.1 0.1
2150 2115 2111 2135
43 150 0.1 0.1
2051 2087 2135 2104
44 170 0.1 0.1
2169 2150 2162 2112
45 120 0.1 0.1
2072 2119 2155 2175
46 190 0.1 0.0
2154 2150 2252 2110
47 120 0.1 0.1
2132 2162 2188 2098
48 130 0.0 0.1
2109 2087 2189 2175
49 190 0.1 0.0
2080 2076 2078 2110
50 130 0.0 0.1
2146 2137 2153 2143
51 190 0.1 0.0
2108 2132 2101 2074
52 120 0.1 0.1
2130 2099 2179 2122
53 190 0.1 0.0
2154 2154 2116 2120
54 150 0.1 0.1
2138 2160 2199 2101
55 190 0.1 0.0
2003 2190 2212 2128
56 150 0.1 0.1
2169 2114 2130 2071
57 120 0.1 0.1
2076 2150 2148 2082
58 170 0.1 0.1
2097 2205 2134 2138
59 150 0.1 0.1
2165 2127 2125 2150
60 130 0.0 0.1
2166 2167 2206 2103
61 190 0.1 0.0
2184 2195 2146 2035
62 150 0.1 0.1
2048 2024 2063 2176
63 190 0.1 0.0
2165 2165 2103 2064
64 120 0.1 0.1
2173 2085 2104 2157
65 150 0.1 0.1
2119 2150 2248 1976
66 130 0.0 0.1
2080 2101 2144 2202
67 120 0.1 0.1
2023 2109 2024 2078
68 150 0.1 0.1
2122 2064 2081 2103
69 130 0.0 0.1
2172 2162 2194 2120
2000
0 103 80 219 46.66
65 165 248 79
1 22 1 219 317.21
792 457 333 337
2 31 9 286 216.26
513 517 161 123
3 13 38 221 686.63
1617 1629 567 481
4 16 82 232 92.72
151 241 465 168
5 57 60 271 550.72
1357 1099 383 311
6 48 69 287 47.43
135 22 17 23
7 10 12 123 35.13
58 86 44 333
8 18 44 238 7.96
12 9 65 13
9 2 184 262 176.98
346 784 99 117
10 24 150 251 197.20
491 370 117 151
11 78 78 243 284.08
346 882 1631 1304
12 46 28 138 178.99
511 70 75 82
13 56 120 286 131.67
291 358 126 188
14 11 91 269 32.94
44 41 303 53
15 61 126 249 37.16
48 272 24 41
16 67 62 231 138.41
395 45 70 69
17 85 3 155 3.89
7 7 21 4
18 38 173 259 97.27
155 204 477 392
19 6 1 137 240.89
616 398 130 145
20 21 50 265 1.84
3 10 2 2
21 46 66 273 526.87
1323 915 358 377
22 15 188 288 10.58
19 12 20 107
23 12 271 287 114.21
184 217 409 802
24 34 46 262 70.43
109 162 115 747
25 24 5 205 289.19
442 508 1681 1199
26 11 120 215 180.07
241 1148 302 220
27 178 24 243 49.91
70 113 103 593
28 46 3 206 71.14
122 140 327 237
29 32 106 189 174.53
211 1037 563 216
30 40 8 97 94.16
149 514 117 134
31 17 70 166 123.61
178 178 631 958
32 32 81 227 310.47
843 287 183 147
33 8 0 226 364.24
839 940 298 296
34 33 22 288 115.86
145 721 291 142
35 21 4 138 16.00
17 126 20 23
36 49 67 167 67.93
76 483 117 136
37 13 16 159 57.49
61 461 72 59
38 41 153 271 207.00
349 1062 275 163
39 17 166 270 130.56
380 31 40 48
40 29 100 270 91.76
216 225 61 73
41 19 12 232 107.99
206 112 179 1005
42 85 11 265 101.09
277 50 88 86
43 46 24 105 7.49
10 44 14 18
44 214 1 278 38.60
67 60 62 396
45 35 27 143 172.22
317 806 147 159
46 20 87 163 68.92
70 578 73 65
47 37 93 264 140.44
265 234 304 940
48 15 160 266 265.37
729 198 144 174
49 20 82 249 168.01
425 266 146 90
50 80 145 287 53.37
100 109 89 360
51 89 2 178 92.53
99 690 185 101
52 40 223 288 38.27
59 88 97 340
53 1 214 272 360.09
550 1058 1628 1152
54 150 116 287 218.38
599 131 167 155
55 104 4 233 123.28
232 154 206 1110
56 29 70 275 287.33
429 1392 750 512
57 38 49 248 50.94
81 85 352 69
58 52 50 251 94.94
269 49 37 42
59 6 125 278 10.27
15 13 85 17
60 58 17 156 10.46
18 17 65 11
61 38 74 279 86.19
125 506 127 136
62 96 15 211 236.83
365 1277 414 282
63 16 42 231 817.41
1825 1993 975 1211
64 70 0 202 8.11
12 11 66 11
65 9 0 59 525.11
1117 1295 1128 506
66 54 1 253 17.04
19 35 160 32
67 39 3 259 13.27
24 22 23 115
68 53 8 249 46.04
65 256 108 60
69 14 22 92 238.51
346 424 1479 1048
70 24 62 286 397.61
765 1576 491 454
71 169 17 276 53.16
92 76 87 566
72 28 30 230 128.89
358 78 80 64
73 29 97 226 17.04
48 6 11 11
74 36 64 261 118.24
336 51 52 57
75 31 224 287 187.78
543 53 78 52
76 53 74 279 118.69
204 556 154 205
77 68 81 287 34.33
53 51 249 64
78 35 12 286 248.29
630 456 107 135
79 191 6 267 247.79
684 138 196 134
80 24 12 139 18.71
26 29 117 109
81 42 119 184 107.31
200 155 188 913
82 76 93 279 23.56
39 31 155 51
83 32 150 268 53.94
84 44 450 81
84 11 166 196 412.73
976 967 298 355
85 5 14 284 158.46
240 210 926 883
86 38 138 201 79.86
88 458 312 159
87 103 2 220 196.45
274 462 1110 895
88 6 6 92 226.70
301 457 1308 1420
89 15 80 282 23.21
30 30 213 49
90 48 150 287 448.03
1242 337 215 185
91 21 30 240 100.78
137 147 804 310
92 19 103 180 119.98
231 189 204 883
93 48 2 135 271.17
470 759 811 1029
94 22 40 226 109.47
140 242 892 176
95 27 61 276 55.84
65 97 413 343
96 6 20 217 10.16
10 84 13 13
97 97 7 150 225.38
333 871 848 594
98 16 26 56 32.73
57 54 65 299
99 15 73 258 137.63
279 513 131 134
100 5 113 287 116.54
175 182 322 1306
101 32 21 207 78.51
126 405 141 71
102 9 101 230 75.03
131 174 114 600
103 11 0 140 110.39
163 429 477 162
104 35 12 287 557.91
1463 818 226 289
105 13 3 242 61.97
94 79 335 407
106 29 48 108 98.33
118 609 246 202
107 31 11 273 100.05
178 133 254 847
108 9 56 277 43.05
47 61 470 46
109 89 0 163 106.39
206 96 129 1085
110 117 92 253 34.10
94 18 25 27
111 8 12 288 77.31
125 87 599 72
112 22 46 263 104.97
161 126 845 133
113 24 93 287 104.48
180 214 171 930
114 43 17 272 24.44
35 39 201 28
115 9 7 176 54.60
62 278 278 59
116 6 111 249 81.22
91 553 192 130
117 2 123 280 287.49
404 950 1607 481
118 24 2 216 5.14
6 7 52 9
119 4 39 234 1.98
3 5 4 19
120 63 101 288 169.84
272 313 929 603
121 114 82 242 87.77
126 146 709 105
122 111 69 287 212.28
586 139 118 152
123 89 0 200 142.42
410 52 45 58
124 18 188 287 30.91
48 37 242 45
125 46 225 287 92.30
268 27 27 30
126 134 8 248 72.24
202 31 57 31
127 5 172 265 118.55
334 62 46 77
128 77 122 287 241.05
519 769 200 257
129 105 34 211 39.16
53 240 74 52
130 11 82 185 108.72
134 375 736 141
131 30 45 268 5.70
9 33 6 5
132 31 105 288 421.90
772 1212 930 1601
133 24 43 261 95.97
259 74 82 61
134 76 4 244 345.65
913 395 215 272
135 43 32 276 125.10
133 1042 112 97
136 11 1 22 292.63
822 131 150 218
137 6 4 134 64.85
130 125 86 385
138 34 49 158 185.91
309 608 730 280
139 42 0 165 82.00
151 134 128 708
140 23 39 199 168.57
241 1062 174 246
141 97 7 244 34.38
96 14 27 19
142 18 28 195 164.54
441 206 65 61
143 5 234 283 206.81
476 500 221 171
144 53 62 239 11.50
15 56 46 18
145 6 36 288 16.59
47 6 11 6
146 54 15 288 67.13
82 210 486 99
147 61 104 227 332.01
815 602 242 390
148 39 134 203 100.10
132 467 427 145
149 120 31 259 236.88
640 150 220 203
150 39 31 286 70.90
108 338 194 95
151 6 41 213 150.55
212 192 727 1391
152 5 3 205 539.31
1064 1455 1540 547
153 8 90 150 341.45
745 998 346 375
154 11 66 284 91.64
142 344 394 81
155 58 38 282 12.11
21 17 17 135
156 43 173 279 213.11
578 183 125 153
157 23 98 288 6.43
9 7 59 8
158 57 112 253 21.61
32 26 172 47
159 15 33 84 241.31
595 437 187 226
160 34 14 169 127.76
160 222 1097 322
161 14 84 253 120.60
181 148 458 1224
162 11 8 220 92.11
174 124 191 719
163 13 0 172 407.38
1142 199 224 256
164 41 60 251 380.99
654 1370 950 1003
165 96 6 173 13.55
31 35 11 14
166 71 47 288 28.51
36 193 40 47
167 27 82 288 302.01
485 833 1385 758
168 6 122 232 87.70
114 397 383 169
169 120 167 287 12.46
20 20 85 19
170 31 50 132 221.42
424 276 920 793
171 2 16 85 62.82
73 343 271 73
172 70 210 287 169.61
277 544 727 234
173 7 7 239 140.37
210 241 1047 200
174 73 42 269 240.42
661 177 144 130
175 27 36 259 47.43
93 65 89 338
176 67 13 288 224.37
627 130 115 124
177 26 16 144 57.12
81 379 49 55
178 8 217 284 119.42
218 198 189 1044
179 25 12 163 80.82
126 118 509 294
180 134 50 208 104.71
296 51 50 47
181 9 129 288 436.81
896 1389 756 315
182 10 7 142 372.28
960 541 246 244
183 8 0 135 254.29
375 816 1418 258
184 105 106 229 238.41
669 146 87 140
185 21 78 201 14.09
21 16 118 20
186 41 35 192 91.07
131 545 137 122
187 19 1 149 243.53
364 306 1451 1419
188 63 26 249 145.17
238 252 896 281
189 71 114 277 239.45
518 757 259 121
190 36 41 273 155.66
241 272 858 700
191 47 0 133 95.53
151 220 150 980
192 16 229 288 283.32
544 1038 472 350
193 20 38 274 47.62
70 70 367 97
194 55 41 287 22.67
38 32 154 26
195 28 36 288 134.29
221 295 769 182
196 13 20 287 64.21
96 365 103 80
197 46 177 281 39.68
113 15 21 15
198 29 18 282 18.90
27 42 39 220
199 35 79 287 98.68
124 477 425 171
200 49 7 158 141.31
405 44 57 81
201 41 153 275 44.96
51 308 115 40
202 82 24 286 16.02
45 9 9 5
203 37 29 281 510.36
1450 234 253 151
204 37 49 270 29.97
39 45 279 33
205 39 1 64 586.37
1211 1442 1535 535
206 15 62 247 95.17
168 155 157 908
207 44 3 187 35.70
49 71 267 82
208 66 0 236 59.50
114 85 96 482
209 89 8 126 3.94
7 8 7 31
210 16 174 240 178.07
500 82 98 115
211 45 94 256 261.62
728 175 124 138
212 42 168 288 5.80
10 11 11 51
213 30 158 288 125.92
359 55 51 51
214 21 14 183 179.65
277 415 1107 287
215 73 13 248 2.17
4 3 12 3
216 8 83 287 125.38
174 144 976 501
217 38 17 209 129.81
205 567 398 142
218 35 83 240 161.20
451 97 70 96
219 33 13 249 61.50
62 515 67 63
220 26 208 287 74.29
123 149 163 658
221 61 115 284 129.81
156 940 200 105
222 25 12 287 137.37
203 257 710 797
223 2 4 288 60.30
93 111 400 124
224 106 75 281 110.84
167 105 866 319
225 52 62 196 16.82
23 42 25 216
226 14 2 153 136.55
251 175 589 578
227 12 16 286 77.95
98 549 107 75
228 74 49 262 36.88
102 22 23 25
229 23 156 263 99.37
285 37 42 32
230 1 158 244 293.88
453 731 1258 1421
231 149 59 287 12.65
25 22 26 69
232 21 79 246 75.85
111 448 123 75
233 38 1 252 282.43
569 1093 222 297
234 112 96 287 197.22
275 476 813 1466
235 30 108 260 64.70
91 101 523 123
236 33 206 287 4.59
9 5 7 40
237 28 69 190 2.17
4 3 12 3
238 48 161 274 35.60
57 61 185 160
239 105 51 237 19.91
22 97 111 24
240 101 5 235 28.25
43 47 214 28
241 15 19 134 194.82
236 534 1273 816
242 43 139 284 7.45
14 10 9 72
243 46 1 153 41.87
101 89 28 40
244 32 237 287 17.67
27 24 135 30
245 43 64 184 185.04
501 154 116 145
246 51 126 213 323.71
925 143 93 173
247 7 61 288 6.60
7 53 8 7
248 24 59 287 121.42
336 79 73 66
249 65 19 270 115.98
184 188 817 148
250 79 53 212 4.83
13 4 3 5
251 62 2 218 149.30
416 105 67 63
252 7 12 109 117.79
172 660 229 153
253 14 21 240 25.50
42 97 82 39
254 20 235 287 47.53
64 223 199 54
255 8 130 272 68.03
115 129 369 152
256 20 236 288 3.25
3 6 37 4
257 28 79 237 436.56
1232 189 220 272
258 31 12 131 12.35
20 17 87 19
259 57 196 288 593.96
1347 1535 715 314
260 43 111 245 59.10
103 96 309 160
261 78 16 288 447.77
1201 502 225 233
262 6 54 274 273.26
471 1396 303 209
263 10 85 217 62.84
122 79 98 526
264 25 6 203 522.35
1355 827 238 241
265 16 91 278 485.50
1131 1196 385 412
266 67 106 288 6.41
17 6 6 4
267 79 58 273 18.19
18 148 26 24
268 21 8 162 103.54
164 418 363 118
269 21 88 263 68.55
93 163 105 908
270 26 97 266 116.19
172 676 192 111
271 18 88 196 232.90
324 468 1245 1454
272 30 69 238 33.51
56 61 38 379
273 80 8 129 4.24
12 2 2 2
274 14 40 216 276.44
789 147 84 77
275 92 92 274 216.90
518 499 160 136
276 11 64 287 54.62
85 65 444 45
277 79 98 232 11.50
16 70 20 14
278 51 45 162 68.17
86 306 322 127
279 23 139 262 124.56
204 323 365 731
280 3 1 217 56.74
105 106 97 426
281 40 122 287 331.70
640 776 1167 455
282 166 31 286 19.20
50 18 22 17
283 89 73 178 83.93
223 95 47 61
284 26 33 287 140.86
229 268 629 710
285 41 69 239 51.96
86 91 67 594
286 54 22 197 25.45
36 60 55 286
287 31 182 288 81.46
118 448 155 151
288 19 228 287 573.03
1484 864 348 255
289 21 21 260 145.48
291 529 163 187
290 26 34 83 229.01
588 310 212 133
291 11 27 217 238.86
672 131 108 120
292 80 84 288 239.73
405 542 1017 844
293 34 118 232 408.11
829 1363 628 369
294 22 21 208 549.28
891 2041 1792 1130
295 85 110 287 10.84
18 12 17 138
296 33 19 188 3.72
5 8 25 14
297 31 246 287 99.74
287 29 47 34
298 63 58 288 11.81
32 7 12 8
299 18 98 288 462.73
859 1203 1615 773
300 24 140 287 114.87
321 76 40 73
301 40 32 141 72.36
89 134 642 139
302 31 75 267 4.43
8 8 6 40
303 43 45 240 26.56
47 123 27 46
304 22 174 243 481.66
1312 432 313 151
305 20 108 257 83.74
131 113 640 101
306 10 154 287 72.13
94 382 238 123
307 15 24 192 86.57
240 57 40 63
308 34 119 180 154.43
435 87 72 59
309 24 17 134 57.33
162 26 34 19
310 14 169 237 93.12
258 60 49 62
311 39 60 278 171.87
191 1321 256 145
312 39 35 182 107.47
169 473 290 196
313 6 4 102 39.85
44 75 393 64
314 30 59 257 625.79
1366 1175 1713 483
315 8 0 238 66.99
94 99 137 956
316 54 29 284 26.37
46 34 51 271
317 37 24 166 62.58
119 109 123 417
318 41 10 287 76.39
216 39 26 49
319 1 167 275 23.45
24 41 255 26
320 48 124 266 401.54
1039 536 335 217
321 101 24 287 183.09
492 170 128 116
322 116 33 276 86.55
182 129 91 556
323 12 72 136 10.32
16 23 64 17
324 61 204 288 102.85
128 270 305 1153
325 4 149 208 260.42
721 129 196 179
326 4 30 108 286.51
543 1247 296 224
327 24 50 280 61.97
93 121 113 739
328 70 0 197 82.14
233 39 35 37
329 85 201 288 110.42
309 63 56 59
330 20 13 287 315.79
688 794 477 434
331 17 98 288 72.48
208 26 27 32
332 28 0 176 24.84
24 217 25 17
333 11 19 129 65.25
98 133 443 112
334 7 97 140 537.43
1394 769 318 349
335 53 51 153 189.71
516 144 128 139
336 56 80 225 110.39
302 80 71 75
337 2 47 287 197.72
235 386 1197 1549
338 84 3 208 20.34
57 10 10 15
339 37 131 267 136.20
393 49 40 51
340 41 43 272 36.05
42 53 333 117
341 3 67 156 78.25
122 129 279 668
342 23 27 238 297.72
831 221 124 90
343 43 61 204 49.18
61 349 70 46
344 98 14 284 6.97
12 9 44 13
345 18 32 226 105.30
154 125 884 170
346 32 204 287 86.41
94 511 341 136
347 20 133 230 84.76
142 79 531 310
348 33 4 183 19.16
27 20 177 21
349 5 73 131 66.87
68 551 68 97
350 13 60 239 135.35
179 808 302 210
351 15 15 288 431.28
1062 741 502 208
352 68 134 287 84.10
155 107 333 412
353 32 59 225 220.76
521 491 204 194
354 20 48 211 188.60
542 69 76 57
355 23 168 241 72.93
129 372 50 73
356 77 188 278 255.10
641 498 122 114
357 4 13 220 66.09
190 24 22 29
358 17 51 288 187.16
521 119 108 76
359 30 47 269 81.13
100 478 228 153
360 18 12 288 262.97
605 683 226 189
361 67 28 224 62.58
102 81 129 727
362 19 3 196 568.93
1268 1328 1040 329
363 63 48 286 168.97
303 281 684 718
364 10 67 268 64.33
85 430 67 116
365 43 115 234 39.21
108 31 18 23
366 32 62 248 379.79
982 519 273 267
367 6 162 285 123.21
336 112 61 67
368 90 120 218 200.08
286 729 830 640
369 36 7 57 86.71
157 379 107 131
370 51 9 262 176.96
329 181 727 907
371 25 27 240 175.81
357 650 157 199
372 32 59 274 164.02
231 413 1137 214
373 8 260 278 74.72
105 115 624 108
374 5 7 121 20.31
37 45 30 149
375 7 67 272 281.51
754 232 241 213
376 33 144 284 114.14
324 43 70 39
377 54 52 250 442.47
966 1325 436 407
378 4 125 269 123.31
345 76 48 79
379 17 45 155 96.28
276 37 30 51
380 30 35 242 79.36
108 205 471 299
381 25 0 259 0.52
1 1 2 1
382 6 15 241 131.01
226 191 728 367
383 2 0 182 23.02
29 40 207 37
384 68 62 237 49.29
66 337 55 47
385 3 0 152 374.94
954 573 299 239
386 16 11 147 684.49
1616 1049 1351 576
387 13 31 153 86.83
144 123 371 558
388 3 1 217 93.36
115 175 831 165
389 26 46 280 23.04
65 13 9 11
390 1 211 286 95.88
249 130 66 61
391 10 52 280 94.87
177 174 172 682
392 46 1 231 12.58
15 20 121 22
393 47 38 226 81.74
86 663 70 136
394 141 66 288 14.16
20 28 29 179
395 23 41 237 229.72
303 1373 587 214
396 61 51 287 223.66
626 126 110 130
397 8 50 185 104.24
290 50 77 60
398 39 32 139 16.80
14 155 17 18
399 4 102 260 12.21
18 74 16 12
400 14 16 98 164.97
454 96 113 131
401 37 49 193 10.63
17 25 16 106
402 6 1 87 256.77
424 1168 561 335
403 40 32 288 3.96
5 9 32 7
404 40 134 243 32.05
52 148 68 52
405 37 217 287 106.84
173 555 145 157
406 56 32 285 113.13
128 521 617 212
407 79 78 248 40.08
61 117 214 68
408 50 140 288 245.62
656 317 94 101
409 4 120 254 57.56
113 66 168 327
410 17 4 36 252.88
662 346 136 154
411 128 8 280 2.78
8 1 1 1
412 40 1 246 18.87
18 118 79 37
413 147 103 288 59.17
78 110 340 409
414 20 7 288 22.81
29 48 194 30
415 53 67 270 256.01
420 346 1284 1379
416 40 50 238 52.07
69 77 461 91
417 33 96 233 281.06
806 118 102 86
418 84 1 158 100.92
283 47 57 66
419 10 8 275 41.71
59 279 36 35
420 19 5 236 16.35
33 23 36 91
421 3 139 288 75.36
118 127 543 79
422 49 212 287 357.76
478 1262 1547 1611
423 3 0 177 35.32
100 19 13 16
424 5 0 253 676.62
1693 819 1005 546
425 58 27 147 2.50
5 3 4 19
426 5 35 241 137.77
382 91 66 94
427 26 51 239 358.63
561 1346 1425 478
428 19 62 244 71.00
193 53 59 34
429 3 275 287 32.49
92 11 20 18
430 22 181 288 46.58
51 80 436 151
431 13 18 225 33.29
41 243 32 46
432 79 34 140 57.35
88 333 70 63
433 35 48 162 91.05
258 48 32 44
434 17 179 287 418.46
1198 181 116 212
435 15 43 229 116.80
332 66 34 43
436 27 143 234 117.51
336 61 29 42
437 16 26 266 367.02
864 769 439 295
438 58 6 131 55.47
92 120 56 594
439 12 198 236 55.68
82 82 116 737
440 21 67 282 148.09
265 224 449 1005
441 31 47 226 14.73
27 31 19 116
442 49 168 288 465.49
1221 619 214 376
443 12 145 227 116.90
308 136 82 77
444 2 208 270 450.60
937 991 1079 874
445 45 18 186 2.40
4 5 5 21
446 123 105 231 147.60
414 90 67 64
447 19 0 251 142.60
165 521 988 203
448 7 2 217 524.07
1386 722 190 291
449 43 93 257 13.41
22 22 85 25
450 2 53 239 38.95
64 55 161 270
451 43 8 118 268.83
766 91 158 96
452 20 20 246 16.56
21 117 18 22
453 64 36 254 9.35
25 6 10 9
454 29 130 242 120.31
175 727 140 195
455 23 0 247 97.81
187 115 247 694
456 13 2 98 48.99
66 123 110 566
457 10 6 96 210.02
312 436 1291 655
458 33 95 279 57.33
94 105 349 104
459 61 67 195 84.95
235 49 56 56
460 48 165 285 258.91
727 169 100 103
461 20 75 218 82.75
131 181 353 429
462 30 53 269 258.04
728 113 137 146
463 8 74 281 441.36
1237 247 218 236
464 20 92 240 243.90
389 459 1341 846
465 142 77 279 12.30
35 6 4 6
466 24 15 217 49.91
91 85 113 363
467 63 16 241 155.68
258 314 434 1185
468 10 29 113 307.08
775 540 206 150
469 8 252 285 72.53
124 112 415 176
470 100 22 168 112.73
130 572 506 236
471 36 192 285 143.99
218 366 908 145
472 6 18 218 183.84
435 459 112 111
473 3 0 277 19.53
38 34 32 131
474 1 134 284 64.16
85 402 127 73
475 8 17 177 15.15
43 7 7 6
476 15 13 263 116.21
193 123 761 339
477 8 17 137 37.11
46 227 89 72
478 29 63 284 13.67
23 23 30 129
479 87 2 205 0.54
1 2 1 1
480 3 2 211 25.92
40 147 31 37
481 70 0 277 11.99
20 25 22 110
482 33 0 137 279.91
554 947 495 292
483 83 8 248 272.13
431 1425 508 224
484 19 12 205 27.17
50 33 157 40
485 9 101 287 93.45
142 138 680 204
486 110 10 154 112.80
202 166 492 477
487 6 0 184 146.45
219 691 471 134
488 20 184 278 171.80
304 834 169 195
489 27 17 183 6.34
8 42 10 11
490 34 75 272 42.98
44 255 194 55
491 20 59 163 4.34
6 10 31 8
492 9 122 231 126.09
125 212 1238 489
493 84 142 279 32.52
28 294 33 40
494 107 27 273 59.21
84 76 513 83
495 2 33 166 244.70
428 425 867 1384
496 22 49 268 74.06
88 104 756 87
497 35 17 258 234.81
445 346 961 775
498 62 19 282 9.07
25 6 6 5
499 11 37 263 25.87
38 37 212 31
500 17 0 278 92.82
98 757 75 146
501 36 115 251 2.92
4 17 5 7
502 186 56 282 12.96
14 27 130 13
503 40 2 243 7.12
13 10 13 64
504 5 61 138 17.79
31 34 30 159
505 55 1 158 6.20
17 4 4 5
506 13 1 206 126.61
215 219 258 1190
507 18 74 269 17.60
22 37 146 36
508 36 2 201 32.56
54 61 70 303
509 19 1 204 55.09
99 102 167 312
510 14 22 103 38.76
47 67 350 86
511 20 9 260 176.18
266 318 881 1037
512 34 63 243 200.43
329 491 1113 201
513 98 59 276 95.12
274 30 42 27
514 19 15 199 165.91
191 263 1109 1360
515 16 4 224 113.32
318 72 48 45
516 59 129 219 10.98
16 26 25 114
517 23 134 274 21.70
39 41 44 164
518 61 179 287 64.02
120 101 137 460
519 27 21 273 0.54
1 1 1 4
520 11 3 105 494.05
1232 936 330 251
521 13 134 273 127.26
182 807 125 182
522 26 173 278 476.05
1158 1002 374 237
523 17 83 206 15.83
28 17 104 21
524 98 0 155 42.04
68 210 67 68
525 10 30 230 447.11
1159 655 225 334
526 23 8 96 283.56
382 1174 1445 274
527 9 13 288 461.67
1245 506 210 225
528 15 61 128 5.37
9 6 39 6
529 52 68 267 8.08
15 9 10 86
530 20 89 215 244.66
360 410 1362 1389
531 4 1 227 208.02
310 977 646 265
532 47 53 283 164.24
465 78 87 52
533 24 24 173 55.66
159 24 22 20
534 49 42 282 85.25
124 166 391 602
535 43 66 260 122.22
340 67 55 116
536 71 21 195 36.57
101 16 30 30
537 9 141 287 33.88
59 60 56 320
538 68 158 288 135.06
231 295 748 117
539 57 26 242 55.04
153 35 26 37
540 31 204 287 9.17
17 19 22 50
541 5 23 233 87.75
120 136 777 82
542 40 27 141 213.91
578 144 193 168
543 109 66 272 41.57
55 83 298 149
544 44 44 195 103.56
178 226 176 873
545 16 30 138 84.59
241 33 41 35
546 24 10 186 176.94
499 80 106 71
547 23 134 288 4.24
6 7 34 7
548 134 45 279 26.18
37 39 213 50
549 50 35 277 26.58
35 190 24 20
550 94 10 226 347.18
731 1131 378 351
551 9 0 108 547.14
1136 1385 1323 515
552 36 13 114 340.13
878 516 187 221
553 24 0 187 41.28
113 32 26 22
554 47 154 270 168.52
219 508 1123 316
555 8 120 242 36.62
48 69 300 75
556 23 8 222 195.41
268 498 1392 263
557 52 197 263 391.01
1103 227 152 167
558 5 229 288 86.05
234 70 57 52
559 23 176 253 34.64
51 46 277 64
560 106 110 288 8.72
24 6 5 6
561 60 6 288 10.20
19 21 15 74
562 207 70 287 15.48
29 17 28 144
563 38 75 242 289.76
698 698 150 131
564 23 9 251 57.80
101 134 85 467
565 7 59 288 434.34
812 1174 1222 1099
566 2 38 288 433.54
950 1442 277 219
567 16 62 287 106.46
302 57 45 29
568 19 115 237 11.22
16 69 15 15
569 11 46 250 96.92
173 154 221 787
570 36 160 274 366.17
483 1492 1491 1320
571 95 26 156 38.74
56 70 85 480
572 67 15 275 382.27
609 1206 1457 1165
573 15 60 211 20.48
38 21 125 24
574 4 40 224 12.49
18 74 22 12
575 25 83 252 53.87
67 399 51 49
576 64 13 152 302.48
872 88 132 101
577 165 15 231 153.21
273 259 377 1149
578 82 6 145 3.91
6 5 31 5
579 59 79 288 645.37
1372 1230 1254 1983
580 27 73 220 416.97
770 1460 1113 310
581 41 37 288 24.13
31 58 35 346
582 55 197 287 72.32
124 169 138 550
583 13 105 159 31.50
60 47 157 42
584 34 20 241 86.26
147 137 405 382
585 13 8 203 226.42
356 572 1232 445
586 32 35 271 189.68
545 64 76 76
587 83 12 229 298.99
586 1251 289 154
588 108 4 226 198.90
355 412 811 613
589 21 122 254 67.34
112 141 359 149
590 57 35 287 14.87
29 24 22 109
591 21 12 136 40.32
61 89 99 392
592 48 127 254 366.90
1010 315 136 214
593 23 21 92 305.57
873 105 165 101
594 60 100 288 70.12
200 22 39 32
595 63 46 284 203.40
410 829 143 119
596 44 42 234 77.85
123 112 460 326
597 78 189 278 118.78
195 148 803 261
598 45 16 104 0.47
1 1 1 1
599 21 36 248 131.15
368 72 68 62
600 27 25 288 431.80
1157 480 197 293
601 39 42 138 4.62
8 24 4 4
602 5 4 276 17.63
50 9 6 9
603 27 8 220 165.86
341 295 302 776
604 43 170 254 76.98
113 199 481 126
605 5 186 287 501.85
1005 1658 920 414
606 17 28 258 10.41
11 77 19 19
607 9 15 286 349.61
479 1253 1644 1084
608 35 8 273 68.92
105 95 105 960
609 29 1 245 229.01
354 316 1175 1465
610 84 91 287 134.83
212 804 114 114
611 40 180 288 420.74
1206 199 136 103
612 32 56 247 174.65
181 1327 331 235
613 25 10 233 46.73
69 241 119 56
614 5 79 270 105.37
151 550 277 154
615 13 213 287 54.93
153 36 24 33
616 38 38 154 50.35
145 18 16 21
617 100 174 288 277.06
785 144 106 124
618 41 9 64 201.89
317 200 1179 1172
619 23 35 195 125.12
240 195 324 717
620 141 13 272 113.53
320 58 61 42
621 83 51 288 134.73
255 241 293 839
622 52 160 288 64.33
100 139 283 347
623 27 17 288 234.85
672 106 69 103
624 6 0 221 70.60
74 538 95 156
625 6 95 261 55.00
156 24 27 24
626 27 114 236 43.87
64 210 145 46
627 15 69 149 60.46
88 99 158 721
628 17 97 280 143.05
404 61 72 88
629 1 53 288 46.02
56 324 72 53
630 129 48 287 20.10
32 31 55 202
631 95 17 268 11.66
18 61 20 20
632 31 115 264 92.41
114 578 241 110
633 22 194 287 454.09
1243 333 302 266
634 27 26 266 200.33
286 472 1325 432
635 12 112 275 91.94
120 637 112 87
636 22 122 233 34.00
57 54 59 365
637 16 39 286 222.70
331 555 1254 644
638 13 75 229 114.38
311 64 103 102
639 40 190 287 164.31
245 242 1080 657
640 12 102 287 238.67
504 666 439 197
641 57 54 214 6.67
11 8 14 77
642 75 112 284 453.43
1288 168 243 221
643 52 20 145 216.92
316 602 1185 606
644 18 23 120 230.92
383 487 1168 641
645 72 6 172 115.65
178 126 834 370
646 17 75 238 80.75
148 130 131 703
647 157 29 204 19.04
54 7 11 9
648 15 31 210 116.94
184 163 857 184
649 9 4 152 69.37
94 412 129 134
650 11 192 280 322.70
878 252 217 213
651 88 0 208 58.88
102 113 103 526
652 25 39 234 29.95
34 227 37 40
653 101 108 288 112.30
189 173 486 629
654 2 10 153 249.46
639 359 189 186
655 25 30 133 69.25
194 32 41 45
656 7 11 283 46.82
48 223 273 100
657 2 104 200 4.59
7 8 33 7
658 4 71 230 475.32
1297 469 216 175
659 93 64 272 186.46
352 344 629 695
660 10 18 146 61.10
80 90 498 207
661 66 18 158 122.32
201 227 260 1176
662 17 0 108 284.20
307 1151 1388 1534
663 7 38 206 118.03
162 270 566 799
664 84 8 191 22.60
65 7 9 10
665 47 61 281 278.42
459 518 1356 1124
666 44 208 279 271.24
413 442 1519 1365
667 52 32 225 96.63
252 121 77 56
668 20 155 273 162.94
454 95 98 78
669 47 17 238 682.18
1485 1744 1121 687
670 2 33 193 92.04
132 133 527 605
671 85 29 281 351.12
902 538 207 245
672 3 47 111 18.97
36 72 32 21
673 6 146 165 68.71
105 114 159 786
674 17 156 287 62.37
99 82 474 67
675 102 9 140 60.89
170 32 29 50
676 61 31 155 69.94
130 105 87 659
677 59 8 73 9.73
17 14 27 79
678 64 53 269 137.23
182 928 173 146
679 66 5 287 18.03
31 28 31 185
680 1 168 270 126.30
362 56 39 46
681 4 0 145 311.39
616 1143 415 332
682 15 26 288 50.87
68 355 47 48
683 105 11 287 68.99
109 100 353 396
684 26 49 196 14.51
24 29 30 133
685 20 228 287 11.85
20 14 80 21
686 11 69 269 53.87
66 77 514 103
687 34 87 228 13.55
26 15 73 20
688 15 39 193 3.79
10 3 4 4
689 11 74 222 74.60
197 76 53 74
690 79 67 288 130.00
199 204 917 285
691 22 15 196 95.57
188 131 121 789
692 70 129 276 283.91
514 1188 522 245
693 19 147 202 370.13
912 645 355 295
694 3 9 177 41.14
61 78 188 282
695 161 97 288 80.33
218 63 56 56
696 68 9 248 57.09
154 35 53 56
697 5 112 248 70.24
131 68 435 73
698 62 69 258 137.73
215 453 672 132
699 113 51 280 1.30
2 7 2 2
700 13 44 159 98.94
141 151 846 80
701 59 20 219 402.44
1139 208 206 97
702 34 62 285 32.71
44 166 107 60
703 13 0 72 457.81
729 1484 1913 945
704 8 1 204 443.22
1135 738 252 202
705 14 0 67 80.61
171 95 101 540
706 62 76 237 168.64
470 81 114 106
707 31 44 269 191.69
435 489 167 244
708 124 46 223 45.43
51 331 76 69
709 135 38 246 58.15
107 110 95 450
710 2 0 23 2.92
8 2 2 2
711 71 56 191 34.66
45 225 66 34
712 84 52 192 311.22
498 710 1206 1694
713 39 29 90 148.26
296 587 126 135
714 30 19 225 153.54
433 61 97 77
715 1 0 255 132.64
240 168 285 1195
716 32 181 288 380.59
1072 227 122 219
717 3 274 288 407.81
661 1259 1313 1650
718 22 230 288 293.79
738 521 202 169
719 7 0 85 20.24
36 26 39 199
720 86 25 138 10.51
19 22 15 84
721 33 55 272 334.41
675 1280 259 384
722 22 82 204 75.64
146 79 141 647
723 3 22 133 44.35
61 74 371 64
724 86 0 218 70.76
116 153 164 592
725 27 8 79 81.51
157 93 156 670
726 97 70 242 67.16
127 79 77 681
727 12 129 177 87.42
154 429 93 81
728 21 39 190 139.54
150 1002 327 162
729 16 75 261 41.28
82 53 65 315
730 25 70 274 23.09
62 21 14 21
731 24 16 188 103.80
186 161 401 516
732 42 217 286 345.60
954 286 139 175
733 20 204 244 140.84
221 693 333 138
734 27 34 117 107.52
169 618 110 123
735 36 121 194 356.96
723 1380 292 303
736 46 9 257 88.06
241 73 50 44
737 189 39 287 48.38
86 92 79 415
738 18 140 288 19.27
29 25 160 17
739 61 137 266 108.41
148 432 520 193
740 7 52 279 71.70
107 95 570 120
741 42 166 287 177.45
504 79 93 52
742 19 67 174 193.05
300 382 1282 283
743 3 7 156 229.48
325 914 1096 255
744 63 64 244 108.46
166 311 630 86
745 2 195 253 21.32
33 28 169 21
746 2 221 235 4.31
7 10 8 39
747 137 112 287 61.95
114 92 114 529
748 6 155 286 5.40
9 6 39 7
749 6 0 263 47.01
94 59 84 334
750 24 22 276 25.31
24 200 56 26
751 73 27 222 92.89
166 178 364 356
752 31 31 177 146.16
245 297 799 284
753 49 65 229 9.90
28 4 5 6
754 82 117 287 32.71
37 35 353 59
755 51 28 229 310.45
464 609 1667 1518
756 2 49 166 94.94
138 158 728 167
757 94 25 280 48.33
63 335 62 40
758 116 33 258 58.77
108 53 323 177
759 47 50 194 67.01
95 91 540 161
760 92 76 252 416.62
944 1229 261 256
761 112 107 268 12.91
19 16 106 22
762 23 8 78 67.06
125 303 60 67
763 22 10 278 85.49
152 150 152 746
764 10 13 228 84.43
151 150 180 659
765 38 243 287 38.97
63 101 89 291
766 37 49 285 317.42
911 139 96 108
767 13 18 235 45.55
62 302 57 45
768 52 0 145 180.49
498 130 92 114
769 9 9 267 142.20
190 401 933 306
770 25 17 112 25.92
29 35 280 29
771 4 129 244 122.08
154 857 155 144
772 40 73 269 1.20
2 2 2 13
773 105 67 224 65.13
106 340 99 62
774 13 223 287 38.74
56 52 326 52
775 44 57 286 330.54
890 325 196 201
776 39 172 274 202.46
573 92 115 64
777 37 9 84 181.53
283 480 1060 182
778 12 141 282 4.41
8 6 11 35
779 51 31 244 132.00
238 184 426 866
780 13 31 230 74.77
123 388 100 87
781 22 119 244 36.83
47 255 53 34
782 23 198 287 17.96
50 10 9 14
783 60 67 283 8.91
13 21 25 83
784 49 163 285 52.29
65 373 54 82
785 12 2 35 197.25
564 85 62 96
786 21 177 287 167.63
476 75 63 99
787 28 41 288 171.73
322 171 403 1461
788 26 10 211 218.08
449 840 153 143
789 45 134 242 10.56
18 17 65 15
790 19 1 58 13.20
36 11 8 7
791 15 88 181 81.98
141 144 98 877
792 1 154 234 193.38
310 1009 300 240
793 3 139 279 402.91
950 907 346 386
794 4 137 274 12.16
29 24 11 16
795 13 21 237 69.11
103 410 95 71
796 21 16 211 515.14
908 1851 1269 1059
797 40 27 255 417.45
794 1048 1561 334
798 47 197 287 40.39
67 103 72 323
799 6 144 195 79.97
117 515 57 97
800 2 89 222 60.89
81 410 82 56
801 23 69 240 95.20
153 104 322 942
802 23 219 259 26.65
39 165 30 30
803 41 41 199 12.06
24 24 11 82
804 20 27 280 31.98
38 229 52 34
805 56 33 226 23.07
38 36 119 101
806 53 44 175 176.70
470 132 176 171
807 98 96 272 26.11
49 52 37 192
808 13 176 287 123.71
124 1040 112 170
809 5 8 240 191.26
223 1355 377 176
810 106 63 269 61.88
82 306 239 82
811 8 151 287 641.34
1402 973 1466 1739
812 36 68 260 159.26
218 195 1063 996
813 82 5 183 97.43
271 58 50 67
814 11 24 221 286.86
780 243 174 177
815 24 27 252 146.54
194 932 290 127
816 63 152 288 121.47
176 232 325 1345
817 13 124 288 416.20
668 1394 1635 859
818 16 20 233 25.14
37 37 197 44
819 101 8 226 21.47
60 11 11 16
820 184 5 287 55.37
110 70 91 418
821 88 11 278 32.31
46 202 31 59
822 29 8 157 160.54
271 404 718 371
823 32 10 259 87.23
146 120 577 144
824 23 49 278 276.44
432 1220 864 296
825 79 51 227 357.62
1002 195 178 208
826 4 0 278 24.86
35 25 234 22
827 1 122 280 312.52
811 352 297 259
828 6 2 233 36.81
61 94 60 306
829 22 4 220 169.23
237 1059 259 169
830 65 179 288 64.92
112 124 122 571
831 43 179 286 69.68
120 113 286 366
832 21 49 210 26.86
50 48 31 234
833 63 20 195 177.31
277 432 1055 241
834 15 175 257 68.00
78 110 697 70
835 94 6 264 463.75
1034 1423 325 286
836 94 71 220 73.54
102 176 358 449
837 18 210 287 293.60
408 900 1221 1606
838 19 111 226 108.41
236 314 92 171
839 80 0 146 8.18
16 10 11 71
840 11 9 117 204.93
539 187 198 194
841 131 62 287 48.33
85 74 107 425
842 11 0 186 421.05
1082 604 314 281
843 97 76 275 77.41
212 57 42 62
844 68 141 282 11.71
19 61 14 20
845 20 86 288 140.98
274 238 331 771
846 23 179 288 304.55
554 440 1292 1265
847 111 21 196 7.00
19 5 5 6
848 41 9 114 76.75
123 118 439 303
849 14 6 263 385.64
917 855 325 313
850 22 4 284 74.84
85 550 126 84
851 5 244 287 549.78
1118 1557 1267 475
852 4 14 259 30.89
48 46 230 41
853 95 11 195 9.35
20 13 18 42
854 92 179 281 49.88
64 268 181 55
855 29 6 279 186.03
386 710 112 137
856 38 46 243 411.77
834 1401 665 266
857 58 99 219 434.03
926 1288 567 458
858 23 175 270 178.19
336 175 821 691
859 1 93 221 79.53
128 69 649 78
860 110 98 287 96.82
155 187 295 788
861 15 5 243 288.34
805 202 130 101
862 17 4 179 222.08
443 885 145 278
863 1 189 286 30.80
54 153 27 38
864 31 110 215 49.98
66 313 88 82
865 21 110 235 425.43
1214 200 138 183
866 12 1 187 62.77
89 412 60 62
867 30 226 288 63.06
108 103 94 667
868 43 59 140 4.03
7 19 6 4
869 74 11 201 10.27
29 5 6 3
870 72 1 226 119.84
324 85 96 103
871 42 91 247 9.12
13 13 17 132
872 2 5 204 334.13
600 1441 567 323
873 40 144 288 125.64
188 115 1087 181
874 51 81 279 79.01
133 137 346 388
875 11 13 261 11.81
15 84 12 15
876 78 90 243 28.11
80 12 14 9
877 3 53 125 105.45
295 45 78 54
878 15 86 245 81.91
139 178 123 750
879 17 159 264 409.01
667 1662 1356 322
880 35 159 250 42.23
42 354 52 38
881 56 102 288 115.37
191 168 737 244
882 77 22 244 3.56
10 2 2 1
883 86 6 191 44.39
50 252 197 34
884 6 175 288 292.18
769 407 114 185
885 94 0 183 68.19
82 72 677 176
886 22 26 250 106.65
147 517 375 167
887 67 112 286 16.92
28 17 124 27
888 23 108 261 247.77
472 1060 253 221
889 20 27 276 294.45
581 771 798 453
890 84 190 288 85.86
111 331 495 107
891 15 94 284 406.37
837 1515 345 293
892 8 2 40 438.39
603 1782 1566 1685
893 26 43 184 65.08
61 536 96 108
894 48 68 162 40.98
71 53 64 458
895 4 35 272 4.24
6 24 9 6
896 12 97 158 6.67
9 11 57 10
897 6 49 266 26.53
49 32 55 234
898 73 37 200 11.95
9 111 18 12
899 6 42 198 128.35
205 182 929 173
900 71 2 135 229.93
373 309 1276 1057
901 6 31 237 233.18
338 272 1546 1256
902 66 173 265 43.00
82 76 63 323
903 14 41 259 201.68
332 727 698 334
904 7 19 148 1.04
2 2 4 2
905 17 63 239 52.95
90 66 338 113
906 3 5 144 22.86
42 35 47 183
907 55 51 225 49.53
64 354 42 60
908 70 162 283 110.77
137 482 615 107
909 72 122 269 6.60
10 12 48 8
910 1 210 288 320.72
513 829 1442 1058
911 8 107 211 8.79
13 11 72 14
912 16 64 240 14.56
24 24 29 152
913 9 49 256 153.49
402 230 60 76
914 8 19 269 163.34
212 1141 158 225
915 30 18 165 71.09
125 140 79 689
916 9 64 212 122.86
240 134 240 972
917 159 4 287 60.35
111 98 251 211
918 24 30 178 3.46
5 4 29 7
919 17 135 287 102.26
131 684 161 132
920 42 52 251 153.23
428 99 78 58
921 33 52 146 69.32
187 47 61 61
922 47 91 231 34.10
51 53 46 482
923 129 9 259 31.95
41 159 139 27
924 135 4 218 80.68
231 33 30 31
925 16 97 158 272.48
453 1071 801 407
926 76 104 260 77.71
120 445 75 133
927 12 25 282 443.37
894 1389 828 477
928 12 81 239 62.70
67 508 66 67
929 11 199 287 95.15
144 530 136 160
930 81 120 267 123.21
350 47 69 50
931 11 27 134 144.84
218 286 574 1089
932 9 4 137 0.54
1 2 1 1
933 2 130 288 81.32
206 146 38 53
934 76 70 220 51.84
96 51 309 85
935 58 34 286 68.47
121 113 123 627
936 66 151 285 74.41
207 58 28 30
937 59 33 213 132.40
184 854 165 151
938 16 39 281 519.10
1241 1172 347 446
939 144 6 259 223.57
635 75 125 123
940 12 2 124 209.52
330 1090 373 256
941 11 196 269 383.11
1036 380 214 187
942 28 9 238 219.66
365 393 1110 813
943 77 7 187 231.08
352 923 833 444
944 48 31 180 73.35
117 160 213 569
945 64 36 277 333.77
952 135 171 90
946 131 23 209 59.64
98 279 132 58
947 42 105 287 112.73
163 295 354 909
948 21 87 249 200.64
362 228 835 1093
949 21 163 249 423.10
1204 231 143 121
950 19 61 153 72.41
96 107 644 120
951 162 50 288 27.43
32 211 24 35
952 13 11 141 45.29
79 52 135 390
953 113 42 254 8.79
12 51 19 14
954 14 168 248 104.41
284 85 69 62
955 79 129 231 12.89
16 89 15 26
956 7 136 254 50.33
68 237 190 93
957 25 51 169 29.74
44 24 268 38
958 44 9 264 315.04
446 1060 1708 530
959 3 52 139 90.25
117 630 119 64
960 35 25 265 20.97
38 30 39 190
961 78 75 219 8.58
9 14 89 18
962 9 36 280 97.39
178 149 157 880
963 86 6 278 152.97
228 482 804 246
964 6 259 284 38.17
54 231 54 63
965 2 88 260 143.01
265 280 448 623
966 24 10 184 190.74
248 907 792 318
967 35 137 220 241.05
350 434 1559 910
968 16 92 213 11.78
31 12 10 10
969 39 6 190 66.78
132 83 96 545
970 22 115 248 57.85
73 128 406 237
971 15 3 135 243.20
419 373 1119 1098
972 27 5 193 414.15
1184 166 175 152
973 69 38 180 51.13
59 345 121 67
974 7 72 196 63.69
97 113 123 760
975 2 0 237 241.88
675 114 148 177
976 42 211 288 12.49
18 81 11 13
977 2 196 227 63.20
136 77 93 361
978 44 210 284 80.68
111 379 308 117
979 11 171 242 68.47
121 341 51 87
980 21 55 212 112.42
166 228 597 569
981 51 161 244 8.55
12 21 25 82
982 77 65 288 13.43
37 9 9 7
983 27 104 207 72.60
124 115 97 806
984 29 1 287 72.29
96 88 684 92
985 38 132 281 151.04
222 787 363 215
986 14 39 176 145.39
203 261 868 809
987 30 15 162 72.46
136 119 126 562
988 57 47 288 10.44
15 13 86 22
989 3 122 288 91.38
183 178 116 550
990 63 3 286 57.87
159 46 30 32
991 34 20 198 70.10
104 425 68 108
992 25 12 164 7.09
10 47 7 6
993 35 176 276 30.94
37 227 40 34
994 78 151 282 12.02
17 57 43 15
995 38 18 60 162.35
268 845 224 155
996 47 36 161 102.66
114 193 813 556
997 36 185 260 150.59
421 69 96 98
998 10 225 277 14.09
17 34 117 24
999 30 41 267 4.48
8 8 8 38
1000 11 92 243 42.27
65 55 327 65
1001 41 0 58 240.75
365 1325 406 320
1002 64 219 288 54.55
147 54 26 43
1003 37 80 181 89.71
106 222 257 1143
1004 5 254 288 11.15
32 3 6 4
1005 22 89 152 70.81
100 311 275 122
1006 11 1 202 667.24
1685 917 717 542
1007 45 59 194 228.89
652 108 72 118
1008 5 43 202 138.43
219 589 432 178
1009 47 6 105 23.30
33 59 103 144
1010 41 97 228 127.19
191 612 347 194
1011 38 62 249 115.27
222 479 117 113
1012 89 130 288 1.01
2 3 2 2
1013 10 176 233 225.57
625 165 107 114
1014 18 89 288 580.15
1529 754 318 317
1015 2 233 287 24.41
31 154 54 32
1016 6 155 247 23.19
30 53 186 33
1017 98 134 269 78.56
78 643 116 81
1018 19 128 278 66.33
86 169 326 452
1019 2 1 41 1.30
2 7 2 2
1020 33 5 175 15.03
18 38 34 204
1021 2 0 254 25.05
43 28 50 277
1022 33 44 273 185.68
527 90 85 62
1023 94 56 265 25.50
42 46 46 264
1024 8 129 187 9.10
13 57 11 11
1025 12 67 259 109.55
178 186 728 143
1026 22 1 127 143.59
262 290 442 672
1027 20 18 269 170.69
272 263 677 1293
1028 4 0 11 494.47
1157 1233 379 330
1029 33 0 126 16.80
47 8 9 13
1030 9 46 249 119.68
335 53 81 68
1031 118 18 189 1.63
3 3 3 12
1032 69 37 219 251.84
683 183 177 223
1033 3 41 189 23.26
31 144 39 43
1034 1 79 233 54.38
99 56 113 528
1035 65 32 262 85.89
96 445 408 150
1036 110 83 285 1.11
1 10 1 1
1037 27 57 217 174.09
251 1028 304 182
1038 68 28 275 207.24
327 360 1309 519
1039 3 40 195 132.61
178 241 636 1141
1040 25 16 177 74.15
102 149 539 194
1041 90 2 288 79.48
154 154 111 533
1042 13 2 85 130.56
365 78 59 79
1043 64 28 200 352.20
715 959 884 292
1044 2 66 226 32.00
47 42 264 46
1045 38 29 253 21.44
18 190 30 28
1046 37 22 170 27.00
39 45 41 383
1047 14 44 162 77.83
125 70 632 79
1048 14 142 287 36.19
51 69 145 325
1049 79 67 267 59.78
104 91 358 92
1050 1 19 198 289.05
441 1117 1227 288
1051 73 80 272 113.29
203 140 212 1122
1052 45 53 218 24.34
38 30 193 25
1053 52 136 288 5.68
10 10 11 49
1054 59 0 154 81.13
103 113 768 126
1055 15 1 69 134.76
232 427 477 236
1056 66 188 288 113.88
212 232 135 899
1057 31 110 288 38.10
75 44 64 307
1058 58 17 146 3.72
10 3 3 3
1059 49 16 288 229.58
393 552 1087 411
1060 48 152 280 39.07
35 357 31 35
1061 30 56 262 62.73
95 79 509 77
1062 1 26 266 23.56
22 197 34 33
1063 1 109 209 121.80
184 276 780 205
1064 51 131 285 31.41
41 50 284 41
1065 6 12 150 13.57
15 98 24 24
1066 48 50 262 14.28
21 11 130 19
1067 77 35 287 111.41
160 246 548 654
1068 16 33 226 59.14
69 463 54 47
1069 81 25 193 57.64
162 28 29 36
1070 28 175 264 50.83
86 189 162 62
1071 1 22 280 75.07
204 78 28 40
1072 27 5 113 545.82
1128 1551 1124 471
1073 58 9 271 128.73
132 1022 224 101
1074 66 99 208 69.23
108 257 275 105
1075 26 57 274 5.47
10 11 11 37
1076 47 1 228 114.19
171 235 333 1081
1077 118 30 221 19.13
26 37 37 263
1078 47 14 231 57.49
73 122 481 90
1079 42 1 222 76.77
101 172 268 792
1080 48 26 271 216.90
342 961 656 222
1081 32 86 274 113.08
222 193 113 886
1082 88 18 247 554.37
1153 1716 961 315
1083 73 173 282 86.92
103 518 293 107
1084 19 107 175 13.17
36 9 9 10
1085 162 94 287 192.89
556 66 52 100
1086 4 105 258 45.62
129 26 17 18
1087 17 19 100 225.17
372 781 852 301
1088 1 181 260 284.67
749 337 198 188
1089 34 5 243 142.09
250 194 721 506
1090 129 46 246 571.36
1474 892 286 364
1091 12 80 273 176.02
492 90 111 90
1092 26 85 288 65.06
98 139 89 794
1093 39 5 236 12.16
19 60 28 14
1094 16 48 168 16.16
21 111 23 13
1095 56 31 144 296.52
507 1467 393 299
1096 19 20 105 41.45
55 54 381 65
1097 22 97 224 76.18
203 70 56 69
1098 129 1 195 21.54
34 34 152 32
1099 6 131 273 130.28
178 495 717 118
1100 12 49 159 139.09
259 239 473 614
1101 87 31 273 175.52
292 149 1275 364
1102 23 45 231 95.67
182 169 156 693
1103 35 1 236 217.63
604 182 72 90
1104 25 12 268 142.65
253 305 364 869
1105 74 105 263 77.29
213 57 41 45
1106 32 44 237 392.47
666 1061 1356 1437
1107 30 21 262 55.09
57 59 631 101
1108 52 61 287 73.19
111 138 114 910
1109 18 101 243 18.87
19 50 176 33
1110 9 86 254 191.38
249 1067 585 265
1111 91 100 288 49.65
139 27 30 20
1112 18 111 259 141.73
326 356 136 111
1113 64 31 273 61.17
66 460 102 88
1114 99 24 217 53.39
151 24 23 34
1115 72 59 158 178.49
356 312 469 717
1116 10 12 197 176.37
501 83 68 86
1117 132 42 247 75.54
129 97 509 91
1118 6 113 253 455.08
946 1074 923 1001
1119 20 28 248 16.12
46 8 5 6
1120 13 9 228 172.67
287 860 215 300
1121 79 10 195 156.51
272 253 912 251
1122 37 127 265 1.25
2 2 9 1
1123 68 0 154 140.84
271 182 380 877
1124 97 3 277 29.34
82 14 19 17
1125 88 91 284 128.44
244 209 121 1166
1126 2 56 262 25.83
37 152 49 24
1127 53 11 168 5.28
7 36 6 6
1128 23 8 265 173.40
251 914 438 227
1129 23 119 288 58.70
91 82 432 107
1130 37 39 288 70.67
104 141 493 134
1131 45 132 288 77.50
121 91 596 130
1132 7 2 79 254.95
700 189 175 103
1133 58 69 269 82.38
153 346 102 112
1134 40 189 287 219.63
356 403 1291 546
1135 6 12 131 15.50
18 117 19 17
1136 17 67 156 179.36
269 789 599 281
1137 26 7 156 67.98
104 143 114 772
1138 23 68 287 477.86
1145 1110 309 302
1139 66 56 206 125.87
345 71 98 103
1140 106 80 274 96.73
241 171 81 56
1141 37 59 137 343.41
784 738 453 478
1142 19 188 265 136.86
189 323 865 463
1143 89 82 282 77.36
169 84 112 441
1144 125 70 286 8.08
15 20 11 51
1145 22 153 287 206.41
373 294 776 1104
1146 65 30 264 68.69
117 156 165 479
1147 75 146 288 81.18
226 43 39 74
1148 69 10 126 145.53
416 66 49 56
1149 12 1 287 4.38
9 6 9 24
1150 6 93 214 134.33
210 460 590 201
1151 17 20 240 38.46
74 63 52 303
1152 6 84 205 250.10
721 65 105 115
1153 15 1 165 255.64
540 786 345 241
1154 12 1 288 213.44
577 137 178 213
1155 12 70 188 113.50
192 156 767 127
1156 14 34 259 23.56
31 166 24 20
1157 167 32 243 40.79
113 25 24 26
1158 175 28 230 89.07
253 46 29 42
1159 24 127 267 24.22
34 65 167 23
1160 36 1 39 235.40
366 307 1297 1351
1161 30 112 273 21.87
60 14 14 18
1162 5 61 281 205.61
372 525 765 413
1163 55 133 273 113.79
209 131 150 1210
1164 2 206 256 76.25
116 148 502 164
1165 5 150 287 200.62
548 167 113 115
1166 29 78 241 57.82
70 418 79 62
1167 72 128 275 60.84
101 82 381 160
1168 51 120 287 194.04
294 595 1085 164
1169 51 32 146 281.49
418 1036 1242 502
1170 118 27 280 249.63
720 72 107 84
1171 9 15 247 211.20
273 400 1295 1351
1172 3 0 206 368.81
1050 151 197 105
1173 44 125 236 58.58
89 63 481 89
1174 57 41 264 79.74
144 392 60 72
1175 6 270 288 153.56
222 884 263 231
1176 49 21 137 30.16
40 189 45 63
1177 2 63 151 42.13
69 66 291 42
1178 35 8 197 84.03
166 131 115 619
1179 9 241 285 65.60
101 78 531 74
1180 94 5 236 237.16
675 77 124 136
1181 15 24 205 276.42
541 912 551 319
1182 86 5 193 344.97
695 1342 256 372
1183 28 165 218 20.01
26 50 28 279
1184 22 2 271 32.02
54 65 177 54
1185 32 18 288 14.02
18 94 22 17
1186 76 48 160 321.10
630 1082 597 367
1187 14 15 162 605.43
1280 1606 1202 552
1188 33 31 78 129.64
205 215 903 181
1189 41 107 288 61.22
113 273 65 67
1190 23 84 271 166.59
476 49 81 97
1191 69 122 263 33.29
40 244 44 33
1192 43 74 268 118.57
179 657 219 117
1193 25 32 148 117.72
200 174 501 672
1194 2 1 74 139.75
284 220 265 765
1195 33 5 169 18.87
29 47 51 152
1196 44 162 235 183.89
321 207 906 877
1197 103 5 128 33.15
44 55 104 418
1198 60 57 266 295.98
801 241 207 210
1199 14 3 123 92.18
150 334 362 86
1200 40 134 264 105.89
292 86 46 56
1201 73 115 244 15.03
27 20 31 138
1202 4 128 205 71.54
66 140 800 92
1203 3 0 32 688.42
1511 1061 1927 1025
1204 55 111 212 223.73
404 214 1006 1185
1205 35 37 288 310.07
356 1338 1301 1559
1206 7 78 199 23.28
43 32 39 212
1207 37 21 224 11.33
13 21 111 14
1208 49 1 278 222.65
476 792 132 145
1209 12 151 272 106.93
126 751 205 111
1210 30 12 287 18.33
28 19 154 21
1211 33 89 235 34.19
37 58 346 67
1212 212 38 272 80.19
132 150 149 807
1213 30 1 211 237.14
562 592 129 162
1214 104 96 235 104.27
205 156 161 765
1215 13 66 217 38.48
56 239 50 32
1216 26 4 265 99.70
104 134 1004 365
1217 8 77 277 33.84
60 56 184 60
1218 18 44 166 133.70
200 188 865 580
1219 72 24 214 74.98
119 279 308 63
1220 90 0 225 36.97
34 321 43 44
1221 17 5 101 2.17
4 3 5 17
1222 76 21 220 395.13
895 1158 221 323
1223 63 19 281 55.92
80 70 298 447
1224 9 3 100 633.10
1392 1350 1240 850
1225 52 114 269 138.81
204 810 235 135
1226 131 2 215 108.16
288 109 90 51
1227 62 91 222 242.77
365 756 1175 575
1228 8 80 283 152.83
303 226 557 452
1229 37 29 260 5.61
6 45 6 7
1230 9 13 288 330.97
695 1160 249 338
1231 17 113 232 3.20
5 5 22 7
1232 37 74 250 116.00
307 105 104 102
1233 5 38 170 15.01
22 17 130 18
1234 8 1 102 382.60
603 917 1828 1388
1235 44 0 198 391.62
854 836 743 670
1236 64 141 288 762.79
1803 1678 833 430
1237 19 54 278 284.64
741 336 271 156
1238 11 19 255 86.88
119 149 701 172
1239 38 25 205 36.50
51 222 49 71
1240 48 28 201 48.30
91 214 47 40
1241 13 43 259 70.74
119 116 433 122
1242 66 0 143 2.45
7 1 1 1
1243 9 51 101 88.53
156 149 183 760
1244 50 28 287 200.52
279 326 1028 1570
1245 11 22 221 123.33
160 281 542 1067
1246 14 129 166 278.21
630 776 202 255
1247 10 100 256 188.01
269 339 1351 494
1248 2 189 287 48.00
124 50 51 49
1249 33 170 253 78.35
114 218 221 633
1250 124 7 260 78.51
107 137 676 71
1251 108 33 281 36.50
60 51 74 408
1252 27 20 112 96.75
98 619 369 139
1253 1 239 267 44.49
72 75 92 471
1254 24 2 188 14.35
40 7 10 8
1255 4 17 53 14.21
28 20 27 97
1256 68 61 288 33.67
56 76 54 309
1257 27 5 219 23.73
39 48 48 221
1258 2 110 259 8.48
11 12 77 16
1259 26 53 288 278.38
775 155 169 161
1260 39 145 285 130.66
202 219 584 892
1261 16 123 287 69.06
91 466 69 121
1262 34 226 288 122.18
168 790 173 117
1263 64 43 275 107.21
151 632 189 162
1264 7 152 287 80.33
152 149 159 516
1265 4 102 159 111.31
141 441 655 117
1266 58 1 205 143.34
210 360 962 139
1267 27 22 264 53.82
111 96 62 318
1268 4 83 237 61.66
110 95 143 506
1269 35 140 236 183.30
510 104 117 93
1270 6 57 288 139.19
269 139 371 982
1271 17 27 252 71.14
111 106 427 293
1272 12 142 250 48.87
55 83 503 49
1273 14 7 187 24.95
48 49 43 154
1274 38 7 216 222.67
630 94 138 72
1275 4 162 270 172.44
484 111 59 91
1276 65 64 222 92.86
193 342 78 57
1277 15 17 282 63.41
73 493 60 70
1278 38 39 231 71.33
116 138 216 557
1279 9 2 101 15.15
28 30 19 123
1280 43 151 288 274.84
711 349 207 249
1281 31 12 212 84.12
122 530 88 96
1282 104 31 270 271.05
716 364 142 103
1283 21 103 218 62.89
120 99 314 64
1284 30 48 226 245.20
347 1408 535 254
1285 40 1 231 170.86
204 612 1190 179
1286 24 196 279 29.17
33 233 27 23
1287 33 161 288 55.94
77 124 402 120
1288 5 166 216 230.31
651 124 79 130
1289 13 43 246 89.85
229 143 67 44
1290 93 40 252 51.41
94 70 73 510
1291 34 79 147 330.87
951 117 115 147
1292 20 82 264 290.98
355 1383 1483 264
1293 17 2 161 2.43
4 6 6 17
1294 94 26 288 78.21
112 497 88 84
1295 167 67 280 252.39
720 111 100 98
1296 4 42 100 86.17
75 759 132 66
1297 17 0 284 271.90
346 583 1700 1546
1298 51 26 133 12.77
15 88 22 24
1299 14 34 183 220.36
609 105 174 163
1300 1 102 237 552.98
1396 1028 262 316
1301 22 23 248 520.58
1362 711 363 166
1302 67 170 266 43.33
56 100 321 113
1303 15 79 276 99.06
95 183 1041 243
1304 7 2 287 571.03
1022 1730 1661 1414
1305 165 1 288 35.75
65 58 49 335
1306 25 231 288 70.95
201 41 21 32
1307 71 65 221 216.48
618 88 103 65
1308 63 10 223 17.08
30 37 29 136
1309 195 76 288 40.62
70 51 83 425
1310 3 12 287 111.34
177 234 198 1149
1311 79 60 288 219.92
631 95 69 76
1312 10 8 214 75.71
140 102 158 631
1313 26 26 283 252.27
729 93 66 89
1314 23 66 253 18.24
22 35 165 31
1315 49 43 164 100.94
163 193 404 615
1316 25 234 287 22.46
37 45 42 216
1317 44 94 264 38.81
108 17 29 26
1318 3 90 262 469.43
1057 982 927 324
1319 16 229 288 52.22
96 108 80 388
1320 14 108 278 1.32
2 2 10 2
1321 11 171 287 267.61
397 513 1353 1554
1322 29 57 246 76.11
118 414 107 122
1323 35 9 161 193.31
534 135 95 133
1324 33 18 217 361.34
830 929 290 348
1325 23 24 192 1.84
3 4 4 16
1326 13 145 264 366.22
1033 178 194 158
1327 17 14 252 88.39
246 49 50 60
1328 29 72 251 3.75
10 3 3 4
1329 25 25 259 90.11
92 671 185 153
1330 21 174 278 4.50
7 8 29 11
1331 98 18 171 145.01
271 149 326 1261
1332 18 59 287 181.96
234 1117 477 141
1333 3 134 273 27.97
56 36 49 197
1334 28 13 255 352.48
992 148 213 201
1335 24 232 288 49.27
136 33 30 28
1336 55 114 277 111.57
184 212 295 933
1337 16 43 103 336.74
745 988 341 215
1338 96 64 275 26.27
74 11 16 14
1339 24 1 269 364.99
754 1171 494 433
1340 17 60 143 8.62
13 11 13 125
1341 30 222 287 5.00
8 12 9 46
1342 30 155 280 3.28
5 4 25 7
1343 65 131 264 57.97
95 142 122 460
1344 38 20 120 240.86
635 218 230 218
1345 70 13 250 59.69
100 152 90 497
1346 43 18 280 164.47
249 170 1317 350
1347 51 49 171 134.45
208 465 577 245
1348 5 69 270 346.40
780 1021 277 164
1349 7 73 147 205.59
294 1255 290 264
1350 21 8 243 414.97
1106 532 146 239
1351 25 50 281 51.11
88 63 330 88
1352 26 235 287 141.69
200 203 786 1032
1353 6 145 227 80.47
212 89 64 52
1354 103 0 256 164.92
466 72 99 61
1355 5 152 269 107.59
185 225 151 999
1356 48 106 277 168.78
460 114 129 123
1357 35 104 288 687.34
1696 1097 785 565
1358 22 30 177 59.54
122 77 116 356
1359 33 65 267 87.66
128 136 646 228
1360 14 7 245 190.30
519 114 167 134
1361 13 113 196 142.86
167 680 723 239
1362 137 8 246 77.00
130 185 149 595
1363 18 145 222 69.21
99 64 598 163
1364 24 4 264 542.35
1058 1511 1498 676
1365 63 49 192 10.91
9 99 13 14
1366 8 63 128 24.32
52 29 42 133
1367 22 10 89 23.16
24 183 34 30
1368 9 10 268 338.56
770 901 310 265
1369 83 184 286 16.16
46 7 8 5
1370 12 1 57 287.59
418 1209 1171 384
1371 7 7 211 56.03
64 404 105 60
1372 54 0 253 95.05
159 152 248 856
1373 3 78 182 539.93
1275 1154 638 326
1374 111 7 212 57.42
87 96 114 703
1375 20 151 278 470.18
1337 152 261 258
1376 1 84 201 267.54
416 975 924 757
1377 39 52 226 159.43
419 216 78 96
1378 42 137 288 19.68
55 10 12 11
1379 17 0 228 34.52
64 63 32 316
1380 23 48 276 471.97
1144 823 526 493
1381 56 132 283 32.92
92 18 18 19
1382 56 92 213 133.56
375 73 71 57
1383 28 7 211 136.53
389 72 37 58
1384 2 15 288 361.41
964 361 231 297
1385 125 33 221 43.87
57 305 49 51
1386 41 119 271 209.34
259 366 1355 1450
1387 119 59 276 24.15
67 12 17 17
1388 21 3 274 7.42
11 15 19 78
1389 10 6 132 119.37
171 284 355 1110
1390 12 52 277 33.67
51 64 80 363
1391 27 105 225 8.20
11 56 8 10
1392 2 102 265 6.48
17 7 5 6
1393 18 151 200 33.22
91 22 28 14
1394 20 56 186 0.47
1 1 1 1
1395 6 2 191 75.66
203 56 67 67
1396 88 47 280 130.00
213 214 556 781
1397 34 178 288 453.33
1041 1283 247 322
1398 39 2 169 140.96
249 229 365 1079
1399 127 11 220 9.87
17 15 59 18
1400 10 3 169 9.94
15 19 16 123
1401 91 4 138 426.14
1034 763 517 286
1402 35 130 285 6.22
9 8 52 10
1403 7 63 118 153.63
196 495 1067 157
1404 20 56 281 260.14
462 345 1274 989
1405 20 71 191 44.23
54 298 82 63
1406 50 4 70 361.20
848 860 305 267
1407 129 16 190 324.72
923 172 129 85
1408 74 0 91 10.06
18 46 11 15
1409 36 83 201 184.74
204 241 1548 1165
1410 2 267 283 80.04
144 158 177 553
1411 137 8 251 50.71
82 55 380 79
1412 24 179 285 121.07
199 370 538 166
1413 48 42 201 23.94
28 172 38 32
1414 52 92 246 17.91
29 45 32 155
1415 137 50 287 51.53
95 68 65 523
1416 21 0 288 87.35
110 89 879 142
1417 38 2 237 75.43
123 134 155 767
1418 101 90 288 223.38
625 120 106 158
1419 124 109 273 106.81
177 219 268 862
1420 67 151 260 33.91
38 215 114 34
1421 7 129 274 91.71
257 57 40 43
1422 24 5 283 22.95
40 26 144 48
1423 109 4 287 137.68
201 304 970 177
1424 110 37 284 193.50
267 1141 407 237
1425 15 222 258 45.64
71 104 272 87
1426 12 52 174 243.64
343 1277 742 223
1427 97 12 288 158.16
217 218 1046 928
1428 9 4 205 189.14
247 564 1060 757
1429 79 90 245 78.87
223 43 37 22
1430 41 99 218 4.97
9 9 8 42
1431 22 21 257 324.58
506 693 1773 1066
1432 35 207 287 308.63
758 597 232 231
1433 37 10 224 233.89
643 158 172 106
1434 12 255 287 131.93
278 415 150 162
1435 121 34 286 54.62
85 113 118 553
1436 56 9 249 66.42
113 91 294 376
1437 83 5 288 67.20
87 284 339 104
1438 3 67 171 0.71
1 2 4 2
1439 63 3 168 103.44
282 77 72 67
1440 6 42 256 69.51
90 451 111 115
1441 4 0 94 53.02
106 105 61 329
1442 8 180 287 233.46
399 550 1034 604
1443 89 142 287 191.80
355 870 164 232
1444 45 17 100 342.92
561 1452 953 437
1445 27 52 275 39.52
48 54 397 49
1446 5 6 195 87.91
118 471 267 132
1447 94 43 266 24.15
42 23 171 26
1448 7 144 288 15.79
23 18 134 26
1449 163 8 269 16.35
46 9 7 9
1450 6 29 134 9.26
11 20 79 21
1451 5 134 288 45.55
86 84 95 287
1452 75 4 248 84.95
124 151 324 768
1453 141 108 288 43.85
86 80 82 253
1454 66 68 219 351.80
1013 117 131 135
1455 120 53 265 50.90
100 77 79 371
1456 12 46 282 70.60
80 105 723 115
1457 9 3 198 198.12
457 525 141 153
1458 25 35 288 300.93
521 1163 781 426
1459 22 2 126 26.84
63 59 27 26
1460 85 1 152 7.21
12 9 15 81
1461 42 44 201 347.23
948 334 158 146
1462 8 7 172 22.20
37 36 43 230
1463 103 19 286 82.73
141 111 140 924
1464 49 52 179 86.15
122 129 739 83
1465 37 71 288 517.19
987 1479 1456 782
1466 4 1 107 173.66
325 259 555 933
1467 49 71 218 70.43
98 122 588 75
1468 11 91 187 13.41
17 22 123 19
1469 81 25 287 147.81
269 694 109 207
1470 30 14 258 46.84
133 22 22 16
1471 80 101 260 41.90
120 13 22 15
1472 24 5 278 148.17
276 594 256 130
1473 13 176 278 211.24
511 393 239 154
1474 40 24 139 155.85
228 557 802 147
1475 75 39 288 155.78
436 77 90 96
1476 138 148 287 448.41
1277 189 178 229
1477 49 1 196 91.19
247 95 44 39
1478 39 1 138 219.75
631 67 91 109
1479 7 118 287 6.46
7 8 72 8
1480 62 57 232 25.12
36 143 45 43
1481 16 176 270 227.67
448 870 255 270
1482 56 154 253 108.72
159 152 727 478
1483 3 185 288 441.65
1087 886 271 325
1484 16 112 287 208.20
279 680 1283 324
1485 26 106 165 52.36
100 76 70 454
1486 155 3 288 56.27
77 137 127 645
1487 68 206 287 311.55
755 579 341 233
1488 33 8 189 64.61
76 95 509 375
1489 20 3 211 41.64
59 268 42 53
1490 33 12 184 297.34
857 90 98 155
1491 7 46 215 79.29
99 158 514 477
1492 17 0 242 88.76
251 36 47 51
1493 32 31 228 26.58
49 61 30 199
1494 6 7 35 97.62
220 283 78 58
1495 192 43 278 55.00
151 42 34 26
1496 75 11 145 3.86
7 7 10 25
1497 1 33 287 181.51
491 187 78 112
1498 41 154 288 189.07
464 357 135 187
1499 3 6 143 16.80
25 100 23 17
1500 92 98 288 478.45
1182 950 359 189
1501 5 4 230 77.19
144 102 109 736
1502 14 103 283 72.32
118 88 509 135
1503 191 4 278 218.31
605 137 122 140
1504 2 94 234 14.14
22 64 42 16
1505 31 94 262 284.01
736 374 234 159
1506 67 68 263 53.72
96 68 98 536
1507 31 55 256 28.51
34 215 24 41
1508 21 5 264 33.95
96 19 11 18
1509 16 37 243 199.27
512 257 157 204
1510 18 89 279 13.17
25 12 19 135
1511 18 192 233 10.70
29 8 8 8
1512 1 127 283 10.44
19 23 16 76
1513 13 96 223 450.08
843 1141 1521 834
1514 51 201 269 48.71
55 383 52 44
1515 11 114 225 98.59
161 407 297 115
1516 10 1 154 23.37
24 184 35 34
1517 20 29 264 83.77
89 140 877 135
1518 48 37 177 234.34
661 96 133 137
1519 83 100 260 118.92
175 274 601 573
1520 2 32 96 106.91
299 48 68 71
1521 80 130 222 16.16
17 129 19 23
1522 10 151 287 391.43
970 645 377 343
1523 3 161 284 154.81
193 497 1046 285
1524 60 107 205 160.68
215 337 1252 294
1525 13 1 198 102.95
138 715 105 82
1526 14 161 287 69.65
104 115 127 901
1527 7 16 134 11.59
21 20 17 104
1528 10 22 214 242.94
301 965 1385 431
1529 16 0 231 7.07
19 6 5 6
1530 61 23 274 329.79
736 987 210 311
1531 7 0 89 128.63
365 50 63 73
1532 100 169 284 3.84
11 1 2 2
1533 54 11 194 171.45
254 247 801 1377
1534 52 64 281 16.94
47 9 13 8
1535 92 83 281 127.05
312 220 129 106
1536 28 23 196 236.46
485 856 249 179
1537 35 11 279 152.27
202 367 833 867
1538 19 176 249 60.98
103 95 394 73
1539 110 155 285 61.57
105 292 97 73
1540 7 103 181 102.76
200 208 160 617
1541 16 36 208 115.70
324 68 65 40
1542 26 86 268 31.03
52 54 70 287
1543 22 33 205 19.89
29 41 145 25
1544 5 19 79 0.52
1 1 2 1
1545 2 2 261 34.40
57 58 47 394
1546 39 8 277 132.90
200 724 229 210
1547 41 79 282 155.89
439 62 115 54
1548 153 76 255 397.18
1086 375 170 187
1549 33 14 288 191.99
292 358 872 1242
1550 12 2 75 251.80
391 1377 429 223
1551 52 49 229 127.10
356 77 64 51
1552 144 14 198 281.93
795 143 140 126
1553 8 0 62 22.10
46 76 24 18
1554 8 127 209 33.65
49 64 252 46
1555 5 229 288 213.67
356 583 725 885
1556 2 27 287 31.03
46 62 58 371
1557 101 71 241 10.86
21 15 21 80
1558 34 155 229 194.66
301 312 1050 1011
1559 13 57 92 208.32
572 147 134 124
1560 25 40 285 83.63
223 85 44 84
1561 26 14 287 533.14
1253 882 1009 420
1562 26 19 222 247.39
297 1393 892 378
1563 17 14 279 662.55
1328 1210 1939 2018
1564 90 3 257 56.20
89 91 132 602
1565 32 16 223 311.69
818 412 183 174
1566 2 17 195 238.20
390 650 1148 403
1567 112 98 288 336.13
952 167 139 158
1568 31 86 193 143.52
395 94 89 101
1569 83 53 284 27.99
75 27 15 27
1570 31 44 213 79.53
220 43 54 58
1571 86 26 263 9.43
14 12 76 16
1572 81 88 288 200.78
329 244 861 1461
1573 47 87 226 10.30
18 17 22 90
1574 1 43 267 124.81
238 187 144 1116
1575 14 4 208 312.38
908 99 84 80
1576 95 52 255 123.05
172 238 992 116
1577 86 3 268 67.51
98 379 132 92
1578 66 80 190 77.17
129 253 298 114
1579 5 246 287 601.66
1508 1145 373 241
1580 17 51 198 280.33
467 812 880 1163
1581 16 0 248 82.59
151 119 145 744
1582 17 86 201 116.54
334 41 55 37
1583 27 143 288 49.44
55 389 44 73
1584 29 40 287 521.76
851 1908 1590 1325
1585 25 25 138 356.09
797 1022 268 352
1586 79 69 287 113.65
149 377 720 166
1587 21 32 269 68.66
69 96 776 108
1588 1 37 244 103.51
227 292 118 103
1589 13 49 248 318.03
477 1000 1669 481
1590 18 129 288 396.71
689 1346 1363 426
1591 20 0 172 459.03
1297 271 175 160
1592 200 64 288 92.30
253 65 53 74
1593 4 32 179 31.39
44 79 78 323
1594 29 33 131 3.72
5 22 9 4
1595 19 41 142 135.61
163 970 218 127
1596 84 49 237 190.30
549 77 52 55
1597 37 42 185 42.06
75 90 87 291
1598 9 0 152 3.65
6 9 6 32
1599 35 0 287 96.30
149 149 236 1082
1600 28 136 284 80.52
128 109 613 72
1601 10 0 281 50.26
135 46 32 41
1602 15 91 275 294.19
793 255 225 168
1603 6 10 226 84.71
112 584 105 65
1604 147 17 245 117.11
171 127 1012 171
1605 32 48 201 52.15
63 359 77 100
1606 85 75 235 29.93
34 226 34 48
1607 24 117 288 205.09
300 1020 612 220
1608 10 11 86 204.03
211 944 1279 315
1609 56 167 276 77.81
101 123 699 121
1610 46 113 284 69.37
185 72 47 44
1611 8 125 265 177.53
499 106 66 98
1612 35 9 173 508.09
1346 588 366 223
1613 35 216 287 174.86
209 946 716 225
1614 17 0 130 511.44
1332 749 204 402
1615 56 101 242 89.14
142 89 714 100
1616 8 15 240 211.34
582 106 170 163
1617 23 101 275 209.48
449 711 125 221
1618 77 31 234 99.55
269 86 56 89
1619 24 2 220 127.90
351 85 73 113
1620 7 181 217 52.97
97 79 87 479
1621 14 100 185 22.50
41 39 28 208
1622 18 99 241 20.99
23 141 52 42
1623 11 4 87 183.56
234 1089 499 249
1624 9 103 287 200.88
561 134 76 117
1625 14 119 207 102.50
131 173 354 1289
1626 27 16 181 11.36
13 84 16 16
1627 5 8 265 218.43
293 1387 400 207
1628 41 5 258 52.38
145 37 28 26
1629 95 26 286 72.13
115 168 175 597
1630 72 52 236 18.66
30 17 151 19
1631 50 103 230 262.21
453 1258 311 390
1632 12 4 32 31.01
48 77 83 247
1633 2 108 287 247.46
675 190 150 182
1634 41 3 166 51.60
95 81 94 429
1635 24 43 182 31.34
46 57 56 403
1636 38 3 280 192.30
424 575 193 114
1637 30 24 245 364.08
516 1363 1455 1228
1638 36 170 253 266.55
727 159 209 239
1639 104 13 288 73.59
133 135 394 68
1640 5 43 181 73.07
130 127 87 726
1641 41 12 232 255.99
666 395 122 111
1642 76 18 262 139.16
399 68 37 42
1643 66 137 266 83.34
93 348 527 137
1644 32 7 168 98.80
118 184 583 823
1645 16 2 130 481.33
991 1053 1400 594
1646 2 122 144 30.77
84 21 21 25
1647 25 35 208 19.09
30 46 39 174
1648 91 3 269 89.21
182 124 177 512
1649 14 39 268 231.39
344 486 1518 510
1650 10 112 204 31.72
86 19 26 33
1651 85 40 270 92.09
114 109 912 161
1652 52 69 285 102.81
142 115 957 116
1653 38 50 131 153.56
171 295 1369 500
1654 21 73 156 22.90
38 35 41 253
1655 28 79 259 11.83
19 17 85 15
1656 13 53 268 256.70
447 626 802 1154
1657 32 130 270 239.78
449 412 858 938
1658 4 9 116 256.20
397 601 1145 1222
1659 58 14 287 13.31
16 27 120 20
1660 9 34 284 30.66
48 37 67 384
1661 60 33 237 32.33
91 12 25 12
1662 18 18 169 206.98
333 580 1016 350
1663 99 17 270 43.31
79 60 86 380
1664 59 20 281 22.81
39 46 28 228
1665 28 56 281 99.46
276 61 51 72
1666 53 50 241 90.04
113 105 879 166
1667 26 10 199 309.46
895 110 89 95
1668 84 169 260 100.00
276 73 51 59
1669 81 8 231 129.64
181 178 464 1506
1670 34 48 219 391.79
1040 453 229 250
1671 42 62 226 21.23
59 9 16 16
1672 34 61 277 1.91
3 10 3 3
1673 80 7 235 79.81
147 141 92 722
1674 2 24 231 66.33
136 238 57 83
1675 19 210 282 59.21
90 102 420 107
1676 17 23 254 114.78
321 43 82 84
1677 10 53 287 398.45
672 1374 1468 444
1678 19 44 225 42.96
36 371 69 68
1679 26 14 175 272.67
787 107 71 91
1680 122 96 284 64.80
75 458 116 94
1681 77 113 283 0.57
1 1 3 1
1682 54 149 287 45.05
48 296 147 58
1683 15 0 156 17.20
48 9 11 9
1684 19 34 288 11.71
23 16 15 97
1685 71 4 92 64.70
178 44 46 30
1686 29 8 271 196.49
232 351 1327 1384
1687 11 20 128 48.14
81 120 84 381
1688 24 4 264 33.39
52 79 74 304
1689 3 0 204 229.29
333 663 1145 790
1690 27 76 275 21.91
33 38 162 30
1691 69 99 264 64.52
176 54 42 28
1692 43 27 120 163.32
186 588 975 613
1693 6 141 195 161.76
211 1118 211 135
1694 10 1 225 56.72
100 83 111 536
1695 158 76 277 6.15
10 34 6 7
1696 16 13 271 8.74
9 69 13 12
1697 6 1 273 41.09
54 67 72 643
1698 40 116 280 28.75
50 67 52 215
1699 13 66 196 52.38
147 28 27 27
1700 46 49 122 188.95
311 302 925 909
1701 38 14 273 80.35
100 488 202 142
1702 21 242 288 361.62
1029 170 158 115
1703 13 15 123 19.68
26 138 19 19
1704 119 31 188 90.93
256 42 47 55
1705 13 108 229 256.04
443 1295 303 173
1706 49 15 192 64.12
104 145 154 522
1707 4 19 282 100.87
131 672 154 123
1708 18 2 284 516.55
1363 615 331 333
1709 8 4 275 28.23
46 73 70 195
1710 13 5 156 54.29
67 303 178 101
1711 52 0 168 128.82
227 198 610 475
1712 30 38 288 512.59
1161 1224 681 466
1713 19 77 208 24.86
43 46 147 21
1714 94 25 243 65.84
98 173 102 699
1715 34 21 210 88.83
142 91 717 75
1716 10 23 218 110.04
159 373 567 191
1717 54 11 246 9.71
15 54 13 14
1718 9 181 285 81.29
143 175 163 597
1719 52 91 287 92.25
125 513 218 190
1720 69 51 277 102.08
279 78 59 74
1721 10 3 224 29.57
57 35 39 274
1722 1 0 50 512.41
987 1614 1280 526
1723 4 2 246 138.06
337 282 109 77
1724 60 2 168 105.04
165 350 471 156
1725 4 145 205 70.76
113 98 282 563
1726 12 19 84 41.28
116 19 26 19
1727 12 71 173 322.84
651 962 641 419
1728 24 40 82 147.67
406 107 80 102
1729 55 34 280 120.57
193 193 673 490
1730 11 64 174 33.67
60 45 199 56
1731 22 49 215 25.59
36 160 36 30
1732 30 30 216 243.88
521 749 286 237
1733 54 42 233 84.40
238 42 41 42
1734 56 158 288 107.09
292 52 105 91
1735 18 4 252 22.39
19 192 36 36
1736 43 67 224 635.31
1324 1612 1458 674
1737 6 24 156 151.61
242 310 752 612
1738 34 10 218 156.46
235 313 803 805
1739 17 1 108 0.47
1 1 1 1
1740 61 45 279 543.86
1353 1146 226 249
1741 15 126 280 255.12
422 662 1001 931
1742 25 70 278 217.84
291 545 1065 1406
1743 20 14 255 162.02
218 852 523 222
1744 55 9 129 292.37
405 852 1629 924
1745 25 172 288 199.13
343 480 745 719
1746 2 31 53 49.98
89 61 85 522
1747 15 161 284 140.48
157 692 675 338
1748 12 95 244 42.32
68 73 63 499
1749 37 11 149 53.42
77 69 462 58
1750 31 42 274 120.57
280 286 120 99
1751 37 11 193 186.41
302 281 834 1172
1752 17 34 207 29.95
46 160 51 45
1753 42 35 251 429.79
647 1397 1802 1387
1754 114 107 288 1.44
3 2 3 7
1755 12 18 101 52.92
88 104 83 536
1756 96 152 285 43.33
60 99 99 504
1757 15 37 255 468.39
1303 355 191 189
1758 32 0 210 9.14
12 61 10 17
1759 62 63 205 157.07
170 812 822 206
1760 36 0 284 106.06
148 160 600 749
1761 132 10 263 342.09
741 1022 313 452
1762 84 147 286 73.73
140 323 54 92
1763 23 13 184 9.38
15 21 21 83
1764 33 0 112 87.63
151 156 485 167
1765 90 37 274 138.22
184 321 507 1313
1766 26 19 287 48.49
83 88 273 86
1767 6 5 283 285.37
716 561 145 114
1768 36 7 60 126.06
348 89 55 101
1769 28 0 243 101.30
145 134 738 391
1770 31 17 119 447.75
1062 1029 361 325
1771 93 67 246 37.63
47 274 32 53
1772 62 92 270 86.38
249 25 37 31
1773 21 45 283 58.01
164 25 31 29
1774 15 20 259 3.91
7 6 20 10
1775 103 49 236 20.59
32 33 42 243
1776 72 20 276 19.79
25 29 190 23
1777 108 50 246 38.67
51 56 350 59
1778 32 13 148 302.22
852 181 131 93
1779 130 2 270 67.44
131 286 53 64
1780 18 32 223 33.84
51 34 276 68
1781 14 25 287 433.02
1076 858 268 203
1782 51 101 287 7.26
8 9 80 9
1783 11 2 140 260.33
405 962 855 782
1784 24 2 228 64.16
180 40 29 25
1785 114 2 283 265.23
734 180 133 174
1786 61 191 287 328.82
447 1515 995 1162
1787 64 79 272 5.87
16 4 4 5
1788 146 15 239 1.51
2 10 2 2
1789 14 145 249 29.17
34 224 29 32
1790 79 43 279 327.76
941 115 148 95
1791 19 161 270 0.90
1 7 1 1
1792 67 91 207 239.45
523 825 112 141
1793 9 135 287 150.88
224 155 1181 440
1794 199 20 240 27.14
36 185 31 31
1795 5 7 213 24.53
38 39 122 148
1796 23 187 253 1.25
1 11 2 2
1797 2 25 171 65.51
90 126 510 122
1798 11 2 102 5.21
9 23 8 10
1799 49 51 287 140.44
222 264 389 1282
1800 3 46 64 101.53
200 378 122 131
1801 39 235 288 31.60
35 239 46 42
1802 23 175 288 43.62
81 79 62 356
1803 118 96 283 176.87
473 179 130 87
1804 15 89 181 80.80
88 103 865 158
1805 103 2 287 220.81
283 471 1300 1396
1806 4 13 239 387.28
547 1282 1662 1608
1807 22 139 209 80.16
224 39 52 45
1808 40 51 244 5.94
10 30 6 10
1809 63 212 286 57.21
75 80 518 102
1810 38 101 230 70.27
136 87 135 547
1811 26 108 249 77.03
126 117 361 432
1812 93 5 145 337.26
857 591 155 232
1813 9 59 285 139.14
220 290 771 413
1814 22 50 203 258.84
352 972 1406 329
1815 21 102 287 204.72
592 55 72 91
1816 31 188 273 262.14
402 980 1034 489
1817 35 15 227 143.83
271 224 442 754
1818 6 209 261 68.92
96 291 278 152
1819 25 130 286 498.48
1193 1239 205 326
1820 11 36 171 67.65
114 133 131 614
1821 54 233 287 593.89
1512 937 423 379
1822 17 15 222 451.16
1275 252 159 223
1823 36 7 95 100.76
128 743 85 85
1824 19 43 287 139.31
183 235 1008 629
1825 18 100 283 32.05
91 14 16 12
1826 36 6 263 66.33
101 72 529 127
1827 33 13 96 101.30
150 475 301 172
1828 2 73 271 130.52
169 231 1153 174
1829 51 66 288 39.19
51 271 51 34
1830 36 113 268 57.12
104 84 310 96
1831 13 90 287 140.25
196 547 691 185
1832 45 115 287 322.89
467 1218 1240 1031
1833 12 58 159 17.37
29 43 43 116
1834 20 0 80 355.55
507 1399 1528 738
1835 13 3 285 5.16
14 4 4 3
1836 119 69 279 131.34
247 249 286 797
1837 41 15 192 16.71
30 38 23 129
1838 45 90 288 391.22
939 672 527 387
1839 2 91 180 136.78
205 837 128 168
1840 9 8 37 24.15
34 157 29 20
1841 69 43 177 27.07
42 24 233 23
1842 168 2 271 87.70
159 143 212 643
1843 31 84 203 72.34
99 453 104 117
1844 27 70 241 152.95
433 52 94 85
1845 30 118 287 331.68
788 759 235 297
1846 1 88 155 64.56
96 126 403 212
1847 26 6 185 40.69
50 52 413 45
1848 12 22 286 83.37
114 125 450 667
1849 62 36 221 10.09
28 5 7 7
1850 20 2 165 94.96
167 152 127 982
1851 41 15 204 4.36
12 3 3 2
1852 17 175 287 210.58
279 1249 482 320
1853 12 3 60 325.03
658 1247 314 213
1854 28 59 123 20.83
37 25 41 209
1855 4 75 210 90.15
110 165 818 155
1856 33 160 286 75.47
156 109 111 470
1857 58 10 280 28.84
40 190 36 22
1858 27 113 246 109.71
299 60 99 92
1859 66 30 226 52.78
75 123 69 683
1860 32 194 287 85.11
132 113 594 237
1861 30 210 287 3.11
5 5 21 5
1862 16 251 288 516.46
1257 1123 313 325
1863 29 0 271 344.28
907 368 288 233
1864 6 45 252 584.11
1236 1491 1290 432
1865 55 9 249 189.17
526 132 88 92
1866 39 54 253 70.90
87 442 166 133
1867 38 39 284 55.23
75 351 86 69
1868 105 0 218 37.77
107 21 11 20
1869 4 16 226 197.86
339 273 909 1014
1870 54 57 136 30.18
50 48 193 51
1871 7 31 114 153.63
297 241 666 307
1872 10 46 210 23.94
33 61 56 259
1873 6 2 281 42.74
118 25 34 19
1874 4 12 248 194.35
424 572 193 210
1875 53 62 287 134.07
374 83 55 95
1876 22 73 234 512.48
1414 459 167 242
1877 15 243 281 70.48
113 151 162 632
1878 18 101 266 64.99
96 93 508 119
1879 46 66 277 142.37
134 1206 185 178
1880 49 200 263 54.53
69 384 78 40
1881 115 122 288 153.91
343 469 115 93
1882 30 0 42 17.88
26 64 86 31
1883 38 55 193 3.65
6 17 7 6
1884 16 108 272 141.83
391 93 99 68
1885 28 72 236 22.17
26 170 22 23
1886 59 6 270 88.36
101 448 411 170
1887 17 8 54 1.79
2 14 2 2
1888 43 131 277 33.01
54 56 47 383
1889 15 8 177 109.85
172 607 149 135
1890 21 5 274 4.92
9 20 8 7
1891 44 42 256 149.81
409 94 122 106
1892 8 63 281 294.30
470 807 930 1629
1893 11 119 282 4.55
7 7 29 16
1894 55 9 288 22.83
34 39 167 42
1895 6 7 194 77.69
99 511 130 118
1896 12 0 85 721.03
1682 998 1390 1278
1897 62 28 270 17.08
29 25 23 198
1898 49 196 287 161.97
319 226 339 1052
1899 95 17 287 39.85
36 343 56 46
1900 2 3 190 249.84
685 222 103 141
1901 54 15 242 24.51
37 66 62 200
1902 18 13 159 354.63
648 843 1566 317
1903 31 0 245 145.64
183 1025 188 168
1904 55 83 288 102.92
263 157 75 65
1905 20 210 287 109.45
162 208 796 161
1906 55 29 254 188.65
391 644 214 172
1907 14 1 93 186.62
304 383 1007 501
1908 68 9 205 47.90
74 103 112 464
1909 35 35 248 375.39
500 1958 1005 1047
1910 3 240 287 96.02
128 281 293 854
1911 6 1 287 478.00
913 1537 970 953
1912 47 123 244 200.97
578 58 99 65
1913 9 27 184 86.71
143 175 313 527
1914 126 35 238 18.80
28 37 134 27
1915 10 0 52 56.53
160 20 32 35
1916 11 11 230 218.22
509 570 135 155
1917 14 189 286 165.18
244 359 793 931
1918 17 1 214 503.43
1075 1334 838 637
1919 9 2 76 31.86
48 40 60 440
1920 85 28 160 4.26
7 22 5 7
1921 90 59 180 13.64
20 27 98 22
1922 2 16 75 10.34
9 91 15 10
1923 50 102 215 58.11
93 62 361 256
1924 5 87 243 223.45
415 218 1150 719
1925 23 15 284 146.66
134 962 602 258
1926 8 5 225 542.87
1518 405 166 240
1927 4 22 146 127.83
368 48 44 41
1928 108 5 210 206.41
320 351 1228 771
1929 2 19 224 136.88
208 163 537 1334
1930 78 63 176 168.78
241 343 705 1350
1931 5 13 193 42.27
66 50 291 138
1932 3 22 213 246.49
512 919 205 126
1933 187 94 287 8.84
17 10 15 77
1934 100 14 287 183.60
256 409 932 1117
1935 40 0 253 49.77
76 293 62 45
1936 29 47 122 100.40
150 186 737 129
1937 32 188 287 256.77
712 187 102 164
1938 49 178 259 142.11
176 1047 122 182
1939 75 106 288 245.27
612 422 187 201
1940 69 4 238 101.25
262 155 57 50
1941 7 217 288 3.39
5 6 24 8
1942 33 188 262 104.83
171 505 188 164
1943 1 270 288 34.92
50 65 79 429
1944 82 175 287 82.16
139 114 112 975
1945 34 16 265 29.95
54 43 36 314
1946 14 106 167 563.44
1177 1347 1266 861
1947 24 138 287 376.33
409 1728 1659 1743
1948 18 72 285 97.13
154 164 180 1114
1949 17 160 288 440.84
861 1396 970 527
1950 30 28 184 16.89
26 95 17 34
1951 12 161 288 143.31
403 70 80 70
1952 37 18 176 100.26
277 69 55 60
1953 5 8 226 13.08
21 13 101 20
1954 19 4 153 38.76
66 49 256 62
1955 4 13 180 67.86
124 142 299 120
1956 19 3 118 500.18
1333 544 301 331
1957 36 25 243 102.15
206 168 148 651
1958 45 4 261 23.63
42 30 42 241
1959 19 27 253 199.20
319 348 1235 474
1960 19 129 288 34.50
70 60 58 188
1961 15 145 288 149.20
220 436 775 394
1962 5 64 260 18.21
24 26 166 27
1963 26 2 152 85.44
118 175 664 121
1964 121 20 285 101.72
267 110 92 65
1965 5 1 268 149.37
219 277 854 734
1966 79 61 269 337.00
573 680 1397 1446
1967 31 19 286 41.75
66 78 83 448
1968 28 72 286 10.04
19 19 17 69
1969 18 32 273 4.62
8 7 27 9
1970 78 92 288 19.16
33 28 29 209
1971 62 11 202 56.43
90 111 118 566
1972 20 79 164 239.19
463 1060 142 205
1973 13 22 281 6.90
8 52 8 9
1974 82 76 287 187.00
301 515 985 207
1975 15 34 174 28.65
46 55 70 267
1976 4 1 142 30.96
48 70 46 340
1977 79 76 283 56.03
102 69 152 439
1978 9 2 80 14.26
28 16 20 125
1979 25 6 255 128.44
150 910 250 121
1980 29 1 288 1.25
2 3 2 12
1981 56 43 225 63.79
90 371 100 134
1982 56 17 162 14.19
12 126 19 18
1983 24 95 175 73.99
137 124 149 552
1984 7 101 259 5.87
8 38 7 9
1985 56 110 264 8.18
15 12 14 73
1986 18 28 186 21.65
40 45 94 36
1987 37 122 252 75.92
105 495 100 67
1988 47 9 209 4.43
5 32 7 8
1989 10 1 283 225.52
565 437 108 134
1990 140 65 287 10.20
29 4 5 5
1991 29 45 276 226.80
343 552 1415 337
1992 57 48 267 90.20
129 158 196 1156
1993 35 27 196 279.95
327 973 1776 832
1994 13 179 266 105.09
301 36 37 64
1995 42 2 161 154.34
262 236 618 938
1996 108 8 277 176.89
505 58 102 59
1997 125 56 262 154.93
443 72 50 57
1998 61 62 234 20.15
32 36 139 21
1999 6 69 119 78.96
142 148 301 317
