288
0 0.04395
1 0.04395
2 0.04395
3 0.04395
4 0.04395
5 0.04395
6 0.04244
7 0.04244
8 0.04244
9 0.04244
10 0.04244
11 0.04244
12 0.04244
13 0.04244
14 0.04244
15 0.04244
16 0.04244
17 0.04244
18 0.04244
19 0.04244
20 0.04244
21 0.04244
22 0.04244
23 0.04244
24 0.04244
25 0.04244
26 0.04244
27 0.04244
28 0.04244
29 0.04244
30 0.03783
31 0.03783
32 0.03783
33 0.03783
34 0.03783
35 0.03783
36 0.03783
37 0.03783
38 0.03783
39 0.03783
40 0.03783
41 0.03783
42 0.03782
43 0.03782
44 0.03782
45 0.03782
46 0.03782
47 0.03782
48 0.03759
49 0.03759
50 0.03759
51 0.03759
52 0.03759
53 0.03759
54 0.03743
55 0.03743
56 0.03743
57 0.03743
58 0.03743
59 0.03743
60 0.03747
61 0.03747
62 0.03747
63 0.03747
64 0.03747
65 0.03747
66 0.03782
67 0.03782
68 0.03782
69 0.03782
70 0.03782
71 0.03782
72 0.04050
73 0.04050
74 0.04050
75 0.04050
76 0.04050
77 0.04050
78 0.04360
79 0.04360
80 0.04360
81 0.04360
82 0.04360
83 0.04360
84 0.04572
85 0.04572
86 0.04572
87 0.04572
88 0.04572
89 0.04572
90 0.04642
91 0.04642
92 0.04642
93 0.04642
94 0.04642
95 0.04642
96 0.04642
97 0.04642
98 0.04642
99 0.04642
100 0.04642
101 0.04642
102 0.04642
103 0.04642
104 0.04642
105 0.04642
106 0.04642
107 0.04642
108 0.04875
109 0.04875
110 0.04875
111 0.04875
112 0.04875
113 0.04875
114 0.04875
115 0.04875
116 0.04875
117 0.04875
118 0.04875
119 0.04875
120 0.04875
121 0.04875
122 0.04875
123 0.04875
124 0.04875
125 0.04875
126 0.04875
127 0.04875
128 0.04875
129 0.04875
130 0.04875
131 0.04875
132 0.04875
133 0.04875
134 0.04875
135 0.04875
136 0.04875
137 0.04875
138 0.04875
139 0.04875
140 0.04875
141 0.04875
142 0.04875
143 0.04875
144 0.04875
145 0.04875
146 0.04875
147 0.04875
148 0.04875
149 0.04875
150 0.04875
151 0.04875
152 0.04875
153 0.04875
154 0.04875
155 0.04875
156 0.04836
157 0.04836
158 0.04836
159 0.04836
160 0.04836
161 0.04836
162 0.04642
163 0.04642
164 0.04642
165 0.04642
166 0.04642
167 0.04642
168 0.04642
169 0.04642
170 0.04642
171 0.04642
172 0.04642
173 0.04642
174 0.04642
175 0.04642
176 0.04642
177 0.04642
178 0.04642
179 0.04642
180 0.04642
181 0.04642
182 0.04642
183 0.04642
184 0.04642
185 0.04642
186 0.04642
187 0.04642
188 0.04642
189 0.04642
190 0.04642
191 0.04642
192 0.04672
193 0.04672
194 0.04672
195 0.04672
196 0.04672
197 0.04672
198 0.04875
199 0.04875
200 0.04875
201 0.04875
202 0.04875
203 0.04875
204 0.05320
205 0.05320
206 0.05320
207 0.05320
208 0.05320
209 0.05320
210 0.07239
211 0.07239
212 0.07239
213 0.07239
214 0.07239
215 0.07239
216 0.09860
217 0.09860
218 0.09860
219 0.09860
220 0.09860
221 0.09860
222 0.10735
223 0.10735
224 0.10735
225 0.10735
226 0.10735
227 0.10735
228 0.09369
229 0.09369
230 0.09369
231 0.09369
232 0.09369
233 0.09369
234 0.09369
235 0.09369
236 0.09369
237 0.09369
238 0.09369
239 0.09369
240 0.09370
241 0.09370
242 0.09370
243 0.09370
244 0.09370
245 0.09370
246 0.07666
247 0.07666
248 0.07666
249 0.07666
250 0.07666
251 0.07666
252 0.06028
253 0.06028
254 0.06028
255 0.06028
256 0.06028
257 0.06028
258 0.05652
259 0.05652
260 0.05652
261 0.05652
262 0.05652
263 0.05652
264 0.05264
265 0.05264
266 0.05264
267 0.05264
268 0.05264
269 0.05264
270 0.04642
271 0.04642
272 0.04642
273 0.04642
274 0.04642
275 0.04642
276 0.04908
277 0.04908
278 0.04908
279 0.04908
280 0.04908
281 0.04908
282 0.04901
283 0.04901
284 0.04901
285 0.04901
286 0.04901
287 0.04901
