5
3
60
0 130 0.0 0.1
2498 2526 2496
1 170 0.1 0.1
2478 2557 2540
2 150 0.1 0.1
2476 2510 2404
3 170 0.1 0.1
2458 2453 2576
4 120 0.1 0.1
2518 2588 2351
5 190 0.1 0.0
2534 2463 2552
6 190 0.1 0.0
2514 2385 2409
7 190 0.1 0.0
2555 2569 2484
8 190 0.1 0.0
2475 2478 2478
9 150 0.1 0.1
2537 2559 2562
10 120 0.1 0.1
2474 2627 2493
11 170 0.1 0.1
2589 2513 2567
12 150 0.1 0.1
2500 2455 2503
13 170 0.1 0.1
2409 2409 2557
14 120 0.1 0.1
2561 2464 2474
15 190 0.1 0.0
2473 2490 2494
16 150 0.1 0.1
2550 2477 2514
17 190 0.1 0.0
2507 2447 2606
18 190 0.1 0.0
2460 2558 2589
19 130 0.0 0.1
2465 2548 2431
20 130 0.0 0.1
2517 2556 2453
21 120 0.1 0.1
2585 2521 2529
22 190 0.1 0.0
2511 2469 2504
23 150 0.1 0.1
2536 2464 2445
24 130 0.0 0.1
2484 2469 2498
25 120 0.1 0.1
2469 2548 2447
26 120 0.1 0.1
2449 2446 2415
27 170 0.1 0.1
2430 2618 2520
28 190 0.1 0.0
2478 2579 2530
29 130 0.0 0.1
2500 2601 2419
30 120 0.1 0.1
2582 2531 2432
31 190 0.1 0.0
2465 2544 2553
32 170 0.1 0.1
2448 2502 2592
33 150 0.1 0.1
2476 2444 2473
34 120 0.1 0.1
2468 2370 2513
35 120 0.1 0.1
2504 2505 2481
36 170 0.1 0.1
2454 2548 2449
37 130 0.0 0.1
2503 2458 2503
38 120 0.1 0.1
2488 2450 2469
39 150 0.1 0.1
2453 2495 2406
40 120 0.1 0.1
2534 2446 2562
41 150 0.1 0.1
2562 2422 2551
42 170 0.1 0.1
2522 2506 2492
43 190 0.1 0.0
2458 2512 2564
44 190 0.1 0.0
2523 2417 2445
45 130 0.0 0.1
2481 2459 2627
46 150 0.1 0.1
2578 2512 2503
47 120 0.1 0.1
2517 2368 2436
48 190 0.1 0.0
2575 2435 2519
49 150 0.1 0.1
2473 2490 2545
50 130 0.0 0.1
2590 2446 2409
51 150 0.1 0.1
2536 2417 2485
52 190 0.1 0.0
2511 2555 2469
53 120 0.1 0.1
2466 2470 2560
54 130 0.0 0.1
2553 2458 2493
55 170 0.1 0.1
2428 2414 2435
56 170 0.1 0.1
2449 2561 2498
57 130 0.0 0.1
2509 2451 2463
58 150 0.1 0.1
2429 2442 2420
59 190 0.1 0.0
2504 2496 2605
1000
0 110 25 184 56.02
102 103 461
1 93 8 180 14.07
23 22 140
2 14 17 241 209.31
356 513 1706
3 96 78 209 58.30
187 27 34
4 14 0 151 104.84
133 950 132
5 19 60 192 35.06
57 54 352
6 46 57 265 99.55
137 825 166
7 210 15 232 493.19
1583 261 232
8 113 121 265 486.91
1505 461 329
9 14 10 126 31.18
49 54 316
10 81 48 288 660.36
1758 1856 582
11 40 129 262 643.61
1790 1559 406
12 113 36 287 226.13
722 125 125
13 91 26 244 87.08
190 429 93
14 34 176 287 13.15
21 92 27
15 163 5 279 212.12
318 1578 441
16 23 53 223 107.55
166 811 174
17 63 13 272 101.46
324 62 47
18 26 0 263 595.07
1777 863 389
19 3 231 265 192.94
302 978 998
20 13 40 284 83.96
264 57 59
21 160 4 206 146.97
230 1042 315
22 51 55 219 153.86
270 697 716
23 5 51 284 59.60
90 455 102
24 200 21 280 15.97
51 8 10
25 73 18 285 84.13
267 49 54
26 57 41 195 439.99
1391 294 264
27 230 15 286 96.58
155 140 997
28 22 48 288 60.91
108 85 562
29 54 26 287 38.34
123 20 19
30 27 63 243 121.58
183 961 163
31 32 102 219 13.48
25 22 112
32 51 62 150 89.71
144 522 338
33 23 1 156 178.49
285 302 1788
34 121 139 287 138.67
241 236 1250
35 2 0 223 664.16
1874 1428 502
36 135 24 230 15.17
19 138 20
37 3 102 146 4.45
8 9 36
38 161 22 288 166.29
299 267 1453
39 57 42 288 180.87
572 115 116
40 171 24 261 11.15
22 17 85
41 112 14 177 363.76
1150 218 256
42 5 57 288 39.00
61 159 260
43 93 11 202 145.58
467 76 72
44 97 0 138 728.37
1944 2106 519
45 12 0 254 372.91
536 2016 2074
46 116 44 229 324.89
591 1797 878
47 12 10 59 249.38
791 149 158
48 19 2 66 55.60
98 85 506
49 34 5 221 729.78
2054 1563 597
50 14 130 288 101.99
179 175 905
51 78 115 286 207.59
298 1105 1183
52 174 18 227 150.74
484 77 74
53 17 0 279 59.45
95 332 248
54 134 20 178 69.23
110 134 672
55 27 53 179 474.46
1058 1818 1127
56 49 234 287 94.70
302 49 60
57 56 18 170 173.62
264 897 927
58 110 99 271 414.14
1207 693 340
59 7 227 264 15.27
27 99 25
60 148 0 198 172.97
548 106 110
61 69 47 259 66.11
106 108 665
62 1 43 288 67.27
124 119 550
63 110 13 287 97.76
155 634 284
64 29 159 272 67.50
94 562 101
65 44 34 235 411.21
673 2090 1913
66 77 117 281 219.70
370 652 1646
67 128 4 161 55.83
97 110 481
68 43 91 252 416.90
1319 258 274
69 43 28 255 404.64
918 1858 390
70 100 5 266 4.91
9 9 40
71 4 9 261 55.22
178 27 24
72 241 22 269 50.96
84 89 488
73 54 15 260 215.02
365 1492 310
74 101 15 262 251.26
795 158 161
75 46 1 155 567.39
1671 909 405
76 18 228 276 96.85
306 59 68
77 158 8 240 46.98
151 24 22
78 158 91 287 263.94
841 154 146
79 65 200 287 88.53
141 670 109
80 113 103 235 111.68
166 843 224
81 38 1 129 385.17
684 1786 1674
82 62 26 280 25.39
38 199 38
83 64 164 287 268.81
849 183 162
84 18 132 278 115.77
185 203 1148
85 52 56 117 13.80
20 109 24
86 84 54 234 72.85
109 584 90
87 13 32 236 257.75
444 914 1638
88 28 24 274 46.94
150 26 25
89 37 111 288 137.49
437 82 81
90 3 38 190 110.99
180 380 804
91 28 9 181 532.20
1630 595 328
92 110 138 288 181.48
573 112 128
93 126 13 219 9.52
15 16 97
94 9 36 215 164.54
263 518 1287
95 27 26 275 31.98
42 278 48
96 111 29 287 202.74
335 561 1625
97 13 64 265 153.95
401 477 131
98 69 125 279 82.82
108 719 131
99 71 155 282 680.04
1981 1186 493
100 13 0 257 536.08
1694 391 278
101 44 40 213 230.49
716 206 149
102 142 0 196 671.47
1678 2071 1083
103 89 84 268 336.08
835 1226 292
104 71 8 284 108.21
195 160 963
105 53 7 203 25.75
44 44 237
106 125 31 189 24.84
41 47 232
107 169 44 221 35.21
112 21 20
108 25 9 250 169.83
272 913 757
109 214 19 275 1.58
3 9 3
110 10 39 76 62.91
202 32 31
111 46 35 237 75.32
100 655 105
112 115 117 283 24.46
39 43 243
113 37 149 287 249.62
791 162 144
114 90 44 255 384.96
824 1566 1019
115 71 11 287 65.92
103 97 698
116 167 58 275 9.44
30 6 5
117 69 37 229 146.28
205 1207 226
118 50 49 288 36.03
110 38 28
119 92 5 206 211.17
675 109 123
120 58 2 233 426.04
1324 388 261
121 66 82 247 68.98
221 36 36
122 102 11 224 22.59
72 14 11
123 126 57 252 197.79
305 1374 498
124 125 13 287 283.47
791 637 235
125 58 4 287 632.51
1915 822 373
126 22 2 182 160.43
285 281 1391
127 109 7 132 88.74
139 666 134
128 109 13 254 147.08
287 867 181
129 46 53 272 39.61
65 278 68
130 77 2 229 65.04
106 131 605
131 75 79 276 118.55
203 175 1130
132 131 81 280 35.14
112 20 20
133 42 181 288 272.10
643 1141 245
134 105 2 199 61.08
96 123 593
135 28 25 234 136.27
435 68 87
136 7 176 276 228.82
347 731 1905
137 25 74 210 144.49
210 1194 168
138 18 2 247 360.20
1142 199 256
139 115 19 288 193.05
308 565 1578
140 71 74 288 133.74
425 86 70
141 60 36 257 57.71
101 113 493
142 4 9 187 36.60
116 23 22
143 172 22 288 66.98
121 125 555
144 17 5 68 132.65
226 424 930
145 47 58 288 207.86
329 528 1838
146 16 4 244 15.15
20 133 20
147 1 76 284 605.23
1894 519 327
148 246 6 287 78.61
249 47 52
149 100 0 124 537.47
1687 403 342
150 74 12 250 0.74
1 1 9
151 226 43 287 37.80
67 60 338
152 11 0 210 575.96
1844 288 329
153 48 48 287 229.18
738 100 123
154 110 97 288 18.60
32 35 165
155 84 2 186 268.83
861 142 140
156 200 11 220 228.59
356 1654 452
157 2 46 225 26.40
84 15 16
158 31 9 249 290.53
575 1660 380
159 22 106 277 446.48
1418 258 283
160 37 0 45 102.94
154 182 1092
161 59 38 205 542.51
1320 1864 839
162 127 68 225 35.27
56 264 49
163 30 9 240 259.69
806 232 173
164 15 108 288 267.97
508 1429 660
165 10 13 123 218.39
358 1196 883
166 123 24 260 120.83
162 1045 166
167 46 0 268 148.36
259 430 1063
168 32 0 135 280.06
414 1379 1680
169 37 1 165 225.20
321 943 1683
170 165 63 282 156.14
236 613 1134
171 55 12 288 656.72
1648 2079 931
172 11 57 226 549.67
1661 738 311
173 88 6 211 114.76
179 231 1124
174 103 162 288 17.80
31 29 162
175 52 123 264 55.11
90 244 312
176 51 60 208 152.34
240 285 1508
177 72 179 274 727.89
1999 1823 547
178 66 71 288 707.03
1907 1701 879
179 185 3 233 140.80
239 241 1307
180 63 141 209 112.97
195 192 1028
181 51 47 172 46.52
78 322 75
182 32 47 124 53.60
83 90 556
183 12 34 282 32.34
53 235 44
184 59 16 243 37.19
63 71 335
185 158 23 228 164.73
520 117 94
186 51 85 264 476.84
1363 967 325
187 116 20 245 129.78
324 446 143
188 52 179 287 120.15
188 885 208
189 32 16 283 679.11
1644 1880 1789
190 11 271 288 853.18
2082 2376 2110
191 25 38 228 61.48
103 90 603
192 50 25 198 23.51
32 204 28
193 68 1 258 463.78
1210 1459 348
194 7 62 140 10.64
17 77 18
195 45 0 249 458.40
1439 328 314
196 26 97 227 543.18
1665 604 330
197 20 6 288 143.03
212 1139 202
198 2 44 288 277.47
890 132 157
199 9 0 60 293.59
942 139 165
200 110 101 261 9.08
29 5 5
201 101 132 287 40.79
73 62 364
202 3 119 286 40.11
63 74 400
203 95 105 259 679.75
1727 2004 1037
204 50 32 250 135.05
240 256 1141
205 110 15 249 4.85
9 8 40
206 31 17 267 277.64
872 204 179
207 29 1 136 123.10
390 75 79
208 15 11 208 282.38
425 1207 1916
209 119 62 288 104.18
331 57 70
210 9 3 123 276.60
885 155 137
211 85 21 147 93.46
140 734 137
212 49 21 226 75.42
124 122 739
213 5 55 287 41.88
62 326 71
214 30 6 177 18.75
59 12 14
215 25 1 175 77.38
129 149 710
216 43 4 251 66.26
114 111 608
217 164 2 184 91.46
157 139 863
218 24 89 288 286.59
433 1703 1216
219 49 39 237 80.61
256 46 52
220 11 134 266 252.55
366 1569 1078
221 44 124 270 208.41
318 992 1232
222 119 129 263 113.58
149 999 154
223 75 124 288 138.78
209 245 1463
224 7 0 128 731.62
1821 2158 1379
225 109 78 287 11.55
37 6 6
226 103 51 288 239.10
349 1439 1073
227 79 3 216 78.67
138 112 733
228 69 3 153 701.66
1965 1578 530
229 1 15 288 58.65
99 100 549
230 8 0 244 616.60
1776 1177 436
231 101 125 288 102.43
187 176 858
232 54 25 272 104.20
161 658 359
233 113 12 157 270.71
413 1175 1771
234 49 164 284 647.30
1560 1914 1571
235 46 31 160 150.51
193 1322 238
236 91 14 196 199.45
342 591 1453
237 38 17 206 161.09
237 912 796
238 184 66 288 272.10
867 165 141
239 157 21 215 221.24
677 233 162
240 55 114 288 139.79
241 235 1278
241 93 108 288 145.69
216 1179 177
242 19 198 288 48.86
81 223 258
243 48 21 288 554.71
1618 983 364
244 67 136 287 74.10
113 111 801
245 20 71 287 618.65
1788 1166 417
246 131 1 184 175.41
304 1196 241
247 10 75 283 492.41
1567 294 276
248 179 36 268 204.05
375 499 1469
249 40 22 265 82.76
250 110 49
250 8 34 148 312.63
988 219 175
251 36 1 259 167.16
528 108 109
252 75 198 283 359.95
1149 207 189
253 29 34 288 279.03
710 946 233
254 137 38 287 120.11
207 191 1115
255 54 67 216 290.15
927 150 172
256 29 96 283 57.01
96 108 519
257 34 0 213 683.24
1906 1576 509
258 26 184 285 100.81
166 193 941
259 29 5 213 545.37
1497 1342 451
260 86 133 287 37.78
121 21 18
261 88 48 190 196.48
257 1406 755
262 108 0 232 59.60
87 481 84
263 56 51 266 139.60
220 212 1455
264 84 195 285 210.75
300 1597 506
265 65 2 106 448.08
1430 260 234
266 150 13 280 551.69
1777 254 273
267 95 74 245 379.04
1192 257 266
268 10 0 275 527.34
1630 484 379
269 40 11 192 31.27
54 52 286
270 1 277 287 187.00
589 130 120
271 150 5 234 312.25
989 193 198
272 61 11 271 222.63
406 667 1441
273 38 64 284 204.91
656 104 115
274 35 20 288 709.54
1768 2126 1274
275 52 0 179 413.34
1204 739 273
276 94 0 213 216.12
393 578 1511
277 213 4 244 80.12
243 105 43
278 37 19 228 261.33
427 1356 1179
279 57 0 214 40.79
87 206 50
280 43 10 205 776.11
2132 1748 873
281 1 54 286 689.14
1849 1868 610
282 59 44 287 39.90
54 338 62
283 69 173 288 10.72
18 19 100
284 11 0 145 9.08
29 5 5
285 78 104 266 1.50
2 13 2
286 22 44 260 34.70
60 57 318
287 135 94 283 560.10
1650 899 394
288 115 159 284 57.50
181 39 39
289 79 3 179 168.86
253 297 1791
290 36 0 230 6.47
11 11 60
291 18 15 126 454.53
1199 1344 378
292 68 81 209 11.52
18 89 14
293 36 135 287 213.53
346 775 1483
294 9 13 285 129.76
417 61 69
295 99 6 189 139.68
444 84 81
296 24 112 288 573.54
1305 1911 1610
297 47 133 288 263.80
383 1183 1805
298 54 12 283 2.76
9 1 1
299 10 49 131 123.63
215 178 1162
300 38 98 251 16.85
30 30 145
301 44 47 288 563.74
1584 1200 491
302 78 72 287 461.02
1446 346 300
303 149 17 287 60.07
104 103 543
304 53 6 249 458.42
1217 1293 421
305 32 118 238 69.63
109 125 702
306 12 236 288 21.59
29 187 29
307 54 0 217 272.67
400 1360 1631
308 56 27 246 68.96
109 511 107
309 113 136 288 45.82
146 27 25
310 76 93 256 179.31
320 699 967
311 28 184 272 85.71
242 182 67
312 27 114 288 29.26
47 59 277
313 63 8 95 263.99
506 1588 341
314 5 21 287 747.82
2055 1841 601
315 5 62 111 34.72
60 60 314
316 11 1 67 137.58
437 84 80
317 8 101 287 159.99
268 628 979
318 58 21 119 133.57
427 68 79
319 20 3 99 74.03
235 44 46
320 178 11 224 236.20
737 199 148
321 41 57 276 42.79
68 319 61
322 6 0 283 84.48
147 124 790
323 43 3 195 69.36
125 112 603
324 58 141 280 160.48
511 97 86
325 41 86 173 107.24
186 154 1012
326 8 0 173 60.40
88 483 93
327 82 0 131 62.95
108 120 558
328 32 181 287 297.32
486 1370 1599
329 128 2 265 214.01
683 112 130
330 216 32 288 98.60
163 200 899
331 53 61 226 69.36
113 384 279
332 67 121 288 43.61
67 336 62
333 83 9 153 10.37
19 20 83
334 6 56 143 224.95
307 1319 1211
335 51 2 278 635.10
1620 2079 614
336 2 0 88 359.70
1151 187 199
337 24 4 261 33.86
60 145 166
338 134 8 183 55.98
94 87 540
339 20 3 75 25.35
49 39 200
340 73 5 106 710.80
2024 1466 502
341 2 43 108 512.21
1073 1850 1870
342 81 0 134 76.92
121 427 338
343 67 0 265 147.56
245 406 1178
344 111 163 282 104.54
178 474 524
345 7 0 220 164.56
220 1417 240
346 57 81 158 656.19
1878 1258 540
347 30 211 288 253.49
410 1008 1634
348 92 27 254 503.91
1605 302 271
349 23 168 288 31.35
58 48 266
350 69 1 227 64.28
106 119 605
351 52 4 287 298.01
944 185 187
352 73 8 199 75.53
127 119 725
353 14 142 276 47.34
78 339 69
354 39 64 281 28.40
51 50 242
355 37 1 263 100.52
320 59 57
356 37 197 288 158.75
250 777 852
357 79 159 280 61.27
91 96 673
358 72 36 234 37.73
67 67 326
359 13 93 265 309.77
988 173 176
360 56 79 141 250.27
790 173 150
361 8 225 287 413.19
1041 1412 401
362 13 17 81 7.25
12 14 67
363 129 58 288 4.51
8 8 39
364 1 0 183 203.10
325 950 1120
365 55 87 283 66.26
102 507 98
366 1 36 70 727.47
1872 2307 700
367 25 1 118 31.05
44 258 42
368 80 121 287 238.13
476 1357 284
369 84 70 287 63.42
103 126 595
370 61 34 121 58.95
95 108 572
371 56 80 287 104.54
166 382 746
372 67 0 80 268.33
857 140 159
373 64 19 120 684.89
1852 1776 626
374 46 163 277 30.09
51 46 288
375 7 0 267 174.51
275 801 1015
376 39 64 286 72.77
229 48 52
377 41 45 288 87.50
150 157 791
378 12 89 258 627.22
1557 1669 1483
379 67 15 277 665.31
1852 1531 529
380 12 123 288 59.98
190 39 35
381 56 108 200 521.14
1624 436 346
382 74 12 182 171.12
539 118 111
383 18 99 245 137.36
222 220 1376
384 137 14 278 430.38
1374 248 224
385 27 53 278 0.57
1 1 5
386 39 108 271 58.72
103 111 506
387 130 1 217 77.36
101 684 103
388 111 100 284 140.59
246 233 1265
389 42 36 242 501.34
1592 316 280
390 97 3 267 57.79
102 103 503
391 29 100 231 25.68
44 39 243
392 76 178 287 158.77
237 290 1674
393 175 55 287 84.40
130 640 133
394 54 34 109 141.52
443 107 97
395 49 121 252 29.58
38 258 49
396 31 96 250 271.06
417 1286 1585
397 55 101 285 421.58
1353 196 240
398 37 47 168 78.71
228 140 62
399 112 11 287 193.43
614 117 117
400 37 7 258 43.72
74 63 425
401 67 87 288 89.50
116 778 145
402 27 8 45 530.48
1438 1373 464
403 51 1 103 521.78
1617 506 305
404 90 17 254 48.37
79 344 79
405 4 164 287 13.65
22 96 26
406 44 49 223 254.84
806 176 142
407 13 45 255 50.10
86 84 461
408 21 210 288 479.85
1502 394 283
409 124 97 287 616.73
1817 1015 395
410 16 26 258 196.57
301 1328 566
411 4 50 288 490.13
1565 258 290
412 5 16 146 271.97
446 1257 1447
413 21 0 262 20.33
30 161 31
414 8 0 171 151.27
326 750 183
415 106 63 200 77.83
250 38 40
416 130 134 288 171.14
367 875 180
417 19 26 262 228.80
356 738 1831
418 1 243 288 53.22
170 28 31
419 72 5 205 70.22
113 411 259
420 48 34 285 519.23
1521 809 462
421 13 40 282 164.10
522 97 95
422 25 180 229 199.16
640 91 110
423 21 131 288 38.41
70 61 330
424 96 151 281 433.71
847 1648 1892
425 2 0 213 19.66
62 13 13
426 1 31 214 44.01
70 329 61
427 133 7 288 22.06
36 45 204
428 73 13 149 745.52
1947 2236 710
429 22 198 287 394.38
1065 1061 313
430 15 172 288 789.24
2127 2069 738
431 75 90 255 244.10
471 1472 288
432 67 126 243 544.59
1731 353 278
433 46 53 235 120.53
383 71 73
434 56 3 212 292.03
933 151 173
435 45 3 123 49.74
84 83 468
436 66 62 277 784.33
2109 2102 698
437 20 6 249 290.32
498 1216 1580
438 11 10 283 68.68
119 108 635
439 37 148 232 871.38
2252 2078 1799
440 26 3 76 1.58
3 9 3
441 40 146 286 437.25
1396 256 221
442 73 8 112 699.76
1921 1670 655
443 33 117 253 94.74
137 741 178
444 41 119 213 38.37
61 289 50
445 11 64 262 73.59
132 123 638
446 15 100 288 75.99
108 633 98
447 57 2 167 331.05
998 423 236
448 22 16 234 147.94
253 424 1104
449 41 35 277 285.24
488 1345 1336
450 59 30 233 741.64
1806 2178 1692
451 5 117 288 509.22
1521 750 313
452 146 30 225 242.64
761 169 178
453 66 8 127 154.16
486 91 120
454 61 42 213 117.81
177 928 165
455 132 62 251 84.42
267 57 49
456 123 18 287 286.65
908 166 198
457 16 0 90 0.40
1 1 1
458 18 1 77 263.18
573 1300 285
459 23 258 287 203.20
314 1015 1102
460 43 7 99 139.64
243 228 1271
461 78 131 267 274.20
439 1037 1879
462 22 48 146 269.10
421 1219 1611
463 96 15 212 130.35
193 665 745
464 22 0 229 2.15
3 18 3
465 34 179 274 276.60
526 1509 619
466 46 98 189 19.74
32 145 27
467 72 23 288 765.30
1815 2257 2072
468 28 72 223 141.81
371 417 143
469 93 12 267 36.32
111 38 28
470 79 2 229 454.53
1414 382 316
471 14 99 288 96.09
137 777 156
472 36 78 188 186.16
314 340 1710
473 21 118 261 162.08
348 833 161
474 50 0 193 33.69
55 49 341
475 75 25 253 104.69
170 175 1032
476 14 140 287 795.20
2095 2130 1012
477 28 10 175 223.70
371 712 1644
478 40 8 262 148.87
213 1190 257
479 55 154 279 27.54
86 21 20
480 12 113 235 184.18
295 1380 236
481 13 37 256 366.06
1171 213 171
482 72 5 113 648.50
1441 2153 2074
483 147 68 282 15.38
25 112 22
484 12 185 288 136.75
233 205 1307
485 36 58 192 56.63
88 108 566
486 45 6 236 126.33
201 198 1294
487 60 52 210 409.33
1275 363 245
488 45 149 288 322.98
505 1676 1616
489 41 100 244 199.26
344 832 1073
490 68 28 288 266.53
447 1127 1506
491 49 76 288 145.54
460 98 87
492 41 7 283 106.23
192 350 652
493 20 140 219 14.64
26 27 125
494 5 145 210 583.38
1786 660 353
495 60 116 185 85.87
273 48 55
496 89 7 120 27.09
86 18 14
497 29 1 135 394.21
1253 213 265
498 1 237 288 41.36
132 23 23
499 42 33 265 387.70
1222 282 224
500 61 220 288 781.80
2125 1898 832
501 56 32 239 9.33
16 15 87
502 10 272 287 568.27
1638 1035 468
503 124 53 287 633.31
1659 1708 855
504 15 50 287 86.93
133 534 331
505 102 26 272 381.34
903 1586 350
506 42 22 81 379.33
891 1617 340
507 35 2 219 22.65
43 47 166
508 26 231 287 270.39
773 528 214
509 10 0 203 217.93
335 1564 481
510 43 42 286 46.01
73 346 62
511 3 96 146 91.82
152 168 863
512 45 152 223 2.46
8 1 1
513 86 54 183 318.34
534 1244 1951
514 41 86 286 142.06
225 541 985
515 5 31 287 307.95
908 465 255
516 40 0 148 122.05
170 1005 199
517 2 221 287 30.19
96 17 19
518 20 188 287 246.56
418 929 1532
519 102 51 250 187.99
596 121 108
520 71 14 190 153.90
262 257 1433
521 45 20 275 214.94
684 130 118
522 55 82 288 249.79
475 1524 317
523 110 10 242 8.47
12 70 12
524 60 58 276 158.81
228 1294 232
525 40 111 286 241.99
389 1228 1178
526 182 4 229 33.52
107 19 18
527 110 44 184 230.82
733 134 146
528 12 0 83 384.01
1048 969 324
529 29 185 288 281.56
734 848 272
530 20 52 285 234.07
357 1194 1265
531 41 50 288 88.25
143 655 111
532 140 17 242 20.69
35 34 195
533 47 25 287 165.53
483 279 129
534 113 26 171 78.84
251 44 48
535 18 4 190 62.72
114 123 506
536 37 147 269 234.43
368 783 1813
537 27 107 161 47.40
152 22 28
538 53 146 267 572.78
1377 1725 1367
539 130 10 251 114.08
183 653 447
540 63 114 284 187.63
276 1192 733
541 37 38 205 786.96
2147 1843 883
542 64 22 206 549.46
1536 1228 446
543 38 26 257 594.90
1353 2031 1601
544 2 49 284 136.16
427 101 91
545 27 67 287 36.62
68 66 294
546 27 0 285 187.57
259 1413 519
547 21 51 158 568.61
1510 1619 496
548 67 111 236 10.13
18 17 89
549 31 150 235 283.39
443 1531 1328
550 42 119 256 210.53
668 119 142
551 23 222 283 119.98
177 963 164
552 2 0 288 67.10
212 45 41
553 15 235 288 154.89
496 84 78
554 148 60 287 599.83
1480 1787 1195
555 171 80 288 67.04
119 124 572
556 69 11 284 70.54
114 134 675
557 67 115 258 466.18
1449 405 313
558 26 25 141 605.90
1491 2015 920
559 88 11 208 29.16
46 214 49
560 64 75 252 49.57
74 381 87
561 42 2 288 93.99
273 161 78
562 154 31 258 205.37
321 650 1652
563 62 36 257 71.44
124 101 676
564 47 35 281 83.89
112 628 265
565 22 33 256 157.44
283 313 1286
566 93 17 234 59.43
90 457 95
567 6 146 288 63.69
105 117 601
568 126 153 287 126.43
403 75 67
569 8 215 274 375.27
674 1736 1584
570 105 53 195 226.95
381 1012 1201
571 35 66 234 400.40
1275 227 237
572 166 22 288 82.63
145 138 739
573 123 66 287 24.54
43 53 202
574 35 56 287 653.60
1835 1391 580
575 65 198 285 34.49
53 159 209
576 33 4 177 15.11
23 23 163
577 44 69 287 220.69
698 141 140
578 79 26 181 406.70
1256 410 245
579 80 139 262 52.33
92 222 265
580 27 184 272 47.64
72 91 490
581 82 35 191 30.55
46 56 319
582 5 0 76 354.45
1135 186 188
583 3 23 260 33.20
55 60 313
584 86 22 186 13.17
21 27 125
585 50 163 287 138.97
443 84 71
586 96 5 287 587.07
1745 867 417
587 73 78 285 5.37
7 47 8
588 45 84 262 33.31
57 47 321
589 20 118 271 360.52
1143 222 222
590 10 215 288 96.77
169 189 830
591 199 72 287 46.16
61 409 55
592 59 16 218 402.49
835 1944 791
593 23 97 267 42.37
134 29 24
594 17 120 288 557.21
1525 1430 404
595 75 97 230 727.87
1941 2110 522
596 164 43 287 603.25
1863 627 335
597 25 159 288 119.27
314 355 100
598 75 72 205 144.99
232 674 806
599 11 80 210 533.83
1390 1654 458
600 1 160 223 143.03
289 807 161
601 41 67 229 16.39
52 10 10
602 5 96 288 326.89
496 1558 1949
603 101 18 233 135.13
225 230 1287
604 151 4 222 579.88
1768 708 324
605 62 18 121 693.29
1656 1721 2280
606 27 100 288 420.40
1356 196 191
607 27 29 250 116.63
184 206 1171
608 50 120 287 237.63
418 797 1518
609 42 44 253 212.81
389 493 1588
610 21 5 147 362.37
680 2008 828
611 113 9 222 26.31
49 43 217
612 47 48 287 10.70
20 22 81
613 182 16 288 108.21
180 204 1002
614 2 173 249 344.53
949 813 314
615 95 44 203 31.60
100 20 20
616 23 94 183 446.73
1151 1452 367
617 88 51 212 86.13
136 130 897
618 11 138 253 25.62
41 46 252
619 26 61 270 215.84
328 1013 1307
620 25 33 188 13.36
21 22 137
621 161 65 287 615.61
1864 782 389
622 57 143 220 292.93
487 1212 1725
623 4 78 288 171.90
321 1079 214
624 31 0 47 352.75
533 1821 1909
625 2 63 287 337.85
524 1714 1779
626 40 9 279 124.47
390 86 95
627 36 2 127 263.71
817 255 157
628 33 18 288 47.17
74 351 75
629 116 13 263 153.15
250 273 1475
630 110 110 287 58.68
188 31 30
631 12 8 128 182.64
292 361 1749
632 83 1 196 103.78
174 202 942
633 9 6 287 504.98
1622 255 248
634 48 141 276 248.12
409 841 1764
635 28 36 136 61.60
97 102 630
636 40 95 239 78.54
127 148 753
637 57 38 206 92.38
289 65 72
638 27 155 261 103.91
329 68 61
639 70 34 148 472.50
1468 443 273
640 26 65 182 162.48
253 762 942
641 119 44 275 628.44
1743 1515 441
642 120 49 246 438.51
1390 290 242
643 30 6 191 658.64
1861 1404 498
644 1 0 52 601.18
1727 1183 404
645 15 37 288 173.03
234 1479 250
646 93 19 198 127.42
172 1072 212
647 74 11 155 54.02
82 296 264
648 9 4 199 54.59
99 99 454
649 11 6 219 298.58
556 1622 761
650 25 197 282 368.95
1151 280 279
651 26 72 106 47.91
153 26 27
652 13 10 150 326.12
843 985 361
653 42 46 251 269.53
857 149 174
654 83 91 287 236.43
760 110 126
655 6 152 213 161.13
511 94 106
656 24 2 257 103.17
164 383 726
657 53 33 287 96.85
149 151 1029
658 84 6 183 460.68
1404 526 316
659 63 19 273 134.04
245 260 1076
660 25 65 190 323.12
513 1697 1532
661 36 45 100 165.41
248 1321 208
662 65 75 252 200.38
644 89 114
663 97 1 194 579.40
1272 1923 1962
664 144 9 237 47.17
75 85 467
665 98 1 152 204.64
307 1275 795
666 90 143 278 407.42
1281 286 273
667 54 74 240 177.37
307 1195 268
668 74 141 264 1.35
2 2 15
669 52 115 288 185.42
591 97 118
670 8 162 235 591.66
1351 1825 1847
671 225 24 287 53.24
85 85 541
672 3 120 153 7.04
10 58 10
673 52 2 282 246.22
791 125 119
674 154 103 277 126.92
160 1140 182
675 2 15 284 313.16
645 1696 373
676 45 2 147 148.05
232 219 1561
677 82 64 266 35.84
64 63 308
678 58 6 251 2.15
3 18 3
679 11 119 162 75.99
118 581 106
680 67 32 287 385.21
1110 736 268
681 3 3 139 595.45
1900 373 272
682 82 61 270 113.58
192 763 207
683 106 110 249 2.87
4 24 4
684 175 29 288 53.79
75 447 81
685 138 24 226 129.49
191 686 707
686 92 111 269 67.57
195 123 54
687 7 82 268 354.64
1010 691 310
688 82 61 191 43.08
66 69 457
689 2 222 288 123.86
342 307 85
690 48 20 216 572.02
1704 807 437
691 23 1 278 169.16
537 109 92
692 85 111 267 252.08
423 1437 866
693 7 109 284 501.11
1470 837 347
694 61 98 288 739.75
1977 1924 831
695 16 26 272 12.68
23 24 104
696 53 93 271 42.41
73 63 401
697 73 61 218 230.51
337 1339 1103
698 17 160 288 539.14
1662 548 339
699 51 113 287 871.02
2302 1875 1745
700 10 0 61 285.98
459 1482 1351
701 21 1 188 39.65
127 22 19
702 91 145 264 126.77
171 1087 181
703 3 83 149 409.80
1308 211 253
704 107 56 280 58.55
187 31 34
705 23 140 281 221.60
688 204 137
706 2 9 284 399.79
1279 192 247
707 34 225 288 183.55
292 1008 800
708 14 269 288 234.09
672 437 196
709 87 3 250 407.19
1193 707 252
710 119 22 147 321.94
469 1611 1941
711 29 28 256 114.74
191 210 1071
712 120 18 231 509.60
1601 374 326
713 84 125 268 8.81
15 16 80
714 29 2 157 131.70
237 223 1132
715 16 53 210 49.51
82 86 472
716 141 143 288 29.26
45 227 39
717 17 11 232 80.42
106 689 133
718 88 84 241 121.82
384 82 80
719 90 73 288 59.71
97 110 573
720 62 21 288 449.70
1391 405 328
721 37 5 238 220.23
361 885 1372
722 172 11 282 120.13
385 62 63
723 79 21 264 68.47
113 116 660
724 10 0 215 59.18
96 435 80
725 65 3 251 213.70
356 1013 1060
726 22 119 237 165.36
246 855 920
727 82 130 278 258.40
825 137 152
728 143 7 268 858.13
2182 2103 1937
729 25 16 259 179.21
571 108 94
730 138 89 283 95.19
204 476 117
731 2 241 288 262.15
595 1161 315
732 106 25 199 175.35
241 1067 874
733 20 41 288 315.79
574 1685 949
734 37 106 288 1.26
2 2 13
735 40 178 287 590.99
1648 1309 526
736 8 93 265 340.99
552 1457 2043
737 43 0 60 446.92
980 1813 1027
738 32 126 277 316.07
466 2032 1191
739 58 46 265 662.74
1749 1887 655
740 48 20 128 50.92
73 415 75
741 45 212 287 169.47
535 112 109
742 28 36 280 259.20
761 447 154
743 36 10 175 58.76
97 95 573
744 116 3 279 661.50
1804 1654 590
745 137 30 285 297.32
485 1154 1930
746 103 81 279 103.17
163 179 1039
747 10 26 241 149.71
223 1122 309
748 157 9 252 76.27
120 120 790
749 151 32 287 11.33
20 24 93
750 97 143 277 344.59
1093 198 230
751 103 5 120 310.82
984 203 184
752 28 30 274 149.48
239 755 742
753 54 6 230 105.64
143 912 138
754 103 177 287 305.19
968 188 185
755 18 0 241 149.65
252 429 1144
756 28 0 275 695.72
1790 1938 1074
757 117 143 282 19.40
26 163 34
758 33 1 214 277.11
890 139 138
759 20 2 33 64.55
107 122 600
760 105 4 288 5.90
10 10 55
761 10 222 288 698.26
2008 1335 513
762 95 73 202 59.05
187 37 37
763 131 99 286 72.33
108 575 98
764 39 35 288 633.65
1782 1410 449
765 61 175 288 149.46
260 244 1361
766 84 68 267 134.67
425 96 77
767 26 1 251 667.72
1830 1611 620
768 132 14 235 220.27
359 591 1828
769 35 31 262 482.50
1072 2042 884
770 97 15 179 50.90
164 24 24
771 42 5 206 48.60
155 27 28
772 119 83 287 384.05
1210 253 265
773 23 0 49 723.00
1771 1811 2045
774 14 1 247 234.49
500 1220 235
775 130 119 288 20.01
63 14 13
776 50 5 87 309.72
540 1165 1823
777 73 11 269 163.66
520 98 97
778 17 212 287 85.16
140 132 843
779 70 59 287 297.57
472 1198 1961
780 71 27 288 84.93
139 175 780
781 13 4 152 250.80
370 1562 1019
782 91 1 287 77.70
130 132 736
783 64 70 259 51.05
82 89 504
784 12 64 188 320.53
505 1508 1810
785 155 77 287 66.32
87 588 83
786 80 148 280 66.11
107 478 103
787 12 0 42 241.15
347 1002 1791
788 53 13 136 88.07
150 122 857
789 74 3 113 211.27
386 1362 269
790 10 140 274 576.13
1823 392 324
791 102 16 247 263.14
563 1360 264
792 29 0 54 0.40
1 1 1
793 91 29 235 478.97
1490 424 301
794 55 93 253 54.78
100 212 282
795 60 112 282 92.81
150 141 941
796 51 1 236 775.46
2156 1729 718
797 27 96 201 276.77
479 1741 604
798 71 2 137 119.56
181 619 642
799 37 2 278 28.04
88 19 21
800 92 37 246 84.29
139 165 780
801 21 2 40 26.52
44 45 254
802 138 26 288 107.09
189 165 971
803 85 46 160 25.87
43 40 253
804 90 8 239 502.94
1472 814 411
805 53 33 256 158.85
507 90 86
806 12 128 275 153.86
492 87 77
807 201 4 278 150.49
254 243 1429
808 37 1 165 426.15
1342 289 286
809 7 196 287 96.28
155 434 549
810 168 30 254 127.86
407 77 70
811 19 105 215 22.61
37 43 213
812 135 29 212 12.73
23 22 108
813 120 56 288 53.41
171 27 30
814 46 87 288 63.92
99 114 653
815 31 5 169 282.99
730 908 244
816 56 84 163 207.29
313 1043 1164
817 39 12 266 470.14
1482 325 296
818 53 1 286 49.85
66 434 70
819 141 2 284 91.60
290 62 51
820 109 79 267 237.21
378 1139 1275
821 60 196 287 10.79
35 4 5
822 56 183 272 130.12
217 184 1293
823 55 10 272 514.53
1631 324 308
824 26 1 193 92.51
293 59 56
825 30 82 206 415.61
947 1603 830
826 32 80 288 46.90
148 32 29
827 47 64 270 16.69
27 54 126
828 86 40 287 72.52
229 48 46
829 129 18 228 83.03
265 45 48
830 93 18 286 266.41
428 1089 1693
831 64 28 284 30.11
53 71 237
832 22 29 185 50.27
69 384 134
833 5 33 167 626.72
1490 2185 1166
834 30 102 245 750.45
1972 2062 913
835 92 33 287 77.34
133 133 705
836 13 1 62 681.07
1922 1491 473
837 2 5 204 34.05
73 172 39
838 10 149 288 364.31
741 1528 1167
839 11 9 75 29.98
39 259 50
840 118 89 288 18.37
31 52 141
841 118 36 288 50.31
79 352 113
842 145 13 246 594.34
1759 944 376
843 151 4 174 59.14
98 421 86
844 10 58 288 27.47
47 42 260
845 84 11 199 80.14
108 686 117
846 14 3 180 56.74
88 425 93
847 11 23 162 67.59
217 32 37
848 139 2 160 36.62
63 58 341
849 20 28 287 631.90
1766 1447 464
850 85 73 220 207.37
356 415 1807
851 19 102 288 147.44
406 352 129
852 77 109 258 93.54
147 342 678
853 143 4 207 10.22
15 17 112
854 32 5 102 211.27
348 744 1462
855 12 82 153 639.59
1644 1872 863
856 17 5 288 195.24
298 1013 1028
857 5 105 287 121.75
390 63 65
858 17 108 174 126.56
226 275 1009
859 55 201 288 462.05
1478 255 237
860 3 39 58 466.22
1437 471 299
861 36 25 287 84.91
153 126 755
862 254 2 259 32.28
57 50 292
863 49 35 287 42.49
135 25 26
864 5 99 288 771.27
1993 1910 1488
865 59 4 241 87.01
155 162 737
866 57 146 271 326.89
807 1194 318
867 26 70 288 26.86
42 201 42
868 145 50 288 179.82
266 863 1111
869 44 228 288 314.86
927 519 205
870 74 19 244 32.47
49 175 165
871 68 26 232 2.87
4 24 4
872 9 98 233 30.34
52 56 272
873 20 190 255 375.14
633 1624 2036
874 21 64 281 103.19
155 610 449
875 50 13 288 48.77
74 79 521
876 25 55 223 54.97
87 103 541
877 52 8 126 85.87
273 48 55
878 68 5 181 705.79
1962 1696 472
879 126 8 213 69.88
108 531 106
880 120 28 287 178.79
304 316 1641
881 65 154 275 687.94
1720 2037 1231
882 27 83 288 107.07
136 954 158
883 12 1 156 647.66
1835 1369 472
884 43 122 248 95.35
181 154 765
885 20 244 285 218.86
380 580 1664
886 25 97 287 519.46
1629 418 298
887 46 28 249 126.56
157 1147 184
888 53 10 288 31.41
50 225 58
889 37 49 188 240.85
758 164 164
890 19 19 149 47.07
81 82 427
891 135 3 217 16.69
52 12 14
892 67 8 135 493.48
1510 525 354
893 19 94 264 96.09
144 737 167
894 66 35 283 656.97
1805 1581 585
895 20 142 288 68.70
111 509 90
896 18 96 287 118.59
177 819 347
897 46 1 288 572.34
1825 360 268
898 6 6 110 480.78
1492 448 294
899 31 191 278 80.27
111 582 255
900 1 63 288 85.56
150 139 772
901 9 132 287 13.38
42 9 10
902 7 1 154 140.29
446 85 80
903 62 34 217 139.49
220 1057 185
904 16 1 186 138.42
205 760 710
905 18 42 181 15.15
23 23 164
906 109 9 224 108.71
346 64 62
907 152 6 224 195.62
333 823 1077
908 57 144 276 93.12
136 748 136
909 79 20 244 79.07
132 129 759
910 131 12 236 18.35
58 11 13
911 100 21 274 162.88
282 1139 183
912 59 9 125 272.98
869 157 160
913 58 25 283 406.57
920 1828 467
914 78 28 188 18.37
32 30 167
915 45 144 280 407.00
1253 418 261
916 22 61 267 79.93
109 686 105
917 106 22 181 246.27
783 155 131
918 42 2 209 4.42
8 8 37
919 16 210 287 93.14
149 137 962
920 102 5 191 105.00
193 172 883
921 108 25 213 339.54
1087 174 188
922 21 0 157 356.73
829 1552 335
923 40 0 85 44.12
78 68 399
924 156 15 252 628.68
1832 1122 413
925 61 112 263 708.34
1971 1675 501
926 80 54 218 57.68
91 104 576
927 33 86 275 368.19
910 1348 346
928 209 18 283 439.29
1396 249 280
929 14 32 177 35.29
50 291 51
930 47 235 288 9.61
17 14 88
931 23 11 248 1.50
2 13 2
932 17 6 192 479.16
1452 555 375
933 20 185 288 738.72
1798 2089 1812
934 69 36 260 105.80
162 828 135
935 85 35 256 420.84
1256 609 282
936 9 0 265 243.63
547 1120 273
937 11 40 198 468.62
1492 245 310
938 27 71 288 71.76
112 120 739
939 200 47 285 33.16
106 18 18
940 74 28 288 331.55
522 1589 1831
941 69 201 288 136.71
254 209 1153
942 41 11 149 146.09
235 1076 208
943 111 26 226 160.96
517 76 87
944 57 148 287 32.91
105 20 16
945 64 1 198 117.96
376 67 67
946 112 33 275 529.21
1642 509 302
947 97 4 165 46.86
73 74 490
948 34 20 249 238.51
717 299 193
949 22 0 98 51.05
163 29 27
950 73 21 270 370.93
1166 266 242
951 77 100 237 32.00
101 21 21
952 90 15 149 138.12
220 638 781
953 126 4 249 203.29
310 583 1780
954 79 0 186 31.01
54 74 247
955 88 19 201 143.77
317 682 170
956 91 2 140 125.95
401 70 77
957 32 10 283 28.76
47 49 280
958 4 125 287 210.51
347 1424 431
959 7 48 207 177.52
489 432 142
960 44 122 282 394.82
967 1474 390
961 58 67 150 61.16
86 359 311
962 202 60 287 63.39
201 39 39
963 51 22 191 67.69
117 349 264
964 5 199 287 251.37
399 1447 1002
965 44 5 166 16.33
25 125 25
966 37 13 219 58.13
99 99 538
967 34 7 112 46.56
64 390 72
968 144 138 287 99.34
153 153 1057
969 81 155 287 151.67
477 111 94
970 58 112 287 27.77
41 52 294
971 69 55 288 71.06
127 125 610
972 113 115 288 258.04
380 1140 1754
973 33 89 272 509.56
1581 484 300
974 110 1 230 125.80
214 217 1162
975 44 4 275 222.94
385 590 1711
976 15 58 121 493.02
1448 805 357
977 214 49 280 0.40
1 1 1
978 14 93 287 27.39
85 22 22
979 65 209 288 83.45
263 55 57
980 34 175 268 513.71
1429 1181 417
981 78 66 287 213.00
374 618 1510
982 9 0 230 478.90
1499 373 313
983 160 51 239 65.23
98 122 679
984 3 20 254 215.49
310 1572 586
985 1 217 288 283.05
813 567 176
986 126 11 278 138.21
223 438 1062
987 107 87 275 41.34
72 68 375
988 49 65 164 534.82
1556 907 440
989 1 178 218 338.15
1071 196 234
990 21 118 237 11.55
37 6 6
991 29 11 278 497.82
1506 639 314
992 25 1 192 226.63
719 141 134
993 11 49 280 0.53
1 1 4
994 1 235 270 113.18
170 896 152
995 19 2 70 458.55
1428 389 303
996 13 43 287 222.99
357 636 1839
997 21 79 202 147.67
270 257 1229
998 47 13 85 445.91
1399 325 302
999 107 180 288 547.42
1654 693 374
