288
0 0.03636
1 0.03636
2 0.03636
3 0.03636
4 0.03636
5 0.03636
6 0.03379
7 0.03379
8 0.03379
9 0.03379
10 0.03379
11 0.03379
12 0.03379
13 0.03379
14 0.03379
15 0.03379
16 0.03379
17 0.03379
18 0.03236
19 0.03236
20 0.03236
21 0.03236
22 0.03236
23 0.03236
24 0.03236
25 0.03236
26 0.03236
27 0.03236
28 0.03236
29 0.03236
30 0.03087
31 0.03087
32 0.03087
33 0.03087
34 0.03087
35 0.03087
36 0.03236
37 0.03236
38 0.03236
39 0.03236
40 0.03236
41 0.03236
42 0.03087
43 0.03087
44 0.03087
45 0.03087
46 0.03087
47 0.03087
48 0.03087
49 0.03087
50 0.03087
51 0.03087
52 0.03087
53 0.03087
54 0.03087
55 0.03087
56 0.03087
57 0.03087
58 0.03087
59 0.03087
60 0.03087
61 0.03087
62 0.03087
63 0.03087
64 0.03087
65 0.03087
66 0.03236
67 0.03236
68 0.03236
69 0.03236
70 0.03236
71 0.03236
72 0.04406
73 0.04406
74 0.04406
75 0.04406
76 0.04406
77 0.04406
78 0.04487
79 0.04487
80 0.04487
81 0.04487
82 0.04487
83 0.04487
84 0.04587
85 0.04587
86 0.04587
87 0.04587
88 0.04587
89 0.04587
90 0.04619
91 0.04619
92 0.04619
93 0.04619
94 0.04619
95 0.04619
96 0.04619
97 0.04619
98 0.04619
99 0.04619
100 0.04619
101 0.04619
102 0.04779
103 0.04779
104 0.04779
105 0.04779
106 0.04779
107 0.04779
108 0.04779
109 0.04779
110 0.04779
111 0.04779
112 0.04779
113 0.04779
114 0.04779
115 0.04779
116 0.04779
117 0.04779
118 0.04779
119 0.04779
120 0.04779
121 0.04779
122 0.04779
123 0.04779
124 0.04779
125 0.04779
126 0.04779
127 0.04779
128 0.04779
129 0.04779
130 0.04779
131 0.04779
132 0.04779
133 0.04779
134 0.04779
135 0.04779
136 0.04779
137 0.04779
138 0.04779
139 0.04779
140 0.04779
141 0.04779
142 0.04779
143 0.04779
144 0.04779
145 0.04779
146 0.04779
147 0.04779
148 0.04779
149 0.04779
150 0.04779
151 0.04779
152 0.04779
153 0.04779
154 0.04779
155 0.04779
156 0.04779
157 0.04779
158 0.04779
159 0.04779
160 0.04779
161 0.04779
162 0.04779
163 0.04779
164 0.04779
165 0.04779
166 0.04779
167 0.04779
168 0.04779
169 0.04779
170 0.04779
171 0.04779
172 0.04779
173 0.04779
174 0.04779
175 0.04779
176 0.04779
177 0.04779
178 0.04779
179 0.04779
180 0.04779
181 0.04779
182 0.04779
183 0.04779
184 0.04779
185 0.04779
186 0.04779
187 0.04779
188 0.04779
189 0.04779
190 0.04779
191 0.04779
192 0.04779
193 0.04779
194 0.04779
195 0.04779
196 0.04779
197 0.04779
198 0.06507
199 0.06507
200 0.06507
201 0.06507
202 0.06507
203 0.06507
204 0.06507
205 0.06507
206 0.06507
207 0.06507
208 0.06507
209 0.06507
210 0.07719
211 0.07719
212 0.07719
213 0.07719
214 0.07719
215 0.07719
216 0.09032
217 0.09032
218 0.09032
219 0.09032
220 0.09032
221 0.09032
222 0.11386
223 0.11386
224 0.11386
225 0.11386
226 0.11386
227 0.11386
228 0.11386
229 0.11386
230 0.11386
231 0.11386
232 0.11386
233 0.11386
234 0.11386
235 0.11386
236 0.11386
237 0.11386
238 0.11386
239 0.11386
240 0.09946
241 0.09946
242 0.09946
243 0.09946
244 0.09946
245 0.09946
246 0.07719
247 0.07719
248 0.07719
249 0.07719
250 0.07719
251 0.07719
252 0.06507
253 0.06507
254 0.06507
255 0.06507
256 0.06507
257 0.06507
258 0.06507
259 0.06507
260 0.06507
261 0.06507
262 0.06507
263 0.06507
264 0.06507
265 0.06507
266 0.06507
267 0.06507
268 0.06507
269 0.06507
270 0.04619
271 0.04619
272 0.04619
273 0.04619
274 0.04619
275 0.04619
276 0.04779
277 0.04779
278 0.04779
279 0.04779
280 0.04779
281 0.04779
282 0.04595
283 0.04595
284 0.04595
285 0.04595
286 0.04595
287 0.04595
