288
0 0.05885
1 0.05885
2 0.05885
3 0.05885
4 0.05885
5 0.05885
6 0.05842
7 0.05842
8 0.05842
9 0.05842
10 0.05842
11 0.05842
12 0.05597
13 0.05597
14 0.05597
15 0.05597
16 0.05597
17 0.05597
18 0.05136
19 0.05136
20 0.05136
21 0.05136
22 0.05136
23 0.05136
24 0.05135
25 0.05135
26 0.05135
27 0.05135
28 0.05135
29 0.05135
30 0.05135
31 0.05135
32 0.05135
33 0.05135
34 0.05135
35 0.05135
36 0.05135
37 0.05135
38 0.05135
39 0.05135
40 0.05135
41 0.05135
42 0.05135
43 0.05135
44 0.05135
45 0.05135
46 0.05135
47 0.05135
48 0.05135
49 0.05135
50 0.05135
51 0.05135
52 0.05135
53 0.05135
54 0.05135
55 0.05135
56 0.05135
57 0.05135
58 0.05135
59 0.05135
60 0.05135
61 0.05135
62 0.05135
63 0.05135
64 0.05135
65 0.05135
66 0.05135
67 0.05135
68 0.05135
69 0.05135
70 0.05135
71 0.05135
72 0.05067
73 0.05067
74 0.05067
75 0.05067
76 0.05067
77 0.05067
78 0.05139
79 0.05139
80 0.05139
81 0.05139
82 0.05139
83 0.05139
84 0.05170
85 0.05170
86 0.05170
87 0.05170
88 0.05170
89 0.05170
90 0.07229
91 0.07229
92 0.07229
93 0.07229
94 0.07229
95 0.07229
96 0.07230
97 0.07230
98 0.07230
99 0.07230
100 0.07230
101 0.07230
102 0.07228
103 0.07228
104 0.07228
105 0.07228
106 0.07228
107 0.07228
108 0.07229
109 0.07229
110 0.07229
111 0.07229
112 0.07229
113 0.07229
114 0.07229
115 0.07229
116 0.07229
117 0.07229
118 0.07229
119 0.07229
120 0.07228
121 0.07228
122 0.07228
123 0.07228
124 0.07228
125 0.07228
126 0.07228
127 0.07228
128 0.07228
129 0.07228
130 0.07228
131 0.07228
132 0.07227
133 0.07227
134 0.07227
135 0.07227
136 0.07227
137 0.07227
138 0.07227
139 0.07227
140 0.07227
141 0.07227
142 0.07227
143 0.07227
144 0.07228
145 0.07228
146 0.07228
147 0.07228
148 0.07228
149 0.07228
150 0.07228
151 0.07228
152 0.07228
153 0.07228
154 0.07228
155 0.07228
156 0.07231
157 0.07231
158 0.07231
159 0.07231
160 0.07231
161 0.07231
162 0.05170
163 0.05170
164 0.05170
165 0.05170
166 0.05170
167 0.05170
168 0.05170
169 0.05170
170 0.05170
171 0.05170
172 0.05170
173 0.05170
174 0.05170
175 0.05170
176 0.05170
177 0.05170
178 0.05170
179 0.05170
180 0.05170
181 0.05170
182 0.05170
183 0.05170
184 0.05170
185 0.05170
186 0.05170
187 0.05170
188 0.05170
189 0.05170
190 0.05170
191 0.05170
192 0.05170
193 0.05170
194 0.05170
195 0.05170
196 0.05170
197 0.05170
198 0.05170
199 0.05170
200 0.05170
201 0.05170
202 0.05170
203 0.05170
204 0.05170
205 0.05170
206 0.05170
207 0.05170
208 0.05170
209 0.05170
210 0.07239
211 0.07239
212 0.07239
213 0.07239
214 0.07239
215 0.07239
216 0.12958
217 0.12958
218 0.12958
219 0.12958
220 0.12958
221 0.12958
222 0.07240
223 0.07240
224 0.07240
225 0.07240
226 0.07240
227 0.07240
228 0.07242
229 0.07242
230 0.07242
231 0.07242
232 0.07242
233 0.07242
234 0.07242
235 0.07242
236 0.07242
237 0.07242
238 0.07242
239 0.07242
240 0.05170
241 0.05170
242 0.05170
243 0.05170
244 0.05170
245 0.05170
246 0.05170
247 0.05170
248 0.05170
249 0.05170
250 0.05170
251 0.05170
252 0.05170
253 0.05170
254 0.05170
255 0.05170
256 0.05170
257 0.05170
258 0.05147
259 0.05147
260 0.05147
261 0.05147
262 0.05147
263 0.05147
264 0.03950
265 0.03950
266 0.03950
267 0.03950
268 0.03950
269 0.03950
270 0.03943
271 0.03943
272 0.03943
273 0.03943
274 0.03943
275 0.03943
276 0.04230
277 0.04230
278 0.04230
279 0.04230
280 0.04230
281 0.04230
282 0.04230
283 0.04230
284 0.04230
285 0.04230
286 0.04230
287 0.04230
