5
3
60
0 190 0.1 0.0
2460 2500 2474
1 130 0.0 0.1
2522 2505 2472
2 120 0.1 0.1
2523 2505 2498
3 150 0.1 0.1
2598 2494 2510
4 120 0.1 0.1
2485 2507 2488
5 130 0.0 0.1
2453 2480 2582
6 190 0.1 0.0
2409 2554 2538
7 130 0.0 0.1
2444 2575 2468
8 120 0.1 0.1
2595 2454 2555
9 120 0.1 0.1
2475 2500 2513
10 190 0.1 0.0
2426 2524 2503
11 130 0.0 0.1
2508 2488 2478
12 190 0.1 0.0
2590 2473 2403
13 130 0.0 0.1
2606 2484 2417
14 130 0.0 0.1
2523 2479 2486
15 120 0.1 0.1
2472 2542 2572
16 150 0.1 0.1
2577 2448 2435
17 150 0.1 0.1
2448 2473 2434
18 120 0.1 0.1
2461 2442 2574
19 150 0.1 0.1
2493 2418 2480
20 120 0.1 0.1
2422 2479 2541
21 190 0.1 0.0
2542 2536 2525
22 150 0.1 0.1
2509 2456 2564
23 190 0.1 0.0
2534 2572 2441
24 170 0.1 0.1
2584 2409 2507
25 120 0.1 0.1
2449 2518 2506
26 120 0.1 0.1
2523 2601 2523
27 130 0.0 0.1
2416 2383 2448
28 190 0.1 0.0
2523 2483 2476
29 130 0.0 0.1
2458 2611 2515
30 170 0.1 0.1
2509 2500 2518
31 120 0.1 0.1
2474 2495 2539
32 170 0.1 0.1
2573 2454 2433
33 190 0.1 0.0
2617 2470 2525
34 150 0.1 0.1
2498 2501 2505
35 120 0.1 0.1
2509 2527 2453
36 130 0.0 0.1
2539 2569 2582
37 150 0.1 0.1
2411 2464 2528
38 150 0.1 0.1
2470 2455 2592
39 150 0.1 0.1
2445 2399 2559
40 190 0.1 0.0
2475 2544 2511
41 150 0.1 0.1
2423 2514 2505
42 120 0.1 0.1
2364 2499 2490
43 130 0.0 0.1
2367 2495 2573
44 120 0.1 0.1
2531 2559 2497
45 150 0.1 0.1
2568 2469 2459
46 170 0.1 0.1
2549 2521 2486
47 170 0.1 0.1
2482 2450 2564
48 120 0.1 0.1
2462 2500 2588
49 130 0.0 0.1
2453 2466 2513
50 190 0.1 0.0
2468 2552 2440
51 190 0.1 0.0
2501 2526 2490
52 150 0.1 0.1
2439 2296 2496
53 120 0.1 0.1
2449 2507 2470
54 120 0.1 0.1
2452 2499 2556
55 190 0.1 0.0
2492 2506 2561
56 150 0.1 0.1
2474 2475 2540
57 120 0.1 0.1
2593 2477 2560
58 120 0.1 0.1
2562 2505 2476
59 150 0.1 0.1
2444 2554 2480
1000
0 5 19 186 116.16
235 607 197
1 58 11 258 20.64
67 8 8
2 50 0 76 569.72
1409 1343 1623
3 31 15 177 36.27
58 55 371
4 22 11 182 621.95
1508 1692 1644
5 31 28 232 193.42
354 527 1315
6 16 197 288 569.58
1752 610 318
7 8 45 288 68.51
111 479 128
8 39 63 287 19.48
42 29 124
9 15 65 225 237.78
544 1061 235
10 124 3 252 353.66
1095 373 156
11 37 2 55 55.30
79 257 372
12 43 199 260 44.63
95 91 256
13 57 14 127 85.10
174 493 59
14 94 83 287 109.17
150 572 679
15 4 0 288 7.28
22 7 8
16 92 28 287 53.97
78 386 154
17 58 12 136 71.07
137 114 554
18 14 15 115 182.33
253 1195 757
19 79 25 252 396.64
1046 1206 268
20 22 56 227 276.98
457 1899 516
21 71 58 288 104.34
203 131 855
22 23 263 287 492.73
1193 1442 1162
23 28 13 206 180.68
552 161 176
24 144 67 288 11.01
19 18 101
25 63 67 224 126.33
197 991 128
26 38 33 205 25.76
53 139 31
27 89 61 205 267.59
810 284 245
28 52 13 149 167.85
514 169 126
29 134 46 265 36.44
66 89 268
30 2 9 67 53.40
80 437 50
31 54 4 61 106.66
178 765 134
32 70 59 267 81.02
242 114 55
33 9 75 222 376.85
774 1310 1547
34 29 251 288 177.62
551 152 124
35 75 143 287 4.92
15 5 4
36 11 157 273 356.13
1143 190 153
37 23 58 271 17.30
54 14 11
38 52 111 287 90.79
168 143 761
39 141 125 288 47.43
101 66 318
40 25 27 261 191.91
623 81 65
41 16 5 123 80.45
246 77 69
42 167 93 285 1.20
3 3 3
43 92 41 280 137.76
431 109 84
44 23 77 288 70.69
134 100 587
45 162 15 288 177.62
571 94 71
46 54 84 222 62.82
111 131 515
47 17 3 102 586.48
1396 1895 1283
48 18 70 257 93.43
108 196 1164
49 31 46 287 438.27
1090 997 1260
50 19 55 278 7.11
11 57 6
51 24 54 287 454.94
1230 907 810
52 11 181 243 95.86
286 105 112
53 46 130 275 182.49
275 859 1111
54 191 7 213 4.52
7 8 46
55 19 113 276 20.83
64 23 11
56 2 23 118 24.16
36 185 43
57 1 195 286 179.16
470 539 147
58 39 9 248 132.66
428 71 41
59 228 9 273 209.06
305 822 1586
60 61 21 236 342.96
1091 150 265
61 18 178 276 19.90
34 33 184
62 15 114 246 227.48
716 155 146
63 76 75 283 11.01
17 22 109
64 6 6 244 31.84
39 297 36
65 107 27 222 16.50
52 10 12
66 18 31 282 61.23
100 96 607
67 73 116 288 116.70
377 33 77
68 42 0 113 234.80
283 1328 1591
69 28 41 251 66.51
211 32 51
70 103 44 248 23.06
73 15 13
71 96 23 288 134.28
255 636 443
72 4 3 174 49.75
91 60 452
73 15 10 215 199.21
267 1669 348
74 38 1 64 260.48
646 917 275
75 77 10 273 228.60
741 64 134
76 100 164 288 451.63
1403 364 335
77 16 51 135 86.45
153 587 97
78 13 8 178 55.20
92 398 67
79 42 103 284 157.93
479 147 169
80 221 57 285 68.05
120 443 108
81 233 45 288 181.12
345 628 935
82 15 123 211 57.75
74 89 717
83 30 6 185 189.04
601 129 79
84 3 1 69 326.40
1022 239 222
85 29 0 175 141.65
328 211 744
86 18 59 167 139.20
395 301 82
87 44 41 205 108.58
188 468 555
88 52 175 288 149.71
166 353 1856
89 6 107 287 9.56
15 17 96
90 47 42 227 16.27
35 33 91
91 80 16 223 25.64
35 55 280
92 9 32 193 408.71
1003 882 1341
93 16 134 172 34.73
55 270 33
94 18 217 287 27.66
53 39 226
95 53 46 268 105.86
280 299 100
96 21 220 288 24.60
47 22 221
97 121 123 287 95.82
150 409 607
98 60 40 219 102.84
195 630 127
99 9 20 211 151.98
481 65 137
100 5 31 64 8.57
10 16 109
101 11 0 132 70.54
87 601 161
102 77 115 288 34.50
47 69 385
103 32 0 219 235.48
764 104 76
104 14 101 240 87.23
133 164 890
105 34 124 272 4.26
7 10 37
106 162 27 241 126.94
251 174 990
107 35 27 116 61.74
74 542 132
108 136 24 211 30.30
98 14 11
109 5 82 266 12.66
28 16 80
110 25 13 288 8.31
16 16 61
111 12 5 263 12.45
39 8 10
112 61 30 152 377.73
1220 178 144
113 68 38 129 386.34
1106 696 369
114 56 213 288 207.10
669 107 64
115 142 123 280 138.14
196 465 1204
116 65 12 233 72.35
95 147 829
117 48 8 275 64.95
126 66 558
118 13 47 287 188.80
267 1304 649
119 75 40 282 270.78
381 1391 1663
120 60 3 156 764.35
1926 2235 1278
121 105 59 288 2.89
6 5 19
122 29 22 227 18.97
29 31 200
123 1 1 231 34.03
55 101 270
124 4 0 43 152.53
284 909 263
125 82 51 265 219.72
446 651 1108
126 30 35 197 540.92
1554 980 470
127 34 62 248 42.45
79 76 339
128 9 39 280 8.42
27 5 3
129 13 197 287 115.80
214 690 211
130 36 146 259 201.04
299 1136 967
131 79 102 287 46.53
85 291 71
132 11 46 147 75.75
106 634 102
133 15 127 256 297.83
959 101 193
134 7 1 268 189.37
261 693 1621
135 25 21 136 68.28
142 126 435
136 57 81 179 381.85
812 1803 660
137 106 43 259 62.75
106 122 562
138 26 7 162 4.49
9 7 33
139 34 147 246 50.32
75 375 105
140 72 99 236 28.23
34 54 350
141 4 202 288 104.17
177 157 994
142 32 7 162 2.74
6 4 17
143 109 106 272 96.20
125 795 212
144 81 77 220 25.68
84 9 7
145 65 2 159 16.69
18 161 28
146 21 0 239 421.58
1042 1560 356
147 16 229 288 60.66
186 57 50
148 3 256 287 55.09
80 97 600
149 57 1 111 473.13
1194 1167 1103
150 11 68 268 7.98
14 20 61
151 26 36 275 161.23
279 927 477
152 49 54 264 330.24
1006 329 290
153 107 19 257 17.20
32 25 146
154 90 91 278 1.62
3 3 13
155 61 3 167 155.74
240 563 1166
156 30 208 262 86.85
150 164 762
157 75 37 165 42.39
99 167 61
158 38 0 230 102.06
214 133 721
159 39 47 287 542.74
1627 648 500
160 4 34 196 303.44
808 755 402
161 1 77 227 10.95
15 17 129
162 9 69 198 345.26
703 1825 523
163 1 0 126 40.68
49 90 486
164 49 203 253 14.52
24 100 26
165 40 24 229 409.66
1327 187 138
166 47 5 253 151.12
479 88 96
167 28 95 187 146.16
193 765 965
168 4 22 288 422.87
981 1389 1070
169 4 106 249 7.09
21 12 3
170 38 18 161 75.96
90 710 105
171 75 122 288 385.14
1170 417 311
172 65 1 256 95.92
136 410 706
173 48 12 195 295.53
930 222 160
174 130 44 231 8.59
13 17 87
175 22 31 165 150.65
474 116 78
176 96 9 175 223.18
246 1535 1264
177 124 33 229 295.80
938 139 235
178 15 130 256 4.33
8 9 33
179 13 41 169 119.19
208 641 407
180 50 172 287 519.82
1265 1560 1123
181 15 7 194 200.28
352 968 830
182 20 48 225 123.88
217 801 215
183 51 11 232 4.22
7 10 36
184 29 5 137 91.93
158 189 789
185 42 170 262 278.12
538 1613 405
186 104 125 287 107.84
168 211 1063
187 70 124 288 56.40
173 65 28
188 65 146 288 99.28
116 187 1260
189 112 38 278 34.41
55 49 357
190 1 1 96 77.25
175 357 70
191 28 39 166 111.62
345 80 110
192 67 16 115 322.87
520 1228 2169
193 81 87 235 90.39
189 182 546
194 46 98 284 147.72
221 469 1250
195 16 8 201 227.18
599 609 277
196 180 7 234 169.48
256 386 1645
197 28 1 262 46.04
70 364 55
198 2 25 272 13.86
18 37 147
199 108 38 191 46.67
147 34 26
200 3 248 288 17.58
26 39 176
201 14 13 128 2.03
3 6 18
202 68 52 201 7.74
25 3 4
203 100 105 287 432.13
1379 212 269
204 36 97 283 163.69
513 148 66
205 41 168 216 148.29
450 138 157
206 44 6 205 63.11
203 25 37
207 107 9 268 48.51
68 51 597
208 17 28 217 78.26
109 687 61
209 15 84 197 140.80
211 1157 124
210 28 35 287 355.24
1147 160 149
211 24 56 184 461.65
1477 251 224
212 33 14 248 38.78
67 66 351
213 87 171 288 235.39
606 776 172
214 124 105 287 351.55
1096 245 291
215 45 9 286 535.23
1482 1328 317
216 19 1 165 72.63
85 102 973
217 101 85 288 92.08
189 466 160
218 8 0 279 345.85
1121 121 167
219 122 64 287 195.05
251 782 1692
220 68 156 287 89.87
119 791 110
221 88 132 283 9.81
20 21 61
222 44 54 273 166.33
527 99 104
223 33 23 131 4.73
7 38 6
224 14 10 287 26.59
41 46 274
225 40 58 235 103.88
131 139 1336
226 160 83 283 55.51
173 41 43
227 19 33 287 267.84
853 166 127
228 59 83 278 5.80
7 15 66
229 12 4 84 86.66
136 639 143
230 6 82 238 209.78
516 800 159
231 74 18 267 13.57
42 11 11
232 48 233 287 375.69
1203 225 144
233 79 51 219 149.98
272 964 204
234 36 117 230 131.03
414 84 81
235 5 7 151 113.08
171 895 140
236 49 86 204 67.54
206 67 58
237 8 119 283 243.03
651 622 269
238 2 117 216 2.17
7 1 1
239 26 19 215 90.37
159 163 784
240 24 149 276 161.77
515 87 98
241 154 76 285 17.85
55 14 17
242 29 0 250 158.44
240 1201 273
243 107 9 191 28.36
50 30 277
244 42 18 268 17.98
18 184 24
245 29 0 179 633.47
1789 1452 310
246 33 26 228 16.48
22 43 172
247 65 112 220 93.14
295 52 64
248 48 142 230 23.25
42 154 26
249 20 44 288 81.11
87 708 251
250 30 174 272 19.86
27 171 25
251 27 230 288 10.11
16 73 18
252 97 26 260 109.89
187 214 974
253 67 47 254 189.25
297 671 1399
254 11 164 280 145.30
466 76 67
255 5 24 266 224.46
663 274 267
256 57 179 288 60.68
105 72 595
257 37 8 67 111.85
348 91 78
258 33 224 287 186.40
374 444 1133
259 62 107 236 338.13
1055 299 179
260 7 142 237 41.17
92 179 63
261 21 126 288 46.55
97 114 253
262 25 18 76 146.50
360 507 191
263 69 20 287 78.11
140 298 424
264 23 1 79 557.87
1786 321 236
265 102 37 250 98.18
147 117 1122
266 31 93 287 274.13
890 84 140
267 50 34 217 334.84
817 1311 249
268 11 32 288 7.47
24 4 3
269 67 4 170 56.99
169 71 61
270 2 10 61 388.64
907 1595 468
271 15 23 263 66.87
93 145 716
272 35 3 262 24.22
45 42 196
273 12 31 287 119.32
188 421 880
274 8 24 252 454.37
1482 154 162
275 36 49 237 106.34
136 824 332
276 19 115 280 95.46
119 714 358
277 25 21 144 205.54
320 1337 625
278 48 228 287 268.37
514 1609 348
279 12 271 288 65.62
212 24 35
280 103 64 266 87.61
276 60 54
281 78 186 288 188.74
607 109 60
282 9 83 256 134.64
424 91 86
283 38 34 210 17.58
52 21 21
284 6 74 280 439.87
910 2189 770
285 26 5 266 105.18
164 253 965
286 79 145 255 34.98
110 16 35
287 24 0 244 455.68
1388 578 215
288 97 167 287 137.51
444 73 41
289 3 0 205 206.61
671 84 73
290 12 92 265 6.90
13 7 62
291 42 34 267 99.11
115 607 633
292 9 54 283 13.44
19 111 19
293 15 63 200 212.94
377 888 1075
294 19 137 282 57.46
95 189 413
295 175 92 287 146.56
246 924 365
296 52 6 288 88.98
271 91 75
297 11 16 208 26.06
46 27 255
298 19 25 288 30.19
52 199 53
299 9 32 285 25.07
47 154 34
300 33 94 287 288.82
468 1626 1129
301 53 87 287 193.57
612 128 111
302 47 71 192 128.50
228 442 786
303 17 172 213 97.46
316 47 27
304 40 22 135 415.80
832 1984 1053
305 66 27 208 465.66
1482 267 260
306 5 55 213 17.64
29 24 179
307 12 0 278 320.49
882 713 351
308 108 38 288 188.23
472 639 198
309 55 28 261 64.90
76 518 229
310 165 49 287 90.03
152 145 852
311 51 116 288 202.24
383 585 1234
312 3 67 145 320.05
762 962 807
313 28 140 287 476.86
1019 1398 2070
314 4 7 101 190.37
312 642 1364
315 11 5 196 220.54
708 110 105
316 22 249 287 246.41
418 604 2007
317 53 34 166 331.08
1034 201 306
318 40 93 231 108.05
199 721 86
319 3 31 147 32.09
47 147 211
320 90 10 258 69.80
102 200 640
321 40 7 174 43.26
128 60 39
322 47 1 171 332.41
944 678 252
323 5 0 92 515.41
1504 873 376
324 76 8 174 242.57
786 114 75
325 11 2 78 18.80
25 43 206
326 119 46 271 143.57
176 584 1294
327 3 159 189 300.97
970 142 129
328 45 63 248 30.81
37 270 66
329 63 90 275 42.77
89 87 260
330 16 1 200 36.78
60 153 222
331 59 86 269 67.08
74 141 860
332 74 113 226 90.52
121 298 851
333 59 148 263 45.07
66 352 78
334 56 108 277 17.26
18 174 22
335 17 73 152 128.56
248 477 595
336 30 24 208 197.54
264 1446 664
337 8 1 82 360.24
845 1455 439
338 41 73 286 80.39
132 558 144
339 24 8 181 191.78
264 1689 163
340 42 81 274 30.87
99 17 13
341 15 164 288 0.95
2 3 4
342 123 6 288 123.96
160 1095 175
343 59 26 129 293.95
343 2093 1425
344 4 0 197 410.31
807 1426 1935
345 89 36 273 8.67
18 11 63
346 24 3 262 111.30
133 197 1411
347 10 23 109 512.31
1582 454 385
348 4 44 87 176.88
204 1333 764
349 11 32 288 923.30
2333 2260 2158
350 17 6 249 581.71
1827 477 280
351 91 35 250 138.99
448 59 69
352 6 3 283 181.95
556 209 106
353 22 56 272 190.26
575 261 92
354 1 185 279 264.19
689 765 290
355 22 1 31 119.19
205 195 1097
356 82 161 282 68.74
220 40 29
357 1 139 191 105.82
192 143 949
358 59 92 272 4.87
9 7 42
359 12 189 267 24.77
77 18 21
360 65 96 280 222.48
714 98 127
361 22 3 251 61.63
111 271 277
362 27 97 277 103.69
153 806 177
363 58 82 284 10.36
18 69 16
364 56 2 154 182.01
332 778 822
365 7 1 275 173.04
248 781 1193
366 129 0 214 88.03
272 78 65
367 89 41 280 228.49
638 473 239
368 30 106 288 71.53
87 666 87
369 33 7 169 107.86
342 64 66
370 26 25 126 416.81
1189 766 405
371 64 8 199 11.56
17 16 131
372 38 15 210 174.33
246 646 1440
373 96 51 287 352.96
1144 160 116
374 28 29 132 20.42
33 148 31
375 20 3 214 222.12
325 1783 314
376 23 133 236 45.26
52 395 116
377 40 9 144 192.75
599 151 148
378 29 92 240 284.58
489 1151 1594
379 113 50 258 158.88
239 290 1657
380 54 81 280 242.10
769 152 126
381 17 41 284 438.84
1320 630 214
382 4 0 12 21.69
70 10 9
383 80 178 288 229.38
372 1709 268
384 21 1 207 487.18
1118 1789 1035
385 11 1 266 199.04
625 155 109
386 61 147 240 40.70
82 53 311
387 67 183 288 57.12
92 95 567
388 93 21 201 30.43
98 16 11
389 67 21 280 23.32
42 153 29
390 9 95 259 162.72
308 412 1082
391 78 49 227 7.01
12 48 10
392 126 32 287 130.76
386 231 50
393 78 55 281 58.45
62 554 120
394 105 138 287 22.35
45 49 141
395 21 3 151 64.59
108 133 575
396 32 2 203 95.22
155 103 1017
397 22 11 281 445.09
1351 566 241
398 75 10 220 374.53
927 1432 238
399 17 62 245 300.97
300 2050 1957
400 48 38 233 95.79
183 346 470
401 29 136 288 58.24
52 604 110
402 89 8 219 7.43
14 14 57
403 127 58 287 223.79
559 776 226
404 33 26 227 51.36
66 100 605
405 8 120 275 147.45
473 56 99
406 105 119 287 40.17
81 46 316
407 64 54 219 91.38
194 167 557
408 94 38 256 3.86
12 3 3
409 173 44 285 77.86
135 104 744
410 23 48 171 209.67
631 257 166
411 46 25 214 36.93
48 332 41
412 35 184 288 40.01
52 358 47
413 150 10 265 108.92
182 166 1058
414 69 17 195 99.78
320 41 63
415 44 16 288 196.95
350 622 1284
416 87 15 274 157.60
253 979 495
417 126 5 266 186.65
589 132 102
418 25 34 209 112.46
189 778 175
419 94 101 288 156.48
512 50 49
420 70 13 250 9.12
11 14 118
421 32 86 223 5.06
10 10 35
422 29 200 287 180.20
203 772 1691
423 22 6 172 58.76
89 471 63
424 35 29 272 19.50
21 184 39
425 61 53 178 54.44
165 60 45
426 106 22 288 67.77
94 568 96
427 4 33 288 2.51
5 7 14
428 21 232 287 563.99
1759 559 213
429 24 84 275 89.93
136 160 939
430 86 68 279 141.71
166 528 1404
431 60 162 287 26.02
84 9 15
432 12 4 48 575.89
1319 1595 2021
433 145 67 288 297.41
945 151 206
434 81 70 266 358.28
945 1088 243
435 18 1 162 523.92
1563 830 229
436 5 11 257 202.92
308 1257 767
437 12 52 124 34.50
72 35 261
438 121 36 219 25.95
32 42 328
439 48 149 288 89.42
290 30 44
440 88 11 281 310.28
540 2111 406
441 151 15 266 70.33
82 119 914
442 67 170 280 272.36
483 1534 772
443 29 7 288 169.20
534 91 135
444 61 42 278 62.01
84 75 769
445 31 24 255 148.80
326 350 719
446 121 16 228 77.65
143 104 683
447 5 0 38 223.09
331 1033 1420
448 175 17 231 55.09
83 109 561
449 216 16 275 8.23
13 24 68
450 8 6 187 47.10
152 20 22
451 65 12 285 2.57
8 2 2
452 3 77 219 43.59
84 58 358
453 6 235 270 267.93
830 230 194
454 37 41 288 412.68
1036 1536 223
455 83 38 239 25.78
81 16 20
456 97 139 288 2.79
5 6 22
457 34 37 286 104.28
160 212 1033
458 76 125 279 35.05
57 237 76
459 58 46 209 105.73
191 609 255
460 59 39 279 147.07
236 870 528
461 43 104 287 447.13
1302 765 334
462 30 110 262 1.27
3 4 3
463 17 15 215 530.86
1707 325 143
464 43 37 203 9.07
12 12 113
465 67 76 275 254.70
702 573 262
466 151 4 280 22.68
34 161 58
467 34 60 287 45.01
58 405 53
468 18 0 97 205.39
334 1250 654
469 34 12 278 190.83
622 74 57
470 5 103 161 523.60
1669 301 273
471 35 160 287 20.17
64 10 15
472 4 102 287 73.03
233 37 44
473 34 99 148 3.38
6 8 26
474 145 30 229 224.27
714 117 141
475 19 239 288 204.35
643 123 157
476 18 266 288 146.77
439 214 84
477 3 1 17 189.84
245 991 1297
478 12 16 89 216.21
663 207 172
479 5 28 36 52.20
68 474 50
480 127 11 142 141.83
228 654 784
481 18 11 288 233.07
750 94 132
482 18 96 170 120.21
388 49 59
483 104 151 287 334.31
601 1376 1651
484 20 0 133 377.86
1201 222 214
485 4 17 268 52.79
161 50 49
486 12 23 78 22.85
42 37 192
487 27 35 278 341.70
902 930 388
488 33 33 270 179.71
280 355 1766
489 3 126 281 43.26
78 68 377
490 53 159 283 6.92
11 14 66
491 50 21 255 7.22
10 22 68
492 30 110 288 113.31
225 370 555
493 56 14 150 39.20
68 252 75
494 4 97 161 150.28
256 262 1376
495 66 44 256 56.89
171 58 64
496 29 244 287 50.01
87 74 465
497 33 125 255 91.28
280 60 113
498 10 210 288 409.66
1172 873 194
499 16 124 192 118.01
164 1009 135
500 120 134 287 74.91
229 52 94
501 62 81 204 176.82
418 722 181
502 35 1 235 552.63
1609 985 355
503 79 53 258 543.54
1451 1216 899
504 70 105 268 186.17
353 757 805
505 1 0 170 183.28
301 678 1219
506 16 160 231 43.00
83 70 333
507 48 43 285 195.01
282 1618 220
508 37 166 280 4.75
15 3 3
509 136 12 273 1.58
5 1 1
510 21 26 216 336.00
695 982 1624
511 83 30 266 547.32
1656 795 185
512 35 0 235 16.58
25 52 140
513 45 54 238 179.98
361 440 1078
514 40 55 220 117.65
382 50 39
515 5 2 279 22.81
71 17 18
516 41 19 189 41.29
130 33 19
517 26 38 179 84.44
163 106 701
518 31 212 262 285.23
836 504 151
519 147 28 285 113.79
345 127 91
520 11 92 196 125.76
395 104 59
521 15 77 179 86.76
188 130 545
522 8 219 274 188.45
347 1169 283
523 32 1 187 568.16
1729 591 474
524 206 0 287 217.01
694 139 76
525 88 28 259 28.84
63 57 157
526 43 234 287 114.66
357 68 116
527 91 21 287 39.90
47 361 75
528 21 153 287 298.90
515 1522 1195
529 17 14 281 423.35
1343 258 244
530 12 20 283 13.63
27 78 17
531 193 17 265 289.24
588 1454 557
532 90 10 275 164.90
211 917 1055
533 30 93 287 135.06
170 273 1601
534 22 19 106 100.52
288 204 60
535 89 40 155 76.30
105 634 122
536 48 78 288 31.40
64 44 230
537 73 62 237 272.82
863 178 157
538 1 35 268 91.26
291 49 52
539 27 202 288 667.84
1899 1315 560
540 58 5 240 399.87
1026 1223 459
541 24 2 77 75.35
147 137 551
542 88 111 288 309.20
847 782 225
543 41 0 255 227.27
726 149 80
544 16 246 279 43.66
137 33 26
545 7 18 187 183.06
282 552 1536
546 51 10 161 118.22
366 89 106
547 46 8 280 29.12
40 42 347
548 117 99 284 360.50
1140 229 219
549 6 77 288 77.14
114 648 58
550 52 133 247 329.46
1066 130 150
551 49 10 108 55.54
101 256 225
552 32 27 288 191.91
617 91 92
553 22 65 150 32.37
44 260 69
554 12 3 247 199.46
321 435 1827
555 18 101 287 218.77
519 856 267
556 59 4 283 83.66
153 121 730
557 52 40 233 5.51
7 49 8
558 33 1 124 306.39
963 205 212
559 60 9 270 176.95
574 74 64
560 121 44 192 18.53
33 20 178
561 48 88 262 28.53
51 60 229
562 102 73 288 136.01
427 70 129
563 12 7 257 401.54
1263 332 176
564 12 19 288 65.81
96 149 664
565 31 3 117 23.97
40 54 207
566 88 31 286 213.53
684 96 128
567 44 0 192 183.70
339 660 990
568 69 4 279 7.45
9 71 7
569 138 43 244 120.04
387 49 62
570 21 13 201 322.01
715 1109 962
571 5 123 287 222.37
450 911 753
572 91 2 204 63.41
73 583 117
573 69 73 261 287.70
638 1303 397
574 48 7 179 121.37
172 598 775
575 41 58 284 47.86
57 412 117
576 4 0 288 8.27
14 10 83
577 50 141 288 13.57
41 13 15
578 17 1 62 89.93
159 128 826
579 15 89 241 128.10
408 75 67
580 16 155 287 21.48
37 42 187
581 8 67 287 425.55
1382 124 224
582 23 23 220 7.47
16 16 41
583 66 34 256 351.36
1134 146 169
584 33 63 287 59.50
162 160 36
585 47 3 62 95.79
136 774 157
586 31 102 234 174.24
358 926 234
587 156 29 288 28.84
52 63 225
588 69 6 288 584.09
1465 1950 661
589 82 140 287 470.49
1186 1594 456
590 10 77 218 70.03
66 721 116
591 150 121 282 24.01
33 190 53
592 10 158 279 133.18
423 74 84
593 71 142 264 167.51
519 147 116
594 55 31 199 55.96
95 96 517
595 167 25 274 21.40
36 50 180
596 31 19 243 52.33
70 450 75
597 4 0 244 694.68
1947 1131 1136
598 51 187 284 192.88
333 823 1005
599 38 84 258 160.45
281 216 1511
600 13 219 270 263.35
841 159 115
601 15 1 288 213.03
694 78 73
602 73 40 161 196.42
260 725 1747
603 46 58 287 401.77
872 2007 406
604 13 0 251 512.99
1114 1360 2318
605 1 8 108 82.16
127 650 83
606 26 87 287 115.44
374 37 62
607 114 0 282 40.45
69 215 153
608 42 4 266 29.56
92 25 19
609 2 36 281 150.11
216 600 1145
610 37 7 208 170.45
540 102 106
611 54 55 201 487.29
1595 140 172
612 47 70 211 429.26
964 1922 541
613 74 33 280 226.91
434 868 1037
614 44 9 125 271.69
509 1530 580
615 49 93 257 98.58
308 56 96
616 33 131 287 41.17
51 59 530
617 17 175 288 235.27
442 1444 315
618 12 1 127 81.30
262 43 28
619 58 77 196 232.67
734 161 134
620 7 2 229 14.81
26 30 124
621 63 28 162 60.85
134 88 372
622 3 1 15 155.61
173 1265 579
623 50 213 280 29.58
43 232 52
624 63 1 87 254.74
825 83 137
625 77 85 239 269.28
838 196 221
626 65 17 272 289.60
865 419 179
627 2 22 86 209.95
683 80 74
628 23 42 287 2.53
4 6 23
629 31 79 270 85.41
134 566 237
630 16 34 277 42.88
100 190 31
631 89 41 168 49.04
153 28 49
632 15 6 268 185.55
238 714 1660
633 63 61 260 43.57
80 83 348
634 95 85 288 142.26
219 1096 194
635 30 4 165 223.43
359 1007 1271
636 89 13 160 372.59
949 958 749
637 17 2 181 103.03
329 67 38
638 68 77 254 38.68
70 255 44
639 24 176 287 25.02
37 206 25
640 55 3 104 7.17
8 70 9
641 52 13 232 45.98
89 275 54
642 84 29 235 307.53
873 547 356
643 6 2 186 153.04
483 97 100
644 8 53 287 1.69
5 2 2
645 80 173 288 106.01
194 162 911
646 51 127 287 107.76
341 63 72
647 21 8 168 5.46
11 9 39
648 15 110 276 148.67
204 400 1495
649 38 63 235 239.47
666 549 189
650 48 167 267 369.06
741 1851 782
651 212 6 287 132.30
236 280 1063
652 1 13 258 245.58
358 1913 444
653 134 63 269 294.83
956 97 149
654 81 116 282 6.79
9 12 80
655 61 53 187 5.25
16 5 5
656 8 71 275 274.47
849 190 276
657 99 74 264 18.08
22 35 222
658 26 34 191 272.17
851 183 218
659 80 40 207 68.39
153 281 128
660 9 36 262 61.38
98 71 662
661 28 67 269 39.88
77 48 334
662 22 140 201 55.32
104 284 157
663 4 80 229 59.10
67 399 333
664 22 85 219 93.85
110 112 1286
665 2 152 240 52.37
166 24 43
666 51 71 275 102.76
320 80 75
667 38 11 145 101.98
166 531 458
668 35 29 176 51.53
159 38 51
669 115 26 219 83.98
259 72 69
670 31 231 288 554.83
1492 1115 1031
671 68 8 274 179.48
344 566 996
672 253 9 287 234.32
630 663 148
673 202 6 232 212.10
684 72 130
674 5 166 287 147.49
194 990 652
675 35 102 241 136.71
264 593 502
676 4 35 208 81.49
93 674 269
677 2 0 5 563.75
1346 1070 2332
678 18 0 246 709.58
2045 1205 692
679 74 88 254 192.62
345 1303 195
680 49 66 238 224.78
723 127 75
681 42 188 287 38.53
66 38 394
682 77 19 210 384.91
738 2056 871
683 2 0 141 72.44
109 193 664
684 23 61 288 169.18
264 454 1480
685 66 22 254 178.74
564 115 115
686 1 12 244 246.15
346 1556 1077
687 55 97 281 135.88
421 106 114
688 57 184 287 289.85
816 557 321
689 18 38 216 102.06
307 119 91
690 5 1 116 95.86
116 111 1293
691 167 52 255 44.80
49 437 63
692 156 18 288 35.72
58 59 352
693 75 9 211 528.52
1385 1500 579
694 37 7 233 64.78
96 524 77
695 4 14 267 125.59
238 518 533
696 8 0 53 33.46
62 78 242
697 26 2 171 349.73
697 1889 575
698 47 3 203 12.72
24 15 111
699 30 8 255 97.04
133 239 1010
700 55 110 251 245.86
654 734 147
701 55 73 200 395.40
846 1587 1067
702 34 173 257 1.48
3 8 2
703 76 44 248 528.26
1657 454 238
704 20 97 288 49.97
75 414 38
705 11 47 287 184.23
578 123 135
706 7 186 281 374.36
1218 128 153
707 7 59 267 94.19
138 126 1077
708 125 0 267 80.12
165 75 631
709 108 168 287 46.34
139 56 41
710 62 121 288 179.50
553 149 159
711 99 107 288 100.61
231 116 593
712 149 4 242 48.49
64 388 119
713 13 63 173 83.45
266 41 54
714 43 128 202 101.45
326 42 59
715 24 118 288 593.25
1601 1590 466
716 8 170 263 67.39
207 56 64
717 24 9 260 59.12
117 82 459
718 27 14 127 38.99
56 62 439
719 36 7 265 482.10
1432 790 215
720 30 17 287 94.93
299 63 62
721 28 26 234 371.26
1182 215 201
722 3 31 170 109.59
339 102 71
723 4 0 67 92.27
295 45 54
724 1 209 273 259.66
425 1216 1354
725 2 14 149 29.81
45 35 339
726 56 13 202 86.59
143 642 88
727 15 38 273 19.39
25 51 208
728 12 7 268 195.75
625 99 115
729 46 3 198 239.30
307 1603 1117
730 134 37 237 22.64
36 61 193
731 1 246 287 310.30
587 1638 787
732 11 87 287 123.84
396 57 77
733 86 28 229 126.39
227 174 1145
734 22 50 123 31.10
51 216 56
735 11 10 207 7.70
24 5 7
736 42 126 288 54.73
107 94 407
737 114 6 288 86.30
139 102 919
738 39 46 166 308.63
864 619 337
739 48 152 282 323.72
614 1234 1522
740 30 0 159 248.94
411 1140 1312
741 72 87 271 220.12
409 904 997
742 57 62 275 235.22
753 130 108
743 22 6 271 71.23
88 476 358
744 59 22 198 31.42
95 31 33
745 5 130 287 222.25
390 1005 1029
746 15 2 50 3.59
5 28 8
747 11 94 287 436.08
1100 1379 565
748 39 25 130 253.94
821 113 101
749 5 1 24 83.03
156 75 763
750 47 36 260 333.45
856 1019 381
751 31 13 186 457.45
957 1688 1609
752 31 11 288 94.91
115 344 928
753 62 82 244 82.71
106 574 357
754 93 104 288 281.20
771 699 218
755 52 54 149 5.65
8 6 69
756 86 69 288 206.95
663 88 131
757 50 35 159 80.48
157 172 550
758 170 8 287 119.28
186 513 755
759 36 86 168 56.55
82 464 70
760 5 221 288 12.58
38 14 11
761 24 13 144 35.57
71 68 244
762 97 30 288 307.20
990 175 87
763 66 27 223 141.73
172 1327 164
764 42 105 284 481.00
1094 1984 764
765 7 1 200 76.74
106 149 853
766 6 0 90 134.62
267 756 187
767 56 148 288 51.80
100 115 355
768 17 13 99 84.27
258 76 77
769 41 177 287 97.25
159 681 170
770 100 3 229 281.31
892 192 134
771 16 0 122 381.45
818 1334 1312
772 25 32 237 100.58
175 171 902
773 46 34 219 108.48
176 141 1127
774 19 17 132 223.56
333 1433 817
775 18 57 167 150.72
291 283 1110
776 135 119 287 262.91
852 114 95
777 110 52 273 24.58
76 21 19
778 17 1 195 5.53
9 16 44
779 51 13 259 53.17
163 52 41
780 2 64 265 72.29
233 32 34
781 6 67 267 241.62
748 185 212
782 46 215 288 9.39
13 79 13
783 68 25 191 340.20
756 1493 530
784 10 204 252 124.79
158 534 1050
785 53 67 255 20.21
27 38 233
786 4 50 215 361.74
745 1706 798
787 28 47 230 27.77
48 50 247
788 8 62 140 220.50
361 1604 292
789 11 2 227 603.04
1800 954 259
790 19 115 224 481.21
1241 1198 919
791 20 50 253 31.10
96 22 32
792 14 223 288 46.44
83 123 335
793 9 87 280 43.61
77 71 388
794 100 31 279 63.72
132 138 379
795 11 99 287 153.04
471 137 124
796 56 6 89 76.85
155 124 550
797 1 0 179 555.84
1240 2069 1388
798 22 28 270 374.67
1166 271 310
799 8 93 189 45.37
67 132 408
800 4 0 139 118.98
154 1069 138
801 44 2 240 61.70
102 170 493
802 86 65 274 201.23
645 105 96
803 39 37 233 337.50
1078 187 171
804 201 4 277 2.85
4 23 5
805 22 260 288 117.42
191 319 967
806 44 8 288 2.87
9 2 2
807 131 32 198 431.65
1390 253 119
808 62 10 276 60.81
79 78 771
809 13 94 239 23.36
34 47 245
810 8 3 47 232.19
486 770 945
811 27 11 286 9.94
14 25 100
812 57 6 255 10.04
33 2 4
813 13 205 269 13.23
39 19 12
814 190 20 266 159.66
490 143 139
815 9 54 115 187.77
359 643 972
816 22 105 180 200.87
653 70 84
817 69 105 265 7.95
17 11 53
818 25 3 108 52.14
168 27 19
819 16 30 123 0.99
3 1 1
820 22 1 163 32.26
71 49 194
821 48 121 287 79.42
150 86 703
822 10 0 39 138.27
204 473 1139
823 46 118 253 247.27
550 699 961
824 15 7 213 39.71
119 34 57
825 14 255 287 369.63
873 992 1160
826 45 8 240 90.22
122 172 1026
827 82 98 276 100.46
136 247 1058
828 2 0 243 79.82
175 117 491
829 26 20 284 335.09
1003 483 195
830 171 6 275 22.39
37 49 198
831 122 6 199 166.59
256 1051 579
832 75 198 288 448.15
1228 1219 195
833 45 61 288 22.72
51 41 120
834 25 58 190 77.52
167 396 74
835 91 85 275 7.28
23 5 4
836 15 101 199 103.41
327 63 67
837 1 124 286 196.10
608 116 217
838 4 74 288 160.28
281 470 1126
839 51 18 287 4.28
8 7 35
840 102 45 287 77.88
122 147 771
841 15 43 263 22.66
36 150 60
842 33 218 281 90.96
135 395 618
843 47 38 263 174.52
548 119 121
844 10 154 286 26.94
37 51 303
845 9 0 45 83.32
260 59 66
846 101 11 278 66.72
130 144 455
847 4 87 288 599.07
1394 2114 1267
848 88 40 229 0.70
2 1 1
849 47 191 287 316.50
641 1556 679
850 48 36 126 235.01
546 994 256
851 20 167 281 107.46
169 167 1113
852 54 3 87 55.75
124 110 288
853 81 32 287 96.22
121 220 1103
854 52 40 232 109.40
215 351 561
855 81 23 129 239.63
679 491 189
856 119 23 279 13.72
29 14 101
857 35 0 278 329.16
701 1338 886
858 29 4 239 8.61
16 54 11
859 40 0 216 314.37
883 569 415
860 17 254 288 333.95
987 535 202
861 228 7 288 170.43
547 61 118
862 81 29 173 39.98
130 15 15
863 63 154 288 421.10
1347 257 164
864 66 91 189 559.58
1432 1762 593
865 44 19 163 218.77
698 132 100
866 28 124 281 106.70
130 947 198
867 70 148 288 207.31
264 1181 1293
868 28 68 243 26.19
82 21 15
869 24 74 287 421.24
1370 144 176
870 19 5 45 164.03
290 1114 186
871 167 26 287 7.41
14 19 49
872 19 0 67 21.54
39 19 209
873 18 3 149 374.40
699 1938 1072
874 71 3 249 78.09
160 391 144
875 63 21 142 314.43
1013 150 135
876 6 236 287 296.92
695 1138 464
877 59 39 246 31.42
50 71 288
878 41 11 164 195.56
290 1022 1071
879 72 15 261 3.17
10 2 2
880 98 119 287 192.16
477 715 142
881 30 113 288 420.67
1325 293 254
882 202 35 287 117.76
373 59 91
883 8 0 279 288.67
728 1063 150
884 1 7 288 130.02
246 142 1146
885 22 172 279 143.69
296 384 757
886 8 0 219 16.01
24 19 183
887 23 196 287 222.02
656 262 276
888 43 22 115 210.71
359 754 1349
889 57 182 269 17.01
25 28 186
890 61 56 222 101.45
310 98 87
891 35 23 273 459.16
1467 281 190
892 28 6 253 68.39
101 495 171
893 36 19 188 448.86
1302 805 315
894 2 231 279 72.63
239 20 18
895 159 43 287 116.37
380 39 39
896 65 20 183 9.41
15 16 94
897 91 1 161 28.06
91 12 10
898 2 51 221 74.23
106 280 597
899 68 83 215 114.07
283 430 77
900 10 50 199 499.84
1372 1259 352
901 9 113 288 369.63
887 1456 366
902 35 96 228 55.98
173 43 51
903 26 2 242 22.62
50 26 147
904 6 21 205 18.31
33 24 167
905 91 171 287 375.16
813 1682 676
906 27 12 180 71.07
118 358 321
907 8 10 179 68.22
109 485 126
908 45 52 227 229.11
743 98 81
909 64 87 287 111.83
231 342 520
910 119 41 276 171.14
550 69 102
911 49 83 287 252.42
786 191 193
912 12 68 151 51.89
83 197 353
913 71 107 288 401.01
1293 211 135
914 123 77 278 214.36
687 85 143
915 215 27 287 77.61
155 128 562
916 16 58 285 593.36
1800 683 436
917 62 0 255 58.78
115 338 81
918 101 39 206 189.08
495 587 135
919 31 59 287 436.52
1112 1490 325
920 18 16 133 264.76
459 1732 463
921 47 30 239 112.99
226 245 728
922 34 181 274 116.54
377 39 64
923 53 46 260 10.63
17 16 109
924 30 30 288 280.69
907 105 145
925 114 26 269 166.08
421 525 201
926 14 14 288 241.17
387 866 1707
927 94 74 194 124.79
404 56 45
928 31 19 233 13.93
22 28 134
929 8 103 136 94.30
225 385 82
930 3 0 252 127.49
251 574 403
931 25 7 137 101.83
331 38 39
932 78 1 207 62.65
94 433 177
933 155 2 198 22.89
39 41 208
934 32 138 287 161.67
518 92 67
935 126 100 260 121.90
287 503 125
936 34 3 212 5.49
8 44 8
937 47 0 231 28.21
43 209 54
938 208 40 288 211.19
676 99 124
939 121 44 180 73.91
146 401 128
940 86 77 229 14.33
15 35 182
941 19 10 57 119.87
364 123 108
942 110 23 288 84.76
96 111 1170
943 1 89 279 67.90
91 76 858
944 2 4 107 18.95
60 14 8
945 105 89 265 211.34
419 764 929
946 117 139 285 189.29
596 97 168
947 12 0 159 224.55
705 144 170
948 29 3 145 187.01
471 649 161
949 4 37 251 320.49
789 1137 366
950 53 48 205 136.31
428 96 90
951 101 37 193 47.07
96 65 346
952 111 110 266 243.26
634 751 200
953 44 7 181 62.12
109 168 457
954 57 10 288 127.53
401 84 89
955 1 75 274 120.92
197 319 1008
956 77 206 287 37.98
121 16 29
957 6 35 288 200.94
551 393 315
958 44 89 218 10.76
33 10 9
959 138 58 263 321.57
916 594 317
960 113 52 252 10.00
19 58 17
961 3 6 220 319.16
624 1584 819
962 92 55 279 10.00
16 18 98
963 99 4 218 44.96
69 179 314
964 14 49 190 156.46
512 53 44
965 7 17 285 146.03
179 815 985
966 233 38 285 305.30
963 201 192
967 52 117 258 318.53
599 1754 724
968 83 191 287 4.71
13 9 7
969 62 81 287 156.06
209 314 1764
970 58 105 288 95.22
157 185 880
971 73 32 168 215.60
695 124 58
972 35 149 239 322.20
979 410 167
973 13 266 288 9.01
19 23 46
974 61 18 252 35.66
61 48 346
975 18 72 151 16.14
29 95 37
976 27 104 286 23.19
38 43 219
977 80 16 276 26.19
36 227 28
978 12 0 287 53.21
50 558 74
979 23 57 288 263.92
454 1766 427
980 6 265 287 515.45
1136 1781 1591
981 66 5 215 264.32
545 1155 716
982 5 3 94 180.89
490 495 114
983 48 3 131 13.76
45 4 5
984 17 15 119 7.41
14 11 61
985 79 13 203 416.09
743 2018 1632
986 5 1 98 23.13
43 34 196
987 18 34 80 10.51
15 14 123
988 31 184 288 4.05
7 10 32
989 97 141 287 23.19
34 45 244
990 84 178 288 393.64
767 1688 1427
991 61 4 288 401.20
993 1156 822
992 89 13 254 11.88
22 17 102
993 131 43 287 75.54
163 120 469
994 70 5 239 40.83
78 33 372
995 18 17 234 18.74
37 46 116
996 32 124 287 19.83
29 40 207
997 27 48 272 154.68
219 1275 220
998 45 39 280 110.54
272 421 84
999 1 50 230 496.53
1331 1404 343
