288
0 0.04492
1 0.04492
2 0.04492
3 0.04492
4 0.04492
5 0.04492
6 0.04492
7 0.04492
8 0.04492
9 0.04492
10 0.04492
11 0.04492
12 0.04492
13 0.04492
14 0.04492
15 0.04492
16 0.04492
17 0.04492
18 0.04492
19 0.04492
20 0.04492
21 0.04492
22 0.04492
23 0.04492
24 0.04492
25 0.04492
26 0.04492
27 0.04492
28 0.04492
29 0.04492
30 0.04264
31 0.04264
32 0.04264
33 0.04264
34 0.04264
35 0.04264
36 0.04264
37 0.04264
38 0.04264
39 0.04264
40 0.04264
41 0.04264
42 0.04264
43 0.04264
44 0.04264
45 0.04264
46 0.04264
47 0.04264
48 0.04264
49 0.04264
50 0.04264
51 0.04264
52 0.04264
53 0.04264
54 0.04264
55 0.04264
56 0.04264
57 0.04264
58 0.04264
59 0.04264
60 0.04385
61 0.04385
62 0.04385
63 0.04385
64 0.04385
65 0.04385
66 0.04499
67 0.04499
68 0.04499
69 0.04499
70 0.04499
71 0.04499
72 0.05056
73 0.05056
74 0.05056
75 0.05056
76 0.05056
77 0.05056
78 0.05057
79 0.05057
80 0.05057
81 0.05057
82 0.05057
83 0.05057
84 0.05377
85 0.05377
86 0.05377
87 0.05377
88 0.05377
89 0.05377
90 0.05728
91 0.05728
92 0.05728
93 0.05728
94 0.05728
95 0.05728
96 0.05589
97 0.05589
98 0.05589
99 0.05589
100 0.05589
101 0.05589
102 0.05783
103 0.05783
104 0.05783
105 0.05783
106 0.05783
107 0.05783
108 0.05500
109 0.05500
110 0.05500
111 0.05500
112 0.05500
113 0.05500
114 0.05773
115 0.05773
116 0.05773
117 0.05773
118 0.05773
119 0.05773
120 0.05731
121 0.05731
122 0.05731
123 0.05731
124 0.05731
125 0.05731
126 0.05759
127 0.05759
128 0.05759
129 0.05759
130 0.05759
131 0.05759
132 0.05693
133 0.05693
134 0.05693
135 0.05693
136 0.05693
137 0.05693
138 0.05714
139 0.05714
140 0.05714
141 0.05714
142 0.05714
143 0.05714
144 0.05698
145 0.05698
146 0.05698
147 0.05698
148 0.05698
149 0.05698
150 0.05692
151 0.05692
152 0.05692
153 0.05692
154 0.05692
155 0.05692
156 0.05583
157 0.05583
158 0.05583
159 0.05583
160 0.05583
161 0.05583
162 0.05377
163 0.05377
164 0.05377
165 0.05377
166 0.05377
167 0.05377
168 0.05377
169 0.05377
170 0.05377
171 0.05377
172 0.05377
173 0.05377
174 0.05377
175 0.05377
176 0.05377
177 0.05377
178 0.05377
179 0.05377
180 0.05377
181 0.05377
182 0.05377
183 0.05377
184 0.05377
185 0.05377
186 0.05524
187 0.05524
188 0.05524
189 0.05524
190 0.05524
191 0.05524
192 0.05804
193 0.05804
194 0.05804
195 0.05804
196 0.05804
197 0.05804
198 0.06594
199 0.06594
200 0.06594
201 0.06594
202 0.06594
203 0.06594
204 0.07106
205 0.07106
206 0.07106
207 0.07106
208 0.07106
209 0.07106
210 0.08535
211 0.08535
212 0.08535
213 0.08535
214 0.08535
215 0.08535
216 0.14868
217 0.14868
218 0.14868
219 0.14868
220 0.14868
221 0.14868
222 0.14868
223 0.14868
224 0.14868
225 0.14868
226 0.14868
227 0.14868
228 0.07548
229 0.07548
230 0.07548
231 0.07548
232 0.07548
233 0.07548
234 0.06771
235 0.06771
236 0.06771
237 0.06771
238 0.06771
239 0.06771
240 0.06258
241 0.06258
242 0.06258
243 0.06258
244 0.06258
245 0.06258
246 0.06118
247 0.06118
248 0.06118
249 0.06118
250 0.06118
251 0.06118
252 0.05707
253 0.05707
254 0.05707
255 0.05707
256 0.05707
257 0.05707
258 0.05377
259 0.05377
260 0.05377
261 0.05377
262 0.05377
263 0.05377
264 0.05286
265 0.05286
266 0.05286
267 0.05286
268 0.05286
269 0.05286
270 0.03963
271 0.03963
272 0.03963
273 0.03963
274 0.03963
275 0.03963
276 0.03963
277 0.03963
278 0.03963
279 0.03963
280 0.03963
281 0.03963
282 0.03963
283 0.03963
284 0.03963
285 0.03963
286 0.03963
287 0.03963
