5
2
20
0 190 0.1 0.0
3372 3170
1 130 0.0 0.1
3343 3315
2 170 0.1 0.1
3187 3286
3 120 0.1 0.1
3283 3194
4 190 0.1 0.0
3165 3257
5 190 0.1 0.0
3321 3211
6 150 0.1 0.1
3180 3199
7 190 0.1 0.0
3333 3190
8 190 0.1 0.0
3301 3204
9 190 0.1 0.0
3261 3335
10 170 0.1 0.1
3231 3315
11 190 0.1 0.0
3254 3271
12 190 0.1 0.0
3275 3259
13 190 0.1 0.0
3149 3150
14 190 0.1 0.0
3088 3193
15 190 0.1 0.0
3159 3224
16 190 0.1 0.0
3254 3289
17 150 0.1 0.1
3312 3216
18 130 0.0 0.1
3302 3383
19 120 0.1 0.1
3163 3310
500
0 7 2 56 13.90
25 139
1 60 14 223 1.30
3 10
2 112 33 170 217.75
831 127
3 127 2 198 33.89
128 26
4 49 14 209 125.67
269 1056
5 67 77 249 64.97
114 663
6 30 2 256 111.12
205 1087
7 23 230 276 42.55
82 400
8 47 79 287 96.65
169 989
9 96 9 191 299.04
1149 138
10 22 117 272 321.42
778 2281
11 63 55 287 168.91
634 148
12 14 18 212 65.46
147 518
13 1 0 111 46.05
174 35
14 36 1 205 622.03
2230 1034
15 37 115 219 143.08
262 1409
16 58 177 288 372.71
1248 1031
17 19 95 187 90.73
172 866
18 11 58 131 99.28
204 874
19 8 77 283 241.91
758 912
20 98 7 283 269.64
1022 190
21 11 215 287 176.41
676 90
22 21 88 237 476.63
1658 1029
23 90 98 272 179.31
417 1352
24 37 104 224 395.87
1398 757
25 85 34 161 91.07
132 1059
26 51 154 287 62.15
234 51
27 2 53 239 37.75
143 27
28 6 11 276 98.86
374 73
29 59 7 94 208.55
799 107
30 14 55 279 46.92
99 401
31 37 126 258 261.50
667 1697
32 107 4 288 34.11
68 310
33 34 56 246 92.81
183 853
34 138 9 186 274.53
1034 224
35 29 158 260 180.42
323 1811
36 2 22 33 23.92
48 216
37 246 9 288 99.37
376 73
38 26 81 205 392.97
1237 1455
39 51 95 208 119.85
452 95
40 81 7 271 262.23
993 189
41 27 7 110 270.67
722 1609
42 24 0 251 54.73
97 554
43 1 106 280 24.94
46 244
44 26 25 236 34.83
67 328
45 215 3 287 108.47
195 1085
46 27 29 246 300.49
700 2260
47 40 135 250 65.53
146 524
48 21 2 228 211.07
606 1054
49 53 39 287 214.60
813 153
50 14 18 122 11.00
20 109
51 27 122 204 88.86
338 57
52 120 39 287 127.01
477 110
53 29 127 217 512.77
1947 345
54 17 71 267 8.32
15 83
55 12 0 273 345.67
1306 263
56 69 46 259 372.95
1409 284
57 26 256 287 48.37
91 465
58 1 43 222 26.68
100 24
59 24 61 269 1.07
4 1
60 3 200 272 50.69
98 475
61 66 49 285 208.44
793 133
62 2 0 118 760.32
2652 1608
63 63 69 254 256.99
967 214
64 33 89 195 415.86
1405 1092
65 69 1 176 27.33
55 246
66 47 32 262 39.16
74 375
67 47 59 282 7.88
15 75
68 201 0 264 6.36
24 5
69 2 19 190 26.46
49 258
70 48 2 211 278.99
1049 236
71 119 11 210 156.91
513 492
72 6 116 267 22.20
38 231
73 23 84 219 16.80
63 15
74 38 164 288 21.88
35 239
75 78 32 288 59.14
112 565
76 50 72 147 165.67
393 1213
77 16 3 268 104.26
394 79
78 31 202 288 3.57
7 33
79 129 63 288 59.97
87 697
80 70 138 287 392.99
1305 1138
81 15 26 217 370.64
1227 1091
82 40 67 216 122.13
317 767
83 63 73 281 490.35
1681 1174
84 16 4 56 259.89
993 146
85 47 102 288 722.69
2205 3002
86 109 14 179 13.25
49 15
87 2 68 183 430.78
1365 1553
88 51 15 246 91.20
302 268
89 133 7 277 36.10
57 398
90 1 122 139 645.67
2225 1492
91 20 133 188 269.39
553 2374
92 4 95 288 204.83
779 132
93 159 2 262 401.24
1510 333
94 33 9 138 815.83
2910 1425
95 259 21 288 13.12
50 8
96 32 21 237 329.16
1245 244
97 30 62 207 78.49
142 781
98 29 170 235 58.74
116 539
99 32 52 244 32.84
123 30
100 47 185 288 162.01
310 1533
101 48 101 287 396.05
1265 1381
102 13 0 61 453.50
1539 1159
103 48 2 119 896.84
3030 2355
104 6 23 103 334.03
1096 1029
105 99 1 276 35.50
63 359
106 22 0 38 94.02
356 68
107 58 15 255 47.36
90 451
108 59 189 283 70.75
254 116
109 71 53 241 105.39
164 1173
110 31 69 284 241.21
854 451
111 35 0 141 51.74
109 443
112 22 165 288 448.81
1681 410
113 15 194 288 585.68
2238 328
114 40 44 230 575.82
2029 1122
115 283 3 287 47.86
179 45
116 15 231 287 101.17
244 722
117 86 31 135 70.08
120 729
118 76 180 287 5.60
21 5
119 25 1 110 138.17
524 96
120 16 27 252 42.03
159 31
121 13 208 287 246.41
543 1998
122 67 0 190 69.47
130 671
123 67 30 152 36.57
64 374
124 83 76 283 273.83
830 1163
125 4 22 283 311.13
1103 575
126 68 30 260 126.50
475 110
127 14 135 165 226.91
653 1126
128 3 26 123 81.74
308 66
129 27 5 209 50.58
80 557
130 2 0 157 88.12
157 888
131 26 161 279 138.81
228 1489
132 187 13 264 105.77
407 46
133 22 189 278 264.55
1003 185
134 52 18 259 309.31
1179 187
135 3 204 270 166.90
412 1147
136 41 40 263 39.42
84 333
137 120 136 281 133.82
278 1164
138 7 233 261 323.76
697 2702
139 79 64 274 32.04
59 314
140 56 43 272 13.65
27 125
141 56 45 214 70.03
126 700
142 62 14 174 334.47
1255 295
143 15 60 262 97.99
212 813
144 66 39 287 90.85
279 369
145 45 9 80 109.92
214 1023
146 23 42 97 95.57
145 1081
147 96 93 209 13.23
26 122
148 60 90 287 57.02
97 596
149 30 0 136 561.47
2155 270
150 76 80 247 33.49
126 28
151 35 41 179 265.26
874 800
152 55 77 228 817.89
2754 2191
153 14 190 288 335.63
1266 265
154 47 0 75 63.94
108 672
155 21 0 181 52.00
197 37
156 25 24 257 598.06
2128 1069
157 102 3 274 3.08
7 24
158 125 82 278 123.64
462 118
159 5 45 250 160.12
606 117
160 54 10 81 43.10
82 410
161 82 34 280 129.13
222 1339
162 22 21 285 57.89
109 556
163 1 0 39 705.66
2257 2446
164 2 14 154 16.66
23 199
165 4 23 29 441.25
1648 425
166 5 56 178 75.83
286 60
167 43 151 281 108.63
408 94
168 103 58 281 5.56
11 51
169 28 34 172 46.96
178 33
170 137 93 288 44.80
93 390
171 15 122 288 226.91
866 132
172 21 116 148 100.37
384 54
173 162 0 232 112.44
426 80
174 30 181 287 225.44
854 161
175 23 19 136 124.58
227 1232
176 135 31 222 256.65
821 889
177 69 27 169 17.31
32 169
178 33 15 171 212.55
575 1226
179 10 161 288 718.16
2365 2172
180 15 2 276 149.50
571 85
181 20 16 269 108.70
275 716
182 29 84 158 4.37
8 43
183 151 5 287 68.65
118 712
184 62 189 271 8.14
13 89
185 213 27 279 48.32
97 436
186 39 12 225 523.10
1980 381
187 50 24 157 305.54
1024 841
188 64 165 250 31.70
120 23
189 91 2 178 54.23
101 526
190 53 126 240 96.16
364 70
191 39 43 225 463.76
1753 349
192 10 8 282 386.50
1327 916
193 1 191 230 92.74
265 469
194 1 0 125 849.21
2871 2221
195 30 98 274 115.50
443 57
196 13 12 243 512.41
1733 1337
197 69 84 285 89.58
163 887
198 22 109 274 20.14
29 235
199 6 242 285 167.86
308 1650
200 146 66 262 52.54
80 593
201 96 19 284 28.80
109 21
202 82 1 202 34.69
72 302
203 102 2 204 38.57
146 28
204 21 98 288 691.59
2322 1884
205 7 16 267 383.31
1464 218
206 46 184 269 23.87
42 243
207 18 16 107 130.47
493 99
208 30 2 287 596.03
2186 761
209 6 42 275 162.15
287 1643
210 124 3 174 82.73
133 901
211 54 1 214 4.69
8 49
212 160 6 208 31.75
48 360
213 92 39 274 138.86
528 90
214 127 6 208 62.73
235 57
215 3 23 149 0.31
1 1
216 42 52 256 18.18
32 185
217 26 0 97 50.20
104 438
218 51 82 267 103.29
214 901
219 7 160 219 108.09
198 1064
220 36 65 266 14.46
27 140
221 78 155 288 146.06
551 115
222 57 3 182 112.31
223 1025
223 16 8 202 711.56
2213 2760
224 71 78 249 39.44
149 30
225 66 54 270 24.32
92 18
226 97 48 255 75.61
130 784
227 11 0 219 59.41
121 528
228 122 9 258 130.27
501 58
229 231 47 287 84.00
150 845
230 72 57 283 130.89
368 690
231 5 0 11 129.91
494 84
232 96 116 287 77.46
295 48
233 17 195 278 60.28
103 628
234 34 107 203 82.50
146 836
235 1 32 263 162.89
306 1568
236 24 23 197 10.28
39 7
237 24 95 167 10.53
22 91
238 22 5 199 75.25
282 68
239 75 30 248 180.11
673 172
240 78 1 246 153.32
585 90
241 82 148 286 634.36
2036 2166
242 121 68 288 70.10
269 34
243 22 53 116 34.05
65 323
244 71 133 254 692.64
2096 2958
245 50 171 288 583.81
2059 1129
246 11 190 287 51.58
94 510
247 16 38 249 283.87
1074 209
248 128 11 228 54.75
210 27
249 55 9 113 239.76
598 1619
250 17 64 224 629.68
2039 2066
251 5 112 258 320.95
1143 569
252 128 124 283 244.65
868 449
253 77 171 272 144.24
546 105
254 24 7 84 361.07
1356 313
255 64 92 242 12.25
20 132
256 14 230 287 373.05
1424 216
257 129 12 260 79.58
295 87
258 3 242 287 370.05
1152 1430
259 94 29 197 118.80
321 687
260 89 186 287 169.80
642 127
261 41 10 170 38.33
72 369
262 49 30 242 438.10
1660 311
263 124 1 214 27.64
53 261
264 86 75 287 38.60
147 24
265 98 2 116 8.68
16 85
266 33 48 280 384.07
1428 400
267 77 13 276 27.17
103 19
268 22 1 107 333.89
1254 289
269 94 83 287 68.27
259 47
270 38 68 275 134.95
219 1460
271 13 21 65 70.77
112 779
272 153 24 284 159.27
302 1520
273 9 39 142 63.31
116 623
274 90 23 133 745.62
2563 1753
275 88 25 171 89.17
339 58
276 54 59 262 679.61
2392 1337
277 77 3 255 12.61
48 8
278 7 2 215 24.92
44 253
279 12 1 98 233.47
885 164
280 11 53 133 54.91
117 464
281 26 120 270 81.32
163 735
282 100 87 280 14.63
33 115
283 108 48 234 686.43
2604 473
284 8 2 162 648.28
2264 1358
285 44 17 127 1.47
3 13
286 39 8 146 391.70
1490 251
287 115 25 288 471.59
1672 871
288 3 162 285 144.41
261 1438
289 23 39 217 120.47
454 97
290 31 99 247 34.78
133 19
291 13 49 264 310.20
770 2112
292 28 0 287 165.23
285 1709
293 7 59 269 226.31
860 149
294 42 118 234 137.36
524 81
295 17 69 114 316.91
868 1778
296 84 13 255 136.29
520 80
297 29 106 255 250.07
950 166
298 64 26 197 322.25
876 1839
299 25 15 284 175.33
661 140
300 40 185 288 154.70
248 1688
301 121 12 192 18.61
71 11
302 40 55 288 18.14
40 147
303 19 65 284 153.36
577 128
304 177 9 280 160.07
603 130
305 86 124 283 33.66
60 339
306 104 90 276 174.69
339 1631
307 1 80 219 199.30
751 161
308 61 203 287 45.07
171 31
309 1 0 63 11.54
44 7
310 15 107 232 136.14
513 110
311 5 0 126 40.05
151 32
312 21 32 123 118.78
205 1228
313 49 25 235 370.23
1415 206
314 5 157 272 165.09
629 101
315 29 13 288 586.80
1783 2472
316 16 33 104 552.55
2041 638
317 6 29 253 7.77
12 87
318 32 32 283 348.24
1041 1547
319 105 14 287 48.21
82 504
320 18 175 276 21.40
31 249
321 75 36 256 115.74
196 1214
322 50 94 204 307.85
1119 440
323 15 69 167 34.04
60 346
324 75 0 115 61.46
116 589
325 49 161 238 357.99
1337 345
326 20 79 280 169.49
635 154
327 47 149 275 133.10
279 1146
328 66 0 139 504.78
1854 632
329 18 102 253 25.57
98 13
330 15 115 227 32.59
59 324
331 12 152 238 29.96
114 19
332 163 46 250 94.37
208 765
333 28 46 243 163.98
615 146
334 118 88 288 119.43
457 64
335 3 88 272 475.31
1791 384
336 80 55 249 0.31
1 1
337 49 226 287 110.03
190 1137
338 8 2 73 574.01
1829 2022
339 2 3 250 37.88
70 370
340 41 5 98 12.72
21 136
341 15 93 189 112.56
428 73
342 116 17 167 79.98
177 645
343 34 61 264 126.50
481 82
344 118 26 242 222.34
836 188
345 47 37 288 452.11
1364 1950
346 53 1 76 392.26
1216 1540
347 53 80 224 100.13
343 241
348 27 0 240 96.65
367 65
349 10 127 287 125.31
226 1250
350 10 81 288 176.49
327 1720
351 9 137 258 20.91
40 198
352 10 213 262 63.76
118 622
353 49 93 288 90.67
154 949
354 23 212 284 83.88
322 40
355 50 92 234 22.20
50 175
356 41 75 263 63.03
239 44
357 187 1 219 190.30
717 154
358 34 80 272 13.41
25 130
359 2 5 99 33.09
58 338
360 21 28 255 122.15
244 1108
361 45 109 239 304.93
1160 195
362 26 35 133 47.39
88 461
363 28 70 270 74.31
130 760
364 149 64 287 30.39
60 279
365 104 15 254 42.74
162 30
366 7 43 189 111.44
244 911
367 58 55 269 21.98
41 213
368 122 1 263 421.97
1599 299
369 34 34 188 41.70
63 473
370 10 51 243 4.78
9 46
371 5 163 242 81.57
167 721
372 2 6 178 31.95
64 289
373 38 49 198 33.40
62 325
374 37 141 283 532.49
1870 1067
375 56 2 261 7.29
15 64
376 93 4 225 281.53
1074 166
377 12 62 168 12.70
25 117
378 11 87 239 596.81
1705 3020
379 12 18 203 162.97
272 1728
380 24 1 92 497.25
1561 1861
381 50 24 274 140.20
277 1286
382 23 133 254 82.90
163 764
383 27 2 200 131.40
244 1278
384 3 24 205 60.01
118 553
385 54 138 273 18.63
37 170
386 72 117 288 734.18
2396 2322
387 5 72 248 20.61
36 211
388 18 49 178 173.15
286 1850
389 9 13 130 613.21
2351 307
390 21 74 288 192.22
527 1076
391 30 32 288 733.31
2633 1200
392 40 6 267 332.75
1203 506
393 23 96 191 72.20
273 54
394 109 71 287 18.11
69 11
395 41 5 83 78.17
142 775
396 117 27 275 12.32
22 124
397 51 11 159 35.63
53 408
398 79 172 287 127.46
485 81
399 69 25 224 75.48
152 679
400 55 15 282 90.56
130 1059
401 229 1 287 256.19
978 148
402 29 58 284 227.30
802 438
403 89 18 247 46.00
84 454
404 139 71 275 199.52
763 109
405 89 58 249 360.97
1221 941
406 79 0 117 54.57
88 593
407 40 37 168 37.57
63 397
408 97 9 208 32.46
48 373
409 14 52 288 177.72
325 1752
410 67 0 217 37.66
79 324
411 69 49 212 380.16
1428 328
412 20 135 288 101.71
382 88
413 29 51 178 574.01
1973 1350
414 77 195 280 45.56
84 446
415 11 21 238 83.48
146 854
416 30 12 285 377.84
1046 2068
417 47 9 104 234.17
882 191
418 40 42 287 336.97
1282 215
419 32 6 133 78.46
138 799
420 17 6 240 224.10
634 1163
421 21 155 281 214.04
814 138
422 9 70 260 48.46
95 448
423 76 11 202 142.23
537 110
424 10 79 255 371.62
1056 1907
425 57 13 264 38.22
144 31
426 87 72 246 30.52
116 20
427 9 3 209 70.34
151 589
428 18 3 110 190.06
346 1881
429 71 21 287 68.42
122 689
430 18 6 191 735.41
2664 1094
431 126 58 278 6.74
12 68
432 23 2 111 307.16
1169 194
433 150 41 261 88.55
154 910
434 3 25 135 662.70
2140 2202
435 77 3 160 4.06
7 42
436 75 33 139 40.34
78 378
437 47 152 287 619.91
2359 393
438 16 168 236 126.09
474 107
439 75 81 206 344.02
1310 214
440 14 43 267 371.68
1401 298
441 23 87 230 384.29
1305 978
442 103 17 274 63.40
240 46
443 9 177 287 321.38
1152 535
444 32 144 287 446.20
1666 432
445 59 2 165 66.79
221 197
446 40 17 278 80.11
134 848
447 102 42 254 700.18
2484 1286
448 43 17 150 210.96
351 2242
449 50 122 215 108.81
410 88
450 180 44 251 20.88
33 230
451 136 7 271 22.07
42 210
452 31 0 259 233.85
894 129
453 6 103 190 148.34
563 101
454 100 27 274 475.63
1524 1636
455 74 90 278 16.53
27 178
456 5 3 269 1.07
4 1
457 48 93 288 130.80
193 1505
458 51 88 235 48.34
84 497
459 28 87 208 103.56
193 1004
460 24 216 288 321.76
1203 304
461 6 144 278 63.00
127 566
462 18 134 224 178.70
667 174
463 21 55 197 14.84
30 133
464 104 0 227 155.05
310 1405
465 14 8 229 15.60
27 161
466 18 5 283 147.27
556 114
467 54 72 282 216.74
821 155
468 30 2 70 367.36
1387 284
469 49 18 92 149.27
569 90
470 109 40 257 55.53
212 32
471 38 12 126 5.46
11 49
472 6 126 242 334.72
941 1765
473 16 3 276 73.94
126 772
474 15 38 258 73.29
276 60
475 3 177 221 15.42
25 167
476 74 130 229 13.77
29 118
477 196 1 272 154.16
575 152
478 13 18 266 146.18
547 136
479 13 161 273 16.73
28 177
480 59 40 288 74.16
120 804
481 66 76 277 241.04
731 1022
482 73 3 239 12.99
21 141
483 51 0 210 495.30
1654 1391
484 10 74 245 246.21
533 2041
485 52 134 248 8.74
13 100
486 40 100 197 269.53
1025 174
487 5 12 236 348.37
1337 168
488 53 143 287 372.18
1427 186
489 29 77 155 140.93
285 1262
490 144 48 230 71.66
153 604
491 50 233 287 14.26
26 141
492 105 40 262 123.42
363 576
493 25 240 287 39.07
148 28
494 34 100 287 517.84
1715 1521
495 110 106 285 95.13
163 989
496 31 106 226 15.19
29 144
497 89 12 215 14.86
32 124
498 63 46 137 71.04
154 588
499 31 33 222 33.02
65 304
