288
0 0.04525
1 0.04525
2 0.04525
3 0.04525
4 0.04525
5 0.04525
6 0.03679
7 0.03679
8 0.03679
9 0.03679
10 0.03679
11 0.03679
12 0.03679
13 0.03679
14 0.03679
15 0.03679
16 0.03679
17 0.03679
18 0.03679
19 0.03679
20 0.03679
21 0.03679
22 0.03679
23 0.03679
24 0.03444
25 0.03444
26 0.03444
27 0.03444
28 0.03444
29 0.03444
30 0.03444
31 0.03444
32 0.03444
33 0.03444
34 0.03444
35 0.03444
36 0.03444
37 0.03444
38 0.03444
39 0.03444
40 0.03444
41 0.03444
42 0.03444
43 0.03444
44 0.03444
45 0.03444
46 0.03444
47 0.03444
48 0.03444
49 0.03444
50 0.03444
51 0.03444
52 0.03444
53 0.03444
54 0.03444
55 0.03444
56 0.03444
57 0.03444
58 0.03444
59 0.03444
60 0.03679
61 0.03679
62 0.03679
63 0.03679
64 0.03679
65 0.03679
66 0.03679
67 0.03679
68 0.03679
69 0.03679
70 0.03679
71 0.03679
72 0.03446
73 0.03446
74 0.03446
75 0.03446
76 0.03446
77 0.03446
78 0.03446
79 0.03446
80 0.03446
81 0.03446
82 0.03446
83 0.03446
84 0.04243
85 0.04243
86 0.04243
87 0.04243
88 0.04243
89 0.04243
90 0.04470
91 0.04470
92 0.04470
93 0.04470
94 0.04470
95 0.04470
96 0.03446
97 0.03446
98 0.03446
99 0.03446
100 0.03446
101 0.03446
102 0.03800
103 0.03800
104 0.03800
105 0.03800
106 0.03800
107 0.03800
108 0.04470
109 0.04470
110 0.04470
111 0.04470
112 0.04470
113 0.04470
114 0.04500
115 0.04500
116 0.04500
117 0.04500
118 0.04500
119 0.04500
120 0.04527
121 0.04527
122 0.04527
123 0.04527
124 0.04527
125 0.04527
126 0.04527
127 0.04527
128 0.04527
129 0.04527
130 0.04527
131 0.04527
132 0.04527
133 0.04527
134 0.04527
135 0.04527
136 0.04527
137 0.04527
138 0.04527
139 0.04527
140 0.04527
141 0.04527
142 0.04527
143 0.04527
144 0.04527
145 0.04527
146 0.04527
147 0.04527
148 0.04527
149 0.04527
150 0.04527
151 0.04527
152 0.04527
153 0.04527
154 0.04527
155 0.04527
156 0.04527
157 0.04527
158 0.04527
159 0.04527
160 0.04527
161 0.04527
162 0.04527
163 0.04527
164 0.04527
165 0.04527
166 0.04527
167 0.04527
168 0.04527
169 0.04527
170 0.04527
171 0.04527
172 0.04527
173 0.04527
174 0.04527
175 0.04527
176 0.04527
177 0.04527
178 0.04527
179 0.04527
180 0.04527
181 0.04527
182 0.04527
183 0.04527
184 0.04527
185 0.04527
186 0.04527
187 0.04527
188 0.04527
189 0.04527
190 0.04527
191 0.04527
192 0.04527
193 0.04527
194 0.04527
195 0.04527
196 0.04527
197 0.04527
198 0.04603
199 0.04603
200 0.04603
201 0.04603
202 0.04603
203 0.04603
204 0.04603
205 0.04603
206 0.04603
207 0.04603
208 0.04603
209 0.04603
210 0.14973
211 0.14973
212 0.14973
213 0.14973
214 0.14973
215 0.14973
216 0.15223
217 0.15223
218 0.15223
219 0.15223
220 0.15223
221 0.15223
222 0.15223
223 0.15223
224 0.15223
225 0.15223
226 0.15223
227 0.15223
228 0.15223
229 0.15223
230 0.15223
231 0.15223
232 0.15223
233 0.15223
234 0.15223
235 0.15223
236 0.15223
237 0.15223
238 0.15223
239 0.15223
240 0.04646
241 0.04646
242 0.04646
243 0.04646
244 0.04646
245 0.04646
246 0.04603
247 0.04603
248 0.04603
249 0.04603
250 0.04603
251 0.04603
252 0.04923
253 0.04923
254 0.04923
255 0.04923
256 0.04923
257 0.04923
258 0.04603
259 0.04603
260 0.04603
261 0.04603
262 0.04603
263 0.04603
264 0.04527
265 0.04527
266 0.04527
267 0.04527
268 0.04527
269 0.04527
270 0.04527
271 0.04527
272 0.04527
273 0.04527
274 0.04527
275 0.04527
276 0.04527
277 0.04527
278 0.04527
279 0.04527
280 0.04527
281 0.04527
282 0.04500
283 0.04500
284 0.04500
285 0.04500
286 0.04500
287 0.04500
