5
3
50
0 130 0.0 0.1
2526 2389 2499
1 190 0.1 0.0
2535 2440 2664
2 170 0.1 0.1
2519 2470 2501
3 190 0.1 0.0
2458 2403 2569
4 130 0.0 0.1
2555 2548 2469
5 130 0.0 0.1
2500 2494 2524
6 150 0.1 0.1
2411 2415 2480
7 120 0.1 0.1
2447 2534 2480
8 170 0.1 0.1
2481 2437 2579
9 120 0.1 0.1
2577 2511 2548
10 190 0.1 0.0
2388 2445 2377
11 130 0.0 0.1
2457 2493 2394
12 130 0.0 0.1
2469 2564 2371
13 170 0.1 0.1
2389 2509 2395
14 170 0.1 0.1
2485 2562 2507
15 190 0.1 0.0
2518 2473 2504
16 190 0.1 0.0
2443 2435 2549
17 130 0.0 0.1
2450 2511 2496
18 190 0.1 0.0
2480 2494 2468
19 170 0.1 0.1
2468 2516 2573
20 170 0.1 0.1
2521 2573 2461
21 150 0.1 0.1
2523 2548 2536
22 150 0.1 0.1
2400 2505 2477
23 190 0.1 0.0
2464 2450 2444
24 120 0.1 0.1
2474 2364 2478
25 120 0.1 0.1
2556 2579 2484
26 190 0.1 0.0
2486 2440 2471
27 150 0.1 0.1
2493 2485 2576
28 190 0.1 0.0
2610 2550 2509
29 170 0.1 0.1
2411 2471 2512
30 150 0.1 0.1
2397 2475 2521
31 150 0.1 0.1
2565 2597 2493
32 190 0.1 0.0
2601 2548 2449
33 170 0.1 0.1
2554 2434 2454
34 190 0.1 0.0
2556 2549 2519
35 170 0.1 0.1
2493 2453 2497
36 130 0.0 0.1
2506 2502 2554
37 150 0.1 0.1
2466 2501 2539
38 190 0.1 0.0
2559 2508 2527
39 150 0.1 0.1
2448 2393 2440
40 170 0.1 0.1
2472 2564 2559
41 130 0.0 0.1
2494 2554 2469
42 190 0.1 0.0
2417 2409 2559
43 150 0.1 0.1
2441 2596 2564
44 120 0.1 0.1
2489 2510 2548
45 190 0.1 0.0
2368 2483 2518
46 120 0.1 0.1
2576 2529 2469
47 130 0.0 0.1
2517 2581 2445
48 150 0.1 0.1
2524 2474 2496
49 120 0.1 0.1
2471 2468 2484
1000
0 19 34 287 529.69
1702 287 183
1 12 196 227 318.81
1014 156 208
2 5 13 58 93.06
299 34 57
3 34 31 103 251.26
790 143 198
4 31 110 254 49.32
77 383 53
5 13 0 226 65.90
87 575 87
6 61 0 171 93.68
97 919 158
7 60 26 275 62.96
92 504 89
8 33 13 288 200.54
623 146 163
9 12 87 208 185.36
593 98 86
10 98 100 256 307.24
955 217 256
11 22 40 111 74.56
131 123 662
12 101 0 205 254.52
817 133 101
13 7 76 167 230.99
390 618 1806
14 2 3 176 186.27
304 601 1376
15 59 149 288 259.97
548 1129 619
16 41 222 288 68.83
127 118 562
17 2 7 258 428.82
1081 1482 352
18 24 48 249 170.61
547 78 89
19 150 7 256 53.25
89 85 509
20 24 113 231 300.73
752 1065 251
21 79 19 251 41.01
59 340 47
22 6 203 287 172.70
244 1313 407
23 14 7 191 168.68
276 675 1045
24 5 130 149 97.90
127 863 132
25 3 52 130 20.36
38 127 25
26 3 0 253 158.71
253 223 1648
27 52 6 147 61.27
97 476 56
28 140 51 264 22.20
54 88 15
29 99 28 192 1.52
3 2 12
30 89 14 287 130.38
187 155 1542
31 25 131 260 167.52
380 772 144
32 56 10 117 95.07
189 99 777
33 9 10 195 73.51
90 483 384
34 58 103 285 13.97
20 113 21
35 8 6 190 134.25
388 246 90
36 52 120 248 35.75
48 279 91
37 30 4 116 8.29
16 20 54
38 4 57 165 159.91
397 568 151
39 13 84 281 117.76
223 638 267
40 107 151 287 70.55
145 87 523
41 4 36 223 200.86
338 871 1078
42 21 6 186 132.72
236 266 1088
43 149 25 288 35.92
114 19 23
44 36 52 285 269.99
474 1001 1566
45 59 72 280 526.52
1599 633 310
46 37 0 154 127.63
243 761 176
47 66 47 231 126.21
405 56 66
48 91 66 270 46.36
73 325 98
49 24 74 162 84.08
117 181 898
50 76 27 179 150.42
473 107 86
51 3 175 279 70.72
130 449 89
52 6 46 175 18.39
20 180 25
53 10 95 280 273.67
877 115 161
54 1 229 288 272.19
394 1701 1128
55 3 92 196 151.77
486 69 84
56 66 209 288 31.03
96 22 29
57 32 20 128 72.24
79 691 119
58 87 65 242 126.59
173 1048 211
59 27 121 155 222.34
709 117 120
60 2 236 287 29.43
53 186 46
61 30 159 244 259.93
757 477 133
62 36 0 199 217.14
314 891 1601
63 2 19 164 336.46
899 879 346
64 1 27 106 101.05
318 70 59
65 1 203 268 9.70
17 23 76
66 2 33 245 177.20
550 128 149
67 35 7 161 73.97
226 71 61
68 69 29 204 532.54
1107 2096 1702
69 5 68 261 146.06
452 99 142
70 106 8 277 164.24
517 99 117
71 9 3 120 41.92
69 97 363
72 72 11 261 27.55
47 45 255
73 40 206 288 116.23
208 214 972
74 34 87 288 101.52
167 634 281
75 49 105 238 6.85
10 56 8
76 130 82 287 6.53
10 51 8
77 4 46 282 189.85
610 90 85
78 21 10 269 198.83
268 703 1772
79 4 61 255 171.85
374 817 221
80 137 90 287 41.67
48 393 60
81 7 20 173 466.62
1502 204 216
82 141 10 161 210.35
322 666 1722
83 180 12 260 13.64
23 27 121
84 2 15 286 127.46
264 253 787
85 41 20 218 40.25
38 416 62
86 3 0 123 217.96
341 1630 323
87 79 104 287 230.88
296 1953 459
88 11 187 258 218.49
431 835 898
89 40 33 209 143.89
325 640 168
90 25 7 127 135.53
433 71 68
91 9 215 288 78.01
104 96 973
92 29 187 283 20.11
63 13 15
93 20 216 287 356.71
959 929 330
94 36 143 287 51.20
165 26 17
95 30 225 283 178.47
552 132 159
96 56 0 261 30.19
97 16 11
97 151 105 286 38.62
76 45 314
98 73 3 218 156.32
265 528 1050
99 19 0 167 310.71
964 269 197
100 49 33 265 88.77
283 45 51
101 106 23 258 35.45
53 287 37
102 23 132 274 633.24
1821 1265 332
103 61 122 280 196.25
289 1177 853
104 60 15 157 65.47
93 271 491
105 10 22 99 152.51
232 260 1593
106 3 1 27 201.62
304 949 1217
107 38 7 241 314.94
983 233 218
108 77 30 181 73.02
97 626 109
109 52 5 251 367.49
899 1373 339
110 102 122 288 101.81
143 190 1122
111 57 76 287 164.46
521 89 109
112 36 10 110 63.61
90 117 699
113 81 39 246 21.25
38 23 202
114 20 143 269 77.44
127 301 491
115 91 71 287 287.54
896 229 185
116 77 17 272 91.27
191 125 634
117 26 3 134 132.83
417 85 95
118 19 152 269 602.54
1742 1163 312
119 106 101 267 202.89
364 539 1442
120 19 52 287 293.97
467 1585 1306
121 102 7 285 65.96
209 40 37
122 42 3 79 8.14
13 19 73
123 75 165 279 52.13
164 36 31
124 144 90 276 78.05
101 396 545
125 20 16 251 96.74
153 502 464
126 30 6 83 29.75
44 237 40
127 5 83 103 157.48
263 269 1480
128 11 150 274 54.99
174 29 39
129 59 43 260 205.72
567 449 223
130 8 40 288 6.85
13 10 56
131 3 91 236 203.08
617 218 157
132 3 64 208 37.63
115 32 37
133 5 103 287 129.51
414 50 90
134 3 0 81 49.30
64 442 55
135 16 40 189 41.63
134 19 18
136 19 13 93 134.03
205 702 682
137 41 169 245 65.52
125 143 460
138 37 109 246 510.03
1625 273 278
139 39 1 200 79.74
91 760 109
140 72 44 274 20.68
22 206 26
141 166 3 251 14.57
46 7 12
142 20 83 287 101.41
326 41 55
143 14 202 286 1.29
4 1 1
144 9 60 223 87.21
135 167 867
145 5 40 206 397.68
1284 155 185
146 3 8 273 24.61
33 216 27
147 2 67 282 198.03
398 625 960
148 11 26 205 22.52
23 221 40
149 110 76 288 47.82
150 34 30
150 59 196 288 55.52
97 104 478
151 27 39 151 29.64
94 18 16
152 28 57 272 520.91
1401 1328 521
153 16 0 234 285.00
509 1697 632
154 48 90 230 126.23
403 57 79
155 29 10 116 156.72
498 81 99
156 26 75 268 313.99
937 462 174
157 32 3 129 9.77
31 6 5
158 90 8 248 10.13
15 25 97
159 92 4 175 6.96
22 5 3
160 35 1 221 209.76
383 634 1329
161 40 1 279 72.01
86 328 609
162 51 78 288 66.51
90 88 811
163 47 81 288 508.36
1141 1778 1369
164 23 4 287 49.20
58 469 54
165 33 9 155 394.41
1162 634 243
166 8 83 143 83.13
254 74 77
167 81 170 288 371.83
868 1404 612
168 33 112 287 207.48
660 98 140
169 8 11 165 52.41
87 109 467
170 27 14 113 389.88
1176 476 275
171 44 14 288 144.86
254 388 1066
172 87 23 288 11.23
21 17 93
173 3 1 148 12.13
23 28 84
174 3 46 281 223.16
401 1322 488
175 33 184 278 167.86
388 744 138
176 126 60 259 80.53
173 399 95
177 45 16 183 571.10
1650 1084 331
178 2 116 288 199.11
554 458 144
179 131 54 271 183.86
235 471 1997
180 43 29 104 3.17
10 2 2
181 65 12 161 31.20
98 18 25
182 2 27 242 59.64
189 37 32
183 13 15 257 1.88
2 19 2
184 2 27 70 44.88
69 349 55
185 197 3 274 12.30
19 16 134
186 41 67 288 49.30
156 22 41
187 27 5 210 302.48
641 1334 666
188 29 79 239 356.88
1153 137 164
189 7 172 287 118.83
344 211 86
190 47 17 287 176.40
541 150 160
191 39 188 266 363.14
1165 159 195
192 173 38 274 81.63
262 47 26
193 38 156 276 381.45
1023 967 410
194 1 35 242 408.65
1282 264 295
195 59 85 288 36.45
115 24 21
196 79 18 183 421.76
1177 976 272
197 19 21 127 15.31
29 18 132
198 60 75 276 164.81
253 388 1545
199 24 28 154 189.00
280 1314 539
200 29 134 263 99.32
167 174 919
201 32 36 234 35.31
65 56 296
202 85 197 287 93.93
156 663 135
203 73 76 287 89.30
279 52 81
204 14 4 81 248.83
422 992 1443
205 53 50 262 229.23
623 569 207
206 19 165 287 100.48
179 155 891
207 22 5 74 440.24
1291 690 340
208 22 232 287 5.24
9 12 43
209 16 227 288 58.98
96 98 576
210 6 37 209 414.45
1233 602 268
211 103 15 237 122.24
352 228 85
212 17 145 288 25.56
82 11 14
213 16 1 137 182.66
575 120 115
214 8 268 285 391.17
1232 215 305
215 31 65 198 66.89
109 484 93
216 126 1 288 105.07
160 182 1092
217 116 20 262 3.47
11 2 2
218 19 22 138 194.31
508 571 183
219 17 1 56 378.70
701 1387 1969
220 11 37 261 7.25
23 5 3
221 37 6 230 24.10
36 64 222
222 12 3 225 642.52
1637 1874 926
223 64 37 135 628.46
1852 933 500
224 41 58 145 104.29
333 61 44
225 62 7 171 146.51
227 870 571
226 178 9 286 217.27
682 155 132
227 78 199 287 648.03
1899 1105 376
228 62 39 129 16.15
22 26 189
229 83 50 169 224.62
675 295 145
230 7 1 188 7.25
14 9 60
231 34 3 195 93.08
129 165 1051
232 5 8 242 191.96
450 834 139
233 19 263 287 57.17
84 138 557
234 27 100 280 150.61
479 78 92
235 16 25 222 39.53
67 84 340
236 25 22 137 126.70
223 411 819
237 4 1 204 143.91
463 61 71
238 73 97 287 162.83
273 574 1079
239 52 18 224 40.23
125 35 24
240 40 245 287 141.26
263 154 1269
241 8 108 206 49.98
71 402 82
242 31 46 280 58.73
101 100 532
243 109 26 288 49.96
58 467 75
244 16 44 287 243.56
789 79 119
245 9 158 228 127.08
236 189 1070
246 22 66 180 51.48
160 47 27
247 7 109 189 4.71
7 7 52
248 20 22 124 132.07
415 101 67
249 82 23 268 117.69
181 893 177
250 51 147 279 377.39
996 1081 332
251 133 6 256 10.08
31 9 8
252 9 41 184 305.19
681 1378 384
253 4 34 258 172.91
355 919 226
254 39 12 229 244.66
368 1623 776
255 25 9 122 45.45
87 70 361
256 77 31 287 133.65
253 318 913
257 87 17 157 162.24
513 84 120
258 25 84 274 161.39
515 72 104
259 92 35 213 115.62
174 193 1227
260 4 50 172 53.42
170 25 36
261 58 10 222 47.59
75 87 470
262 121 72 247 310.86
774 1076 320
263 146 10 187 1.35
2 2 15
264 43 45 250 450.30
1294 806 383
265 117 95 281 56.45
81 444 102
266 62 61 251 557.47
1477 1637 390
267 41 230 288 6.68
21 4 5
268 7 102 275 135.87
439 61 49
269 236 18 272 6.77
13 16 45
270 83 107 255 54.90
84 81 589
271 30 207 287 188.60
256 1561 327
272 13 148 232 209.95
342 883 1247
273 21 45 262 331.11
957 602 229
274 2 65 199 354.22
1120 227 197
275 4 159 286 698.77
1984 1227 798
276 181 103 287 67.71
193 145 33
277 40 3 175 322.34
844 907 355
278 5 0 212 26.85
40 216 31
279 6 177 283 109.13
349 42 75
280 12 1 200 190.78
607 96 119
281 2 147 285 151.52
262 817 524
282 26 17 64 24.78
31 210 54
283 16 39 217 34.90
111 19 20
284 141 0 264 54.40
80 421 95
285 92 11 236 501.99
1529 537 364
286 64 44 179 54.82
101 107 429
287 37 45 174 360.56
1143 233 177
288 39 24 258 198.24
638 85 95
289 105 64 225 246.82
704 511 143
290 38 18 270 229.72
384 664 1749
291 181 10 285 14.90
22 27 158
292 91 7 145 44.04
82 85 340
293 57 51 205 192.30
613 122 74
294 120 57 288 69.62
88 427 390
295 5 0 192 175.36
261 549 1497
296 4 10 193 79.60
250 57 47
297 10 12 288 272.25
406 1312 1629
298 39 7 189 623.21
1818 1007 503
299 11 69 269 8.44
11 73 13
300 35 83 231 430.94
969 1872 601
301 35 176 248 1.88
6 1 1
302 126 80 266 14.04
17 132 15
303 30 118 277 259.53
824 132 172
304 25 52 267 89.60
132 708 133
305 68 131 237 92.41
268 179 41
306 43 0 212 95.94
304 64 45
307 36 1 286 167.56
360 794 252
308 69 98 287 71.35
112 121 722
309 134 70 288 705.64
2076 1146 438
310 108 93 275 238.68
352 1782 508
311 43 31 273 14.50
27 32 106
312 66 101 288 64.29
125 387 65
313 38 1 245 273.08
858 183 178
314 6 47 232 114.84
312 286 103
315 14 71 184 44.95
143 22 29
316 3 5 129 501.42
1493 716 334
317 49 82 281 382.33
925 1389 484
318 145 90 288 245.72
785 133 117
319 40 15 273 219.55
354 1613 295
320 1 81 220 362.97
1090 435 302
321 6 29 162 121.24
142 1111 207
322 48 239 287 24.23
33 48 270
323 38 23 213 27.86
36 56 323
324 10 42 288 14.40
20 21 169
325 46 21 250 359.86
1152 160 207
326 48 221 287 186.10
364 627 913
327 44 20 193 48.16
83 342 45
328 10 8 267 263.86
729 633 188
329 36 96 280 108.16
141 914 200
330 5 10 162 255.21
809 160 133
331 35 161 278 230.01
734 146 83
332 114 76 287 24.23
36 50 246
333 68 15 138 419.80
1335 227 243
334 7 181 288 32.43
61 70 235
335 2 33 154 525.10
1398 1386 554
336 67 44 227 66.57
107 451 149
337 30 97 254 1.48
3 2 11
338 68 50 287 203.93
650 122 90
339 11 113 154 143.36
458 71 78
340 6 2 91 379.08
1232 119 163
341 57 16 109 29.36
51 41 276
342 34 9 197 201.68
527 556 247
343 48 159 265 37.59
58 286 54
344 129 77 272 130.74
181 578 958
345 32 46 186 400.33
1191 548 309
346 9 24 287 205.00
402 629 1091
347 139 40 272 317.73
802 1133 201
348 72 5 277 310.81
998 154 134
349 42 90 213 9.07
13 77 8
350 4 0 220 75.20
93 171 871
351 51 10 125 78.45
100 145 938
352 58 15 240 52.13
69 456 66
353 135 47 269 18.03
24 23 224
354 116 58 274 28.22
51 171 54
355 43 197 285 114.29
354 84 99
356 33 10 249 29.58
54 37 266
357 25 3 179 315.47
516 1402 1746
358 28 166 246 158.54
494 119 113
359 10 18 266 4.38
13 5 5
360 49 16 181 46.59
66 76 526
361 95 25 253 12.94
16 114 23
362 70 1 271 27.25
49 31 255
363 56 86 200 17.27
25 135 31
364 1 29 288 31.29
42 74 335
365 34 57 271 120.82
141 845 603
366 33 47 127 13.51
42 9 12
367 13 187 208 202.85
248 1795 369
368 25 151 240 101.58
321 65 58
369 69 10 147 295.99
940 151 194
370 33 182 278 112.85
228 148 851
371 48 186 269 9.26
13 28 86
372 42 205 287 169.53
328 487 983
373 164 22 226 6.09
12 12 42
374 41 5 276 99.13
187 131 839
375 35 5 152 154.54
222 326 1612
376 26 50 271 115.43
167 962 118
377 45 13 272 91.41
154 586 205
378 16 4 251 30.00
48 63 279
379 60 10 262 580.11
1790 572 332
380 53 101 288 38.39
120 28 26
381 16 39 210 6.03
11 11 49
382 106 23 221 91.41
171 174 704
383 5 35 279 207.14
399 1034 555
384 158 41 288 250.96
707 529 193
385 87 4 160 98.14
147 786 113
386 30 6 261 226.27
699 145 241
387 162 5 240 104.92
164 187 1053
388 52 9 287 280.18
872 245 155
389 25 224 287 151.33
243 542 1065
390 111 19 287 69.47
216 54 50
391 56 87 288 19.09
30 29 198
392 32 21 71 25.50
82 10 14
393 14 48 152 20.30
64 14 11
394 43 94 265 144.94
259 298 1168
395 9 2 147 85.54
146 134 800
396 25 71 278 22.66
44 122 45
397 65 122 288 281.75
896 167 141
398 31 58 191 56.17
82 101 603
399 2 45 287 10.53
18 74 12
400 58 145 288 900.86
2281 2354 1808
401 19 65 153 21.31
67 14 14
402 84 68 242 34.23
60 41 328
403 66 5 287 88.73
125 159 985
404 44 23 73 180.73
561 113 178
405 2 9 264 300.86
838 607 339
406 98 76 287 170.92
540 123 78
407 53 155 247 191.83
343 360 1596
408 19 1 87 7.46
8 71 14
409 71 120 287 20.95
39 39 164
410 4 229 281 43.32
84 253 57
411 1 35 190 31.42
51 228 44
412 66 146 278 347.85
806 1116 911
413 93 91 265 557.17
1710 617 282
414 15 201 287 550.13
1394 1360 1213
415 28 58 288 249.34
488 882 1158
416 15 70 241 46.13
146 24 33
417 7 16 263 1.80
3 3 17
418 179 85 287 18.08
28 37 176
419 31 58 260 413.60
727 1950 1768
420 91 61 287 113.34
231 607 153
421 76 82 284 9.83
18 59 18
422 191 51 288 208.30
265 1457 886
423 3 117 162 26.17
44 56 227
424 10 76 139 191.39
238 973 1401
425 111 111 263 78.94
251 38 53
426 101 37 269 632.98
1801 1309 400
427 14 233 287 1.14
2 2 10
428 121 1 163 15.98
27 108 27
429 39 175 288 1.69
2 16 2
430 4 0 258 56.45
182 20 31
431 43 76 275 125.45
391 94 89
432 24 205 287 237.98
341 1069 1638
433 7 26 251 101.96
134 215 1151
434 55 61 287 190.23
291 1074 851
435 23 183 245 452.71
1133 1286 847
436 11 176 276 61.50
197 35 23
437 56 37 244 187.35
194 1754 442
438 9 81 163 126.32
208 529 738
439 47 238 287 510.87
1160 1503 1708
440 56 30 252 208.77
620 299 149
441 211 19 270 213.93
655 203 170
442 19 119 284 164.12
207 381 1861
443 32 15 202 257.05
376 1885 620
444 12 56 228 137.06
443 49 67
445 3 22 99 226.12
640 444 202
446 7 45 288 44.73
51 420 71
447 55 2 205 16.28
25 22 177
448 3 257 285 371.57
1095 536 319
449 199 78 287 573.15
1729 815 230
450 163 74 288 176.53
377 352 1008
451 9 25 282 268.74
466 1226 1255
452 8 69 252 127.21
397 105 72
453 27 25 144 49.83
75 381 82
454 128 76 288 151.37
245 312 1397
455 115 66 284 31.12
46 44 348
456 237 4 251 480.49
1482 442 327
457 3 66 139 183.55
306 600 1299
458 3 153 173 326.73
1052 151 137
459 5 124 269 163.31
325 849 314
460 25 248 287 1.88
6 1 1
461 2 49 166 35.75
113 25 17
462 6 77 171 172.79
205 1337 646
463 88 111 287 224.07
696 155 195
464 10 168 285 312.61
659 1291 844
465 18 23 287 26.66
36 235 26
466 64 66 234 10.40
33 6 6
467 4 19 273 61.56
87 516 73
468 4 49 71 17.34
36 94 17
469 64 86 260 328.97
977 443 277
470 17 110 230 91.60
290 55 54
471 20 192 287 142.15
220 660 832
472 13 148 285 456.48
1117 1620 547
473 61 66 170 1.35
3 2 8
474 45 1 208 41.46
130 29 27
475 12 188 282 261.11
643 931 278
476 84 8 140 14.80
28 30 109
477 23 52 218 49.66
74 73 547
478 97 24 282 57.14
97 105 515
479 78 1 144 2.28
3 20 3
480 11 2 92 515.40
1647 293 221
481 12 114 286 398.06
1279 209 148
482 55 44 283 349.29
962 796 333
483 13 22 273 107.84
208 179 826
484 37 113 287 107.71
160 703 373
485 16 5 180 72.94
116 94 772
486 26 85 143 72.37
206 143 55
487 173 23 209 10.02
15 16 108
488 20 23 116 2.22
3 19 3
489 88 3 270 261.28
819 143 232
490 19 5 99 353.22
1061 426 288
491 85 69 219 52.41
81 79 554
492 27 7 287 564.70
1592 1275 299
493 6 4 270 15.33
22 37 153
494 25 79 239 644.76
1962 756 381
495 48 47 281 128.24
409 62 77
496 58 81 196 121.50
217 177 1089
497 28 47 146 7.67
12 59 9
498 76 58 204 47.40
89 58 411
499 9 260 286 38.84
67 45 382
500 29 210 288 353.65
646 1994 851
501 9 3 165 168.98
447 479 149
502 48 11 237 291.39
896 269 216
503 7 0 182 362.02
1111 328 293
504 70 2 269 387.89
1232 198 253
505 32 91 263 54.97
166 58 51
506 1 207 287 488.76
1098 1351 1847
507 38 16 135 437.05
1343 419 307
508 77 42 213 14.52
17 137 19
509 121 66 279 236.72
748 135 160
510 62 14 282 53.66
89 270 241
511 58 11 103 98.96
163 205 892
512 142 99 267 51.03
80 138 440
513 24 69 244 107.73
190 520 438
514 28 3 55 91.43
148 375 564
515 84 15 251 500.13
1408 1071 366
516 6 17 287 74.90
119 113 769
517 53 22 86 80.27
153 135 625
518 18 168 287 13.72
43 9 10
519 3 31 288 111.71
151 956 151
520 2 60 288 126.91
278 563 211
521 37 37 287 173.52
252 472 1632
522 4 39 220 4.52
7 6 49
523 40 98 250 208.53
651 146 156
524 20 190 287 261.37
454 697 1958
525 19 19 279 165.30
322 939 247
526 38 6 180 503.96
1597 308 278
527 184 37 256 311.51
967 235 246
528 2 20 55 199.00
336 1067 754
529 72 22 287 70.15
89 644 70
530 43 28 218 9.34
15 68 14
531 97 45 286 144.41
227 265 1429
532 12 1 22 176.04
307 1183 240
533 39 10 267 206.31
342 437 1830
534 10 103 275 133.10
169 252 1587
535 7 152 275 90.42
128 147 1022
536 11 0 252 57.44
104 101 479
537 44 198 287 123.59
193 294 1131
538 2 173 287 209.38
372 854 1067
539 121 95 233 199.27
301 910 1241
540 53 79 282 13.02
23 18 120
541 28 146 231 86.19
118 645 245
542 23 70 288 68.01
115 209 490
543 9 41 217 13.15
24 18 116
544 23 58 278 120.65
307 377 139
545 2 13 25 63.85
97 510 66
546 9 192 287 260.94
846 103 95
547 49 52 259 87.99
128 704 129
548 25 135 267 160.63
218 1348 251
549 75 67 285 24.31
40 42 232
550 6 46 287 94.99
136 159 1056
551 56 86 288 160.61
286 559 958
552 148 83 288 193.38
318 705 1290
553 2 68 288 301.68
951 202 175
554 47 52 192 231.32
727 130 187
555 44 79 220 100.29
200 140 762
556 92 90 277 178.11
551 173 96
557 42 29 146 131.88
405 118 107
558 20 1 138 275.34
841 236 271
559 16 0 197 220.42
343 1126 1123
560 12 8 256 116.68
377 47 50
561 29 95 267 225.07
702 150 184
562 13 216 276 87.08
102 791 159
563 28 2 273 20.40
29 45 212
564 40 48 275 276.97
858 263 150
565 77 12 269 167.63
327 601 774
566 2 89 237 108.18
339 81 64
567 34 76 286 144.31
464 56 81
568 51 111 264 6.43
11 12 57
569 63 142 270 228.83
493 1044 395
570 85 182 288 279.55
838 407 135
571 48 2 106 864.14
2248 1815 1979
572 99 32 203 292.59
608 1584 288
573 99 128 229 11.92
24 14 93
574 37 90 287 361.15
1153 171 214
575 7 251 287 119.21
367 121 69
576 24 195 287 417.87
1170 866 394
577 28 43 280 445.06
1219 1142 280
578 48 33 114 218.75
371 533 1777
579 108 56 245 67.21
81 615 100
580 35 63 228 118.03
374 73 64
581 65 35 214 35.86
52 68 382
582 61 4 206 57.74
122 77 396
583 198 4 287 556.20
1734 489 283
584 35 14 148 20.82
24 193 35
585 65 64 199 44.84
138 45 27
586 6 76 251 96.91
307 44 77
587 127 153 287 14.93
46 14 10
588 134 87 287 82.58
155 170 613
589 28 15 270 290.22
893 220 283
590 25 4 192 7.80
12 15 78
591 15 65 238 27.29
35 239 42
592 29 150 270 85.22
124 611 231
593 1 21 132 105.60
173 769 133
594 3 171 252 310.96
993 163 159
595 32 18 210 153.29
297 915 174
596 69 2 167 588.73
1368 1752 1720
597 69 3 90 76.07
242 46 36
598 106 81 283 549.39
1721 467 246
599 3 41 247 163.72
275 194 1656
600 18 233 286 513.45
1634 269 302
601 36 13 109 416.10
861 1924 928
602 61 52 183 57.48
178 47 43
603 15 139 272 159.91
266 710 855
604 83 26 285 185.62
337 674 1020
605 47 205 281 11.69
35 13 12
606 18 0 267 50.13
69 403 98
607 15 3 165 226.86
711 153 159
608 87 47 206 174.75
541 136 142
609 97 38 265 49.81
71 420 51
610 43 75 220 506.83
1292 1660 453
611 14 44 275 76.97
167 381 80
612 5 102 280 412.80
1192 784 243
613 64 1 100 168.98
546 69 71
614 5 115 287 266.21
834 196 164
615 12 65 288 446.81
1185 1145 555
616 44 2 282 33.13
45 71 362
617 149 15 288 9.32
12 15 114
618 41 106 284 88.94
132 199 881
619 74 55 277 61.58
97 103 623
620 16 28 115 74.46
128 176 601
621 26 0 144 181.56
577 94 114
622 2 94 288 239.89
308 1297 1572
623 16 0 180 18.14
57 10 15
624 48 95 288 98.77
166 258 787
625 18 13 236 167.10
222 808 1186
626 86 139 284 145.22
367 491 129
627 59 225 288 292.49
909 231 208
628 105 89 265 84.35
108 740 129
629 44 120 175 22.18
34 49 213
630 108 80 288 24.63
78 15 14
631 23 0 178 44.23
80 68 384
632 157 13 288 103.21
319 92 70
633 124 49 258 254.94
443 1309 965
634 37 117 265 52.89
161 48 52
635 18 18 147 218.51
403 786 1168
636 80 193 287 220.82
411 1381 274
637 1 0 184 201.37
378 515 1344
638 49 99 288 26.38
39 60 261
639 31 123 263 78.45
253 35 32
640 38 19 204 416.56
1105 1052 539
641 53 104 273 44.61
66 224 257
642 44 60 273 80.04
133 166 713
643 9 6 270 244.90
375 906 1808
644 36 60 205 187.60
598 118 74
645 40 119 281 171.14
326 1009 252
646 12 36 288 287.05
892 172 287
647 56 90 169 2.88
9 2 2
648 2 19 175 66.00
116 240 389
649 94 4 220 80.65
123 613 127
650 85 195 287 108.96
149 942 121
651 192 11 287 80.67
184 334 119
652 48 21 231 284.96
912 117 180
653 95 135 271 172.85
534 166 101
654 2 69 143 125.89
368 215 79
655 24 107 257 133.95
202 1030 209
656 25 75 154 23.45
37 35 243
657 25 0 205 321.11
492 1949 1227
658 52 61 275 0.93
2 2 5
659 18 3 110 60.12
147 230 48
660 75 153 274 64.33
86 535 117
661 10 23 159 90.91
152 262 693
662 58 0 274 123.95
189 625 671
663 64 0 261 327.47
1051 118 211
664 126 129 287 130.44
408 86 100
665 111 9 228 221.49
372 1341 623
666 18 49 130 72.62
106 563 131
667 9 18 217 574.48
1741 720 320
668 54 169 255 97.90
181 147 828
669 46 3 222 400.92
1275 240 197
670 105 8 195 43.49
63 79 469
671 10 137 264 38.77
62 290 48
672 29 48 284 83.80
268 50 31
673 114 25 274 85.37
165 92 726
674 30 9 134 186.99
215 1775 255
675 91 5 269 51.22
91 65 477
676 32 195 288 65.39
204 47 48
677 17 60 174 69.45
107 261 502
678 21 73 264 53.13
77 311 251
679 10 4 74 155.83
362 671 145
680 33 96 287 66.47
215 28 25
681 47 41 245 52.11
80 407 62
682 54 0 223 163.36
321 979 148
683 56 15 205 94.61
141 123 1066
684 72 95 272 188.75
350 1180 244
685 1 45 187 371.19
995 888 482
686 27 135 200 237.05
694 427 108
687 25 48 273 189.51
575 230 112
688 46 8 201 136.32
176 230 1647
689 46 4 189 409.67
1187 682 357
690 2 28 205 260.01
353 1295 1736
691 105 113 272 85.41
112 632 288
692 18 106 256 303.54
630 1402 666
693 61 12 89 255.97
374 1922 553
694 76 159 288 135.89
265 240 999
695 57 12 132 6.28
11 15 49
696 21 2 276 433.22
1399 186 174
697 117 21 280 194.50
621 98 106
698 88 32 191 53.30
170 29 27
699 119 54 275 109.45
352 57 39
700 192 93 288 8.29
26 6 5
701 85 23 223 107.80
173 777 173
702 17 157 209 63.95
102 77 683
703 36 50 128 67.40
97 156 681
704 4 3 39 225.72
715 155 101
705 4 6 62 111.46
350 82 63
706 106 8 230 1.59
3 3 12
707 29 212 287 109.53
297 295 69
708 2 102 288 26.81
50 56 200
709 67 99 281 39.20
125 18 25
710 70 139 218 51.71
157 50 49
711 69 89 288 444.38
1426 190 243
712 19 123 193 121.69
383 92 59
713 28 169 287 256.16
486 1043 1092
714 1 141 273 61.99
98 84 654
715 18 3 266 277.50
626 1286 252
716 66 47 255 72.47
232 36 36
717 62 35 188 69.09
107 112 717
718 43 26 285 147.94
476 72 59
719 112 72 201 51.58
81 114 482
720 43 96 287 108.39
156 887 141
721 136 45 229 330.07
1019 235 321
722 62 15 228 188.54
262 1254 744
723 72 133 288 2.28
7 2 2
724 38 241 287 203.78
574 439 143
725 72 120 288 148.52
234 1135 172
726 121 69 286 124.48
181 174 1416
727 12 166 287 20.44
64 13 16
728 15 41 287 4.19
7 8 38
729 52 33 274 220.54
361 920 1309
730 20 192 287 66.53
81 511 240
731 12 44 255 223.52
643 373 226
732 84 87 231 77.67
135 120 712
733 51 49 243 395.00
701 1824 1699
734 29 179 266 114.18
213 155 977
735 23 4 169 369.23
1012 841 387
736 52 58 288 231.68
733 161 107
737 17 91 239 206.89
403 638 1115
738 27 108 218 144.86
456 98 87
739 41 119 269 145.66
215 1104 284
740 133 139 287 148.43
229 543 1093
741 33 5 75 171.18
290 935 616
742 80 26 177 26.11
83 17 11
743 43 147 282 270.46
856 135 202
744 1 41 199 226.69
376 1631 283
745 9 50 193 12.37
22 77 23
746 22 62 184 39.36
63 292 52
747 25 16 282 263.92
844 146 115
748 12 0 196 511.76
1317 1679 366
749 25 124 272 51.54
163 34 27
750 15 1 161 48.07
153 30 21
751 52 45 284 64.44
103 390 218
752 59 30 274 33.87
48 274 54
753 10 29 286 293.99
580 1402 790
754 175 12 288 23.32
39 53 199
755 144 6 176 37.69
51 323 50
756 75 165 287 371.78
1188 214 156
757 141 8 169 59.34
190 35 21
758 50 60 232 438.36
1340 449 314
759 29 10 67 263.86
337 1629 1438
760 15 13 216 31.63
39 294 34
761 2 64 203 66.68
208 44 55
762 89 36 287 266.23
845 163 137
763 144 32 287 10.23
21 14 74
764 21 185 288 348.87
824 1354 452
765 14 6 191 75.75
119 151 732
766 4 0 276 604.72
1618 1440 816
767 185 52 278 80.31
108 157 908
768 10 25 128 44.37
63 377 43
769 29 199 287 58.71
143 215 65
770 33 6 237 18.27
34 26 155
771 27 150 247 4.38
13 5 5
772 192 43 288 300.18
968 119 145
773 68 67 286 330.83
1049 215 159
774 27 60 257 103.32
132 901 168
775 71 22 235 353.31
688 1518 1263
776 8 0 204 129.93
382 202 96
777 133 14 223 292.74
933 153 163
778 79 73 287 123.82
198 531 746
779 133 4 190 20.13
41 38 132
780 47 75 262 160.76
186 1484 274
781 13 0 161 360.28
1157 186 143
782 106 120 287 274.62
890 104 109
783 13 60 135 70.19
107 100 761
784 82 125 277 271.98
505 1363 853
785 98 3 187 132.81
215 460 946
786 19 128 288 6.98
13 16 50
787 129 14 286 75.18
125 420 273
788 6 217 269 124.99
244 134 1047
789 13 13 287 140.06
445 87 67
790 6 0 245 180.73
430 741 153
791 33 2 237 259.95
445 962 1590
792 43 29 246 263.06
609 1109 295
793 75 165 257 49.13
59 458 62
794 7 4 20 101.54
179 175 886
795 47 35 189 728.62
1887 1917 1148
796 13 9 195 17.04
29 16 176
797 54 53 228 467.11
1488 243 267
798 58 155 288 1.18
2 2 11
799 12 1 256 311.93
968 287 171
800 79 36 245 4.82
8 8 46
801 64 1 207 22.94
34 183 30
802 3 80 264 112.81
216 186 877
803 102 40 287 10.04
31 9 7
804 7 48 121 13.68
25 31 102
805 12 24 271 46.47
76 324 81
806 16 48 191 63.04
130 112 413
807 34 40 223 74.99
81 659 218
808 67 47 231 123.51
383 116 66
809 39 1 267 100.93
179 156 900
810 6 133 288 28.62
54 168 47
811 56 14 247 246.33
768 180 180
812 155 4 288 47.33
79 295 124
813 16 13 184 264.35
843 130 156
814 52 1 254 364.83
1183 135 145
815 164 48 288 33.44
55 42 343
816 106 15 182 336.16
1002 455 254
817 52 210 288 167.71
518 135 138
818 8 0 223 173.52
198 1220 888
819 14 1 287 17.44
30 23 168
820 49 104 277 92.26
118 248 984
821 11 59 278 108.64
155 931 88
822 33 5 112 82.66
150 308 443
823 124 145 285 290.69
598 1132 991
824 90 34 276 457.85
1439 351 229
825 74 97 272 123.57
395 67 57
826 22 17 222 666.72
1738 1861 811
827 8 177 278 332.17
534 1550 1793
828 69 94 285 23.32
35 55 224
829 25 53 183 352.78
1125 157 233
830 85 69 164 119.81
314 329 142
831 87 163 254 153.82
251 416 1257
832 69 34 281 11.04
35 6 7
833 12 37 148 24.33
40 35 243
834 27 7 95 422.29
1187 949 255
835 127 135 288 37.63
65 60 345
836 54 0 231 359.46
608 1471 2039
837 43 0 76 178.83
238 747 1443
838 18 19 126 134.08
427 70 77
839 227 6 287 53.85
173 25 25
840 35 160 286 11.75
23 20 87
841 48 2 207 124.82
397 74 62
842 28 21 239 1.92
4 3 13
843 3 71 159 33.36
66 56 243
844 18 2 93 211.45
343 1448 428
845 1 220 287 75.13
215 146 53
846 67 206 287 0.97
2 2 6
847 2 226 288 45.73
80 293 82
848 58 169 288 179.23
562 132 107
849 5 77 251 192.13
336 1204 386
850 105 62 207 483.73
992 1707 1936
851 175 3 210 156.46
305 831 319
852 45 86 287 165.58
505 136 177
853 13 72 281 106.19
136 405 952
854 88 127 260 55.71
173 45 39
855 20 109 288 649.56
1706 1735 818
856 4 78 280 6.89
12 12 61
857 74 107 261 208.70
337 494 1836
858 6 85 278 156.93
227 1141 411
859 5 83 187 180.33
213 518 1997
860 60 9 269 254.30
424 845 1779
861 47 27 159 245.93
785 115 149
862 64 103 287 72.15
87 649 124
863 51 3 253 314.41
951 422 146
864 144 43 269 45.71
81 106 355
865 10 195 242 11.94
21 21 104
866 20 221 287 142.85
435 167 83
867 43 141 282 72.28
98 105 866
868 2 55 108 1.37
2 11 2
869 30 143 221 53.95
174 20 28
870 30 9 46 273.67
867 183 129
871 152 21 265 126.02
200 273 1171
872 14 35 86 295.74
940 195 122
873 39 44 163 11.44
18 79 26
874 90 29 266 34.44
52 95 308
875 42 5 94 163.48
481 247 129
876 54 61 264 118.75
207 491 623
877 99 1 192 151.05
246 525 1063
878 14 82 273 2.01
3 3 22
879 60 169 287 12.64
39 10 11
880 63 131 253 168.20
244 1298 323
881 65 24 231 127.52
406 58 87
882 77 35 274 104.90
156 226 1050
883 101 1 233 6.43
13 8 49
884 28 55 146 60.51
104 94 562
885 174 14 287 1.63
2 15 2
886 14 19 95 53.40
99 332 72
887 32 33 223 102.24
150 832 120
888 22 3 232 378.25
1214 194 157
889 7 201 237 44.59
69 109 408
890 124 48 276 170.18
544 98 70
891 65 92 287 63.82
77 127 780
892 30 15 159 207.98
465 972 206
893 91 46 211 189.30
595 132 114
894 35 73 288 88.62
151 580 169
895 33 151 212 301.55
697 1346 234
896 21 49 267 119.87
212 208 1039
897 98 25 271 133.82
245 338 943
898 32 130 284 127.88
406 79 64
899 25 108 182 227.29
722 117 146
900 9 3 160 98.86
144 582 457
901 13 24 50 339.33
1085 161 189
902 22 110 236 123.04
202 154 1265
903 98 26 167 183.71
304 392 1629
904 75 0 259 223.76
290 1650 787
905 25 5 258 134.18
424 79 87
906 202 65 288 162.15
514 92 99
907 11 48 287 574.89
1723 845 268
908 40 142 279 592.12
1674 1240 426
909 6 164 288 109.19
179 649 356
910 25 147 288 322.12
1018 205 185
911 98 71 287 58.98
182 48 49
912 3 111 208 179.57
277 948 886
913 38 2 214 53.57
172 26 24
914 12 61 147 265.21
575 1299 299
915 8 115 287 120.84
382 78 67
916 20 163 223 170.35
302 604 1009
917 10 83 281 25.69
80 19 19
918 30 29 140 58.58
91 171 492
919 62 162 288 99.91
123 454 821
920 27 129 287 328.66
583 1182 1919
921 4 5 146 186.70
269 1055 950
922 9 3 97 168.32
273 292 1632
923 62 59 178 11.90
20 19 113
924 118 68 284 5.81
18 5 4
925 22 9 241 137.71
327 502 215
926 2 41 270 225.95
483 1202 160
927 29 82 159 183.40
243 1089 1003
928 51 1 213 460.49
973 1236 2226
929 119 27 163 97.65
195 123 760
930 69 35 267 9.77
14 82 10
931 23 9 64 64.80
208 35 24
932 102 10 148 55.83
168 59 56
933 5 0 60 218.98
320 792 1751
934 90 58 212 187.77
585 136 142
935 30 5 64 52.05
67 98 615
936 6 192 287 269.78
687 851 295
937 32 41 288 104.33
326 73 76
938 1 2 42 572.81
1575 1363 478
939 5 2 130 58.84
68 553 86
940 14 186 288 222.15
406 1038 855
941 11 20 112 737.06
2043 1452 953
942 54 174 288 72.47
128 136 614
943 3 4 170 103.53
139 791 289
944 4 180 224 132.11
237 245 1098
945 54 22 169 41.92
56 355 67
946 23 31 127 67.36
90 360 423
947 31 3 265 486.71
1432 746 368
948 28 96 287 134.18
201 1053 187
949 119 10 273 422.73
1253 614 306
950 12 116 287 321.26
705 1308 701
951 105 99 288 306.95
980 163 155
952 11 3 226 137.94
424 95 152
953 6 23 245 181.54
245 917 1203
954 47 53 208 121.62
388 63 66
955 51 18 261 80.40
108 653 166
956 175 94 288 33.78
109 16 12
957 12 1 45 368.30
809 1553 718
958 51 108 253 170.50
332 383 1134
959 32 51 287 572.16
1793 490 246
960 1 0 68 545.94
1538 1106 487
961 4 137 287 263.04
818 220 165
962 42 81 240 375.51
1004 970 398
963 13 51 224 242.15
614 774 268
964 10 124 286 231.68
404 1219 823
965 210 7 255 222.87
292 1198 1430
966 13 55 166 15.54
20 139 19
967 6 46 257 176.97
558 89 146
968 108 31 236 46.09
58 284 258
969 9 5 46 34.86
60 219 76
970 83 22 286 99.05
157 191 957
971 57 230 288 111.67
346 96 75
972 30 16 182 292.40
488 1915 627
973 42 19 204 17.65
22 155 31
974 153 49 277 95.90
106 908 164
975 16 226 287 507.64
1357 1268 605
976 12 174 287 1.29
4 1 1
977 16 103 288 99.74
313 62 75
978 34 15 139 71.25
123 466 125
979 15 32 250 132.57
236 909 120
980 19 43 246 27.40
86 18 19
981 77 5 153 71.14
115 521 96
982 15 1 194 125.75
229 812 153
983 29 6 266 20.72
40 26 171
984 73 42 245 266.74
822 283 130
985 134 39 266 252.76
693 634 176
986 193 14 280 35.28
61 231 61
987 60 42 277 34.71
111 20 14
988 43 100 288 101.22
197 152 787
989 71 12 287 488.69
1242 1330 869
990 6 60 287 703.25
1633 2315 1729
991 44 42 282 280.60
497 1595 765
992 58 6 247 275.36
843 253 232
993 74 169 287 61.39
95 472 79
994 40 78 287 128.88
175 260 1433
995 120 127 273 71.96
94 134 843
996 4 164 272 40.27
55 65 470
997 56 1 244 74.27
130 97 701
998 22 135 266 205.28
649 152 84
999 28 89 278 51.65
76 387 109
