288
0 0.06329
1 0.06329
2 0.06329
3 0.06329
4 0.06329
5 0.06329
6 0.06217
7 0.06217
8 0.06217
9 0.06217
10 0.06217
11 0.06217
12 0.06217
13 0.06217
14 0.06217
15 0.06217
16 0.06217
17 0.06217
18 0.06309
19 0.06309
20 0.06309
21 0.06309
22 0.06309
23 0.06309
24 0.06126
25 0.06126
26 0.06126
27 0.06126
28 0.06126
29 0.06126
30 0.06126
31 0.06126
32 0.06126
33 0.06126
34 0.06126
35 0.06126
36 0.06126
37 0.06126
38 0.06126
39 0.06126
40 0.06126
41 0.06126
42 0.06126
43 0.06126
44 0.06126
45 0.06126
46 0.06126
47 0.06126
48 0.06309
49 0.06309
50 0.06309
51 0.06309
52 0.06309
53 0.06309
54 0.06329
55 0.06329
56 0.06329
57 0.06329
58 0.06329
59 0.06329
60 0.06329
61 0.06329
62 0.06329
63 0.06329
64 0.06329
65 0.06329
66 0.06329
67 0.06329
68 0.06329
69 0.06329
70 0.06329
71 0.06329
72 0.03099
73 0.03099
74 0.03099
75 0.03099
76 0.03099
77 0.03099
78 0.04193
79 0.04193
80 0.04193
81 0.04193
82 0.04193
83 0.04193
84 0.04501
85 0.04501
86 0.04501
87 0.04501
88 0.04501
89 0.04501
90 0.06209
91 0.06209
92 0.06209
93 0.06209
94 0.06209
95 0.06209
96 0.06303
97 0.06303
98 0.06303
99 0.06303
100 0.06303
101 0.06303
102 0.04914
103 0.04914
104 0.04914
105 0.04914
106 0.04914
107 0.04914
108 0.04914
109 0.04914
110 0.04914
111 0.04914
112 0.04914
113 0.04914
114 0.04999
115 0.04999
116 0.04999
117 0.04999
118 0.04999
119 0.04999
120 0.05026
121 0.05026
122 0.05026
123 0.05026
124 0.05026
125 0.05026
126 0.04914
127 0.04914
128 0.04914
129 0.04914
130 0.04914
131 0.04914
132 0.04914
133 0.04914
134 0.04914
135 0.04914
136 0.04914
137 0.04914
138 0.04946
139 0.04946
140 0.04946
141 0.04946
142 0.04946
143 0.04946
144 0.05053
145 0.05053
146 0.05053
147 0.05053
148 0.05053
149 0.05053
150 0.05053
151 0.05053
152 0.05053
153 0.05053
154 0.05053
155 0.05053
156 0.05892
157 0.05892
158 0.05892
159 0.05892
160 0.05892
161 0.05892
162 0.05053
163 0.05053
164 0.05053
165 0.05053
166 0.05053
167 0.05053
168 0.05053
169 0.05053
170 0.05053
171 0.05053
172 0.05053
173 0.05053
174 0.05053
175 0.05053
176 0.05053
177 0.05053
178 0.05053
179 0.05053
180 0.05892
181 0.05892
182 0.05892
183 0.05892
184 0.05892
185 0.05892
186 0.05500
187 0.05500
188 0.05500
189 0.05500
190 0.05500
191 0.05500
192 0.05892
193 0.05892
194 0.05892
195 0.05892
196 0.05892
197 0.05892
198 0.05892
199 0.05892
200 0.05892
201 0.05892
202 0.05892
203 0.05892
204 0.18188
205 0.18188
206 0.18188
207 0.18188
208 0.18188
209 0.18188
210 0.28862
211 0.28862
212 0.28862
213 0.28862
214 0.28862
215 0.28862
216 0.21940
217 0.21940
218 0.21940
219 0.21940
220 0.21940
221 0.21940
222 0.12040
223 0.12040
224 0.12040
225 0.12040
226 0.12040
227 0.12040
228 0.12040
229 0.12040
230 0.12040
231 0.12040
232 0.12040
233 0.12040
234 0.05892
235 0.05892
236 0.05892
237 0.05892
238 0.05892
239 0.05892
240 0.05892
241 0.05892
242 0.05892
243 0.05892
244 0.05892
245 0.05892
246 0.05500
247 0.05500
248 0.05500
249 0.05500
250 0.05500
251 0.05500
252 0.05500
253 0.05500
254 0.05500
255 0.05500
256 0.05500
257 0.05500
258 0.05053
259 0.05053
260 0.05053
261 0.05053
262 0.05053
263 0.05053
264 0.04946
265 0.04946
266 0.04946
267 0.04946
268 0.04946
269 0.04946
270 0.04893
271 0.04893
272 0.04893
273 0.04893
274 0.04893
275 0.04893
276 0.04900
277 0.04900
278 0.04900
279 0.04900
280 0.04900
281 0.04900
282 0.04898
283 0.04898
284 0.04898
285 0.04898
286 0.04898
287 0.04898
