5
1
10
0 130 0.0 0.1
5550
1 150 0.1 0.1
5404
2 130 0.0 0.1
5336
3 120 0.1 0.1
5489
4 130 0.0 0.1
5549
5 120 0.1 0.1
5660
6 190 0.1 0.0
5398
7 170 0.1 0.1
5436
8 170 0.1 0.1
5407
9 130 0.0 0.1
5597
200
0 57 0 134 365.27
2002
1 101 4 206 119.32
654
2 25 1 248 314.18
1722
3 23 163 252 73.89
405
4 65 112 276 122.61
672
5 6 69 223 212.19
1163
6 180 72 256 219.67
1204
7 95 3 115 479.12
2626
8 22 177 201 267.11
1464
9 40 186 240 26.09
143
10 7 145 204 8.03
44
11 7 6 262 68.24
374
12 149 21 195 107.65
590
13 48 95 240 52.36
287
14 3 0 55 52.55
288
15 6 127 238 211.65
1160
16 46 133 206 224.24
1229
17 185 39 287 224.60
1231
18 11 0 229 64.95
356
19 69 132 232 588.96
3228
20 9 68 194 458.87
2515
21 30 0 250 127.53
699
22 17 4 188 450.29
2468
23 18 221 288 55.47
304
24 67 115 287 245.03
1343
25 42 28 137 283.90
1556
26 177 19 209 353.96
1940
27 54 228 288 553.20
3032
28 13 254 287 44.34
243
29 94 0 193 64.59
354
30 60 28 232 112.57
617
31 16 122 204 393.55
2157
32 127 39 269 42.88
235
33 56 0 190 133.19
730
34 66 31 261 137.02
751
35 74 55 287 13.50
74
36 15 196 287 698.25
3827
37 4 107 163 66.96
367
38 66 9 252 351.59
1927
39 61 42 252 44.70
245
40 14 228 275 243.21
1333
41 6 12 255 246.68
1352
42 106 37 240 108.92
597
43 29 0 265 219.49
1203
44 152 86 280 88.67
486
45 7 17 241 55.83
306
46 137 0 193 205.08
1124
47 38 74 183 189.20
1037
48 147 78 287 452.12
2478
49 25 47 288 307.98
1688
50 75 0 155 103.63
568
51 90 13 205 274.96
1507
52 216 11 274 227.70
1248
53 64 24 244 132.28
725
54 62 163 272 99.25
544
55 137 31 190 143.59
787
56 9 107 259 106.55
584
57 93 23 210 121.88
668
58 8 160 259 25.73
141
59 8 85 236 105.28
577
60 70 111 279 24.63
135
61 14 239 287 140.67
771
62 44 191 288 197.41
1082
63 35 97 234 161.11
883
64 1 5 36 427.85
2345
65 67 12 237 93.96
515
66 62 67 234 522.36
2863
67 44 118 269 66.96
367
68 29 74 267 267.66
1467
69 93 5 285 241.39
1323
70 50 0 130 537.14
2944
71 21 0 201 103.63
568
72 50 38 288 26.09
143
73 4 88 227 7.12
39
74 133 14 215 84.29
462
75 118 9 275 321.67
1763
76 10 0 95 395.56
2168
77 119 49 226 259.08
1420
78 189 39 259 177.34
972
79 140 15 288 128.08
702
80 5 236 287 73.16
401
81 12 16 53 139.94
767
82 8 91 231 41.42
227
83 27 3 231 214.20
1174
84 59 62 187 264.37
1449
85 9 110 275 22.62
124
86 59 1 135 273.32
1498
87 53 146 279 173.15
949
88 46 76 287 69.70
382
89 58 1 172 284.81
1561
90 36 79 129 96.34
528
91 15 7 156 616.33
3378
92 41 35 206 348.12
1908
93 119 152 288 174.61
957
94 92 2 261 25.91
142
95 61 95 282 42.33
232
96 76 45 288 383.88
2104
97 63 6 275 147.06
806
98 17 78 258 97.43
534
99 5 34 280 29.01
159
100 38 12 133 19.89
109
101 138 3 184 14.41
79
102 77 174 287 579.11
3174
103 4 72 277 93.05
510
104 101 50 275 82.47
452
105 82 85 271 182.64
1001
106 66 132 284 169.50
929
107 118 1 287 53.28
292
108 25 30 225 444.64
2437
109 138 8 279 123.89
679
110 25 1 186 271.31
1487
111 214 50 271 53.09
291
112 11 0 35 558.12
3059
113 39 89 227 320.94
1759
114 60 19 275 18.79
103
115 50 1 112 70.24
385
116 7 83 197 53.09
291
117 12 17 246 615.23
3372
118 24 55 269 326.41
1789
119 13 16 288 114.58
628
120 46 54 169 420.19
2303
121 43 59 243 81.56
447
122 42 19 269 465.44
2551
123 129 61 288 120.78
662
124 18 0 130 120.97
663
125 31 2 185 149.98
822
126 85 28 159 448.29
2457
127 119 14 287 296.67
1626
128 31 176 288 290.28
1591
129 15 4 64 2.92
16
130 61 62 267 68.06
373
131 9 104 284 13.50
74
132 3 96 238 124.25
681
133 51 1 98 137.39
753
134 5 85 288 406.69
2229
135 60 4 278 41.78
229
136 60 167 259 257.44
1411
137 12 43 211 41.23
226
138 51 138 287 152.71
837
139 10 1 81 2.92
16
140 62 10 245 44.52
244
141 40 100 279 167.86
920
142 14 4 287 610.31
3345
143 93 38 276 63.49
348
144 149 17 277 41.96
230
145 4 42 189 100.35
550
146 78 78 271 273.13
1497
147 97 68 288 278.79
1528
148 66 165 272 252.70
1385
149 31 21 209 210.37
1153
150 43 49 203 100.71
552
151 48 90 288 194.68
1067
152 42 97 280 617.60
3385
153 9 120 278 175.16
960
154 87 37 280 200.52
1099
155 43 27 142 135.75
744
156 48 7 98 592.43
3247
157 213 30 287 68.60
376
158 18 1 29 556.12
3048
159 103 109 287 122.43
671
160 125 6 278 266.93
1463
161 71 87 248 750.43
4113
162 30 55 282 319.66
1752
163 60 1 174 462.52
2535
164 153 62 288 93.60
513
165 90 164 274 233.36
1279
166 68 102 228 6.93
38
167 25 129 288 178.99
981
168 60 138 280 141.40
775
169 138 2 250 104.73
574
170 10 0 34 207.81
1139
171 17 67 278 178.07
976
172 28 180 280 300.32
1646
173 13 11 276 482.04
2642
174 20 11 229 135.93
745
175 19 122 287 221.68
1215
176 131 53 210 238.10
1305
177 99 0 220 133.01
729
178 3 0 262 394.65
2163
179 25 30 283 222.78
1221
180 233 2 287 213.11
1168
181 21 0 259 193.04
1058
182 9 183 259 229.89
1260
183 24 125 220 92.50
507
184 165 40 286 177.34
972
185 238 26 287 216.39
1186
186 3 44 193 169.50
929
187 147 84 275 102.54
562
188 76 5 257 432.23
2369
189 110 119 288 7.48
41
190 54 72 216 38.86
213
191 37 89 234 433.33
2375
192 55 3 154 172.42
945
193 14 76 288 428.77
2350
194 71 11 242 56.56
310
195 50 72 287 193.77
1062
196 25 235 287 292.84
1605
197 39 29 285 113.49
622
198 9 75 257 46.16
253
199 23 132 282 106.01
581
