288
0 0.04789
1 0.04789
2 0.04789
3 0.04789
4 0.04789
5 0.04789
6 0.04664
7 0.04664
8 0.04664
9 0.04664
10 0.04664
11 0.04664
12 0.04667
13 0.04667
14 0.04667
15 0.04667
16 0.04667
17 0.04667
18 0.04667
19 0.04667
20 0.04667
21 0.04667
22 0.04667
23 0.04667
24 0.04664
25 0.04664
26 0.04664
27 0.04664
28 0.04664
29 0.04664
30 0.04664
31 0.04664
32 0.04664
33 0.04664
34 0.04664
35 0.04664
36 0.04664
37 0.04664
38 0.04664
39 0.04664
40 0.04664
41 0.04664
42 0.04664
43 0.04664
44 0.04664
45 0.04664
46 0.04664
47 0.04664
48 0.04664
49 0.04664
50 0.04664
51 0.04664
52 0.04664
53 0.04664
54 0.04664
55 0.04664
56 0.04664
57 0.04664
58 0.04664
59 0.04664
60 0.04664
61 0.04664
62 0.04664
63 0.04664
64 0.04664
65 0.04664
66 0.04667
67 0.04667
68 0.04667
69 0.04667
70 0.04667
71 0.04667
72 0.04473
73 0.04473
74 0.04473
75 0.04473
76 0.04473
77 0.04473
78 0.04489
79 0.04489
80 0.04489
81 0.04489
82 0.04489
83 0.04489
84 0.04667
85 0.04667
86 0.04667
87 0.04667
88 0.04667
89 0.04667
90 0.04881
91 0.04881
92 0.04881
93 0.04881
94 0.04881
95 0.04881
96 0.08835
97 0.08835
98 0.08835
99 0.08835
100 0.08835
101 0.08835
102 0.09050
103 0.09050
104 0.09050
105 0.09050
106 0.09050
107 0.09050
108 0.09050
109 0.09050
110 0.09050
111 0.09050
112 0.09050
113 0.09050
114 0.09050
115 0.09050
116 0.09050
117 0.09050
118 0.09050
119 0.09050
120 0.09050
121 0.09050
122 0.09050
123 0.09050
124 0.09050
125 0.09050
126 0.09050
127 0.09050
128 0.09050
129 0.09050
130 0.09050
131 0.09050
132 0.08860
133 0.08860
134 0.08860
135 0.08860
136 0.08860
137 0.08860
138 0.08835
139 0.08835
140 0.08835
141 0.08835
142 0.08835
143 0.08835
144 0.08835
145 0.08835
146 0.08835
147 0.08835
148 0.08835
149 0.08835
150 0.08658
151 0.08658
152 0.08658
153 0.08658
154 0.08658
155 0.08658
156 0.08658
157 0.08658
158 0.08658
159 0.08658
160 0.08658
161 0.08658
162 0.08641
163 0.08641
164 0.08641
165 0.08641
166 0.08641
167 0.08641
168 0.08640
169 0.08640
170 0.08640
171 0.08640
172 0.08640
173 0.08640
174 0.08640
175 0.08640
176 0.08640
177 0.08640
178 0.08640
179 0.08640
180 0.08640
181 0.08640
182 0.08640
183 0.08640
184 0.08640
185 0.08640
186 0.08640
187 0.08640
188 0.08640
189 0.08640
190 0.08640
191 0.08640
192 0.08640
193 0.08640
194 0.08640
195 0.08640
196 0.08640
197 0.08640
198 0.08658
199 0.08658
200 0.08658
201 0.08658
202 0.08658
203 0.08658
204 0.08658
205 0.08658
206 0.08658
207 0.08658
208 0.08658
209 0.08658
210 0.08658
211 0.08658
212 0.08658
213 0.08658
214 0.08658
215 0.08658
216 0.09050
217 0.09050
218 0.09050
219 0.09050
220 0.09050
221 0.09050
222 0.10117
223 0.10117
224 0.10117
225 0.10117
226 0.10117
227 0.10117
228 0.09050
229 0.09050
230 0.09050
231 0.09050
232 0.09050
233 0.09050
234 0.09050
235 0.09050
236 0.09050
237 0.09050
238 0.09050
239 0.09050
240 0.08658
241 0.08658
242 0.08658
243 0.08658
244 0.08658
245 0.08658
246 0.04489
247 0.04489
248 0.04489
249 0.04489
250 0.04489
251 0.04489
252 0.04489
253 0.04489
254 0.04489
255 0.04489
256 0.04489
257 0.04489
258 0.04489
259 0.04489
260 0.04489
261 0.04489
262 0.04489
263 0.04489
264 0.04359
265 0.04359
266 0.04359
267 0.04359
268 0.04359
269 0.04359
270 0.03417
271 0.03417
272 0.03417
273 0.03417
274 0.03417
275 0.03417
276 0.03692
277 0.03692
278 0.03692
279 0.03692
280 0.03692
281 0.03692
282 0.04359
283 0.04359
284 0.04359
285 0.04359
286 0.04359
287 0.04359
