5
4
80
0 170 0.1 0.1
2108 2082 2045 2124
1 190 0.1 0.0
2178 2118 2082 2144
2 170 0.1 0.1
2134 2116 2059 2150
3 120 0.1 0.1
2119 2077 2047 2114
4 120 0.1 0.1
2138 2140 2164 2184
5 190 0.1 0.0
2080 2093 2130 2225
6 130 0.0 0.1
2101 2120 2106 2087
7 170 0.1 0.1
2083 2056 2135 2182
8 150 0.1 0.1
2082 2093 2116 2100
9 120 0.1 0.1
2177 2064 2177 2160
10 190 0.1 0.0
2185 2161 2102 2144
11 150 0.1 0.1
2100 2119 2067 2155
12 120 0.1 0.1
2069 2236 2101 2186
13 130 0.0 0.1
2114 2148 2107 2200
14 150 0.1 0.1
2192 2117 2167 2182
15 120 0.1 0.1
2158 2110 2160 2094
16 150 0.1 0.1
2198 2077 2158 2175
17 130 0.0 0.1
2076 2093 2124 2104
18 120 0.1 0.1
2135 2110 2198 2191
19 190 0.1 0.0
2076 2123 2134 2094
20 150 0.1 0.1
2133 2140 2109 2136
21 170 0.1 0.1
2059 2108 2121 2156
22 120 0.1 0.1
2117 2111 2058 2149
23 130 0.0 0.1
2069 2218 2166 2103
24 170 0.1 0.1
2175 2026 2097 2094
25 190 0.1 0.0
2203 2139 2165 2198
26 190 0.1 0.0
2167 2113 2163 2181
27 120 0.1 0.1
2125 2116 2093 2126
28 190 0.1 0.0
2137 2140 2170 2092
29 190 0.1 0.0
2078 2123 2136 2062
30 190 0.1 0.0
2088 2180 2146 2169
31 170 0.1 0.1
2162 2122 2144 2210
32 190 0.1 0.0
2158 2133 2122 2142
33 170 0.1 0.1
2127 2132 2014 2130
34 170 0.1 0.1
2077 2145 2237 2095
35 120 0.1 0.1
2054 2226 2140 2050
36 170 0.1 0.1
2141 2167 2155 2218
37 120 0.1 0.1
2151 2125 2048 2186
38 170 0.1 0.1
2068 2159 2098 2221
39 130 0.0 0.1
2074 2020 2120 2120
40 170 0.1 0.1
2154 2082 2128 2143
41 170 0.1 0.1
2085 2056 2095 2132
42 170 0.1 0.1
2198 2126 1995 2134
43 150 0.1 0.1
2104 2085 2085 2046
44 190 0.1 0.0
2160 2081 2093 2111
45 120 0.1 0.1
2197 2149 2130 2082
46 130 0.0 0.1
2158 2190 2130 2169
47 170 0.1 0.1
2115 2168 2086 2108
48 130 0.0 0.1
2192 2166 2107 2010
49 190 0.1 0.0
2047 2149 2147 2147
50 130 0.0 0.1
2183 2204 2184 2181
51 190 0.1 0.0
2141 2134 2124 2221
52 130 0.0 0.1
2203 2094 2105 2094
53 190 0.1 0.0
2078 2041 2111 2181
54 120 0.1 0.1
2116 2073 2104 2136
55 120 0.1 0.1
2162 2140 2112 2100
56 170 0.1 0.1
2113 2153 2078 2153
57 150 0.1 0.1
2099 2114 2202 2084
58 130 0.0 0.1
2116 2107 2172 2190
59 120 0.1 0.1
2179 2157 2124 2136
60 120 0.1 0.1
2150 2161 2080 2157
61 170 0.1 0.1
2129 2127 2159 2122
62 130 0.0 0.1
2154 2127 2045 2145
63 150 0.1 0.1
2118 2003 2148 2059
64 120 0.1 0.1
2222 2107 2128 2113
65 130 0.0 0.1
2192 2061 2108 2139
66 170 0.1 0.1
2006 2151 2117 2083
67 190 0.1 0.0
2068 2036 2149 2130
68 130 0.0 0.1
2059 2063 2151 2194
69 120 0.1 0.1
2139 2081 2129 2187
70 190 0.1 0.0
2115 2072 2133 2122
71 170 0.1 0.1
2138 2054 2005 2181
72 170 0.1 0.1
2112 2068 2146 2135
73 150 0.1 0.1
2123 2073 2155 2058
74 190 0.1 0.0
2104 2118 2017 2142
75 170 0.1 0.1
2105 2185 2175 2142
76 120 0.1 0.1
2133 2167 2058 2126
77 190 0.1 0.0
2117 2192 2211 2167
78 190 0.1 0.0
2157 2172 2240 2206
79 120 0.1 0.1
2132 2138 2151 2155
2000
0 156 8 272 13.08
23 12 16 166
1 17 120 277 147.38
286 211 378 871
2 37 103 288 153.80
272 210 879 341
3 62 157 252 108.20
290 93 74 112
4 42 221 285 91.69
144 150 390 651
5 29 18 245 127.47
224 261 686 127
6 41 26 205 246.87
653 321 120 148
7 23 32 287 737.21
1718 1452 1177 572
8 51 125 287 59.52
124 47 51 551
9 117 25 288 9.83
13 67 11 13
10 7 1 268 74.04
112 147 523 92
11 39 13 269 65.85
191 15 27 26
12 85 86 264 6.61
7 53 8 8
13 35 150 254 22.26
34 50 27 266
14 25 53 288 184.15
270 589 816 648
15 14 79 154 187.68
196 426 1552 851
16 13 86 136 230.99
414 659 815 415
17 1 58 274 80.35
227 34 43 49
18 81 32 212 218.64
339 737 1074 188
19 16 104 179 150.36
226 309 725 850
20 32 9 259 191.07
358 383 855 250
21 12 36 136 0.80
2 1 1 1
22 24 76 288 150.98
244 328 616 785
23 46 115 258 93.90
98 180 905 269
24 66 19 158 49.53
58 70 160 763
25 137 38 218 377.10
1046 300 147 190
26 48 80 288 9.62
18 12 13 95
27 71 106 282 5.98
10 5 44 11
28 95 30 277 36.16
41 65 346 76
29 40 90 267 424.23
1233 133 92 186
30 15 37 288 219.28
295 861 980 647
31 23 186 288 121.78
116 255 1227 333
32 31 90 158 39.93
65 89 76 368
33 6 89 132 8.21
23 5 4 4
34 4 7 213 3.15
5 4 8 36
35 26 40 283 4.75
7 9 15 47
36 46 18 173 47.31
54 362 46 77
37 3 209 287 12.78
21 25 35 104
38 111 63 285 293.27
725 594 113 307
39 16 1 287 14.05
19 21 33 202
40 42 174 229 101.24
256 145 82 120
41 83 72 283 194.34
552 80 97 98
42 8 13 140 71.99
196 51 54 55
43 87 133 287 266.57
746 165 103 185
44 103 10 287 48.11
78 47 113 586
45 15 107 288 26.19
67 36 21 25
46 42 110 232 110.18
305 68 67 75
47 24 1 149 36.47
68 153 31 77
48 72 50 262 14.12
23 18 14 196
49 57 101 266 50.80
93 54 70 555
50 64 147 269 97.43
155 281 497 134
51 14 81 216 274.78
586 851 296 330
52 98 39 272 102.74
181 515 76 136
53 64 34 269 200.48
233 562 1122 1329
54 72 19 279 37.88
53 61 308 69
55 12 7 267 161.68
180 788 697 594
56 6 0 100 16.92
25 39 39 174
57 33 132 288 111.59
188 204 200 1099
58 65 4 250 135.78
207 582 471 185
59 48 8 217 40.09
76 83 35 321
60 12 32 229 224.10
587 196 239 241
61 78 167 263 137.66
247 373 515 244
62 63 219 287 40.00
49 248 103 64
63 17 190 288 660.07
1621 1071 819 510
64 10 29 187 25.74
30 207 19 15
65 45 132 235 42.33
45 332 70 33
66 29 5 259 24.66
38 153 20 17
67 65 1 201 50.82
75 71 114 669
68 33 22 171 23.88
27 179 39 22
69 41 133 287 219.58
608 175 101 94
70 27 114 147 230.64
601 264 167 263
71 35 149 288 10.63
20 16 20 84
72 67 48 158 256.03
363 915 1320 415
73 60 106 226 201.75
456 571 147 184
74 157 62 243 52.58
151 23 17 18
75 9 10 258 73.22
112 157 277 519
76 25 94 254 58.37
57 491 79 52
77 48 7 213 27.10
74 24 15 14
78 6 3 190 314.49
840 346 160 249
79 160 72 288 126.39
131 235 1355 123
80 57 43 227 4.85
10 6 19 10
81 47 67 174 109.76
120 853 141 144
82 40 132 287 147.78
214 408 925 211
83 89 26 151 366.70
1052 139 162 117
84 8 1 92 265.39
525 712 750 294
85 18 120 250 154.83
200 609 849 256
86 3 4 91 10.96
19 21 60 17
87 71 43 248 48.49
139 22 15 19
88 16 12 167 60.44
71 469 62 44
89 10 78 161 12.94
23 24 26 104
90 18 32 279 190.95
256 250 1515 752
91 28 194 287 88.18
116 614 110 62
92 49 78 255 244.31
630 277 279 175
93 175 3 180 36.96
71 39 72 316
94 43 12 143 92.79
169 123 543 123
95 40 185 262 9.01
14 16 20 99
96 16 145 208 233.58
309 595 1548 721
97 104 157 288 67.88
133 78 132 525
98 79 0 182 22.33
31 24 205 33
99 126 24 226 53.60
102 106 84 364
100 6 15 240 132.62
107 965 507 230
101 196 16 288 206.62
589 83 111 65
102 3 21 249 74.86
182 146 63 70
103 29 50 283 242.12
667 172 134 169
104 28 16 191 81.52
114 353 347 116
105 58 1 121 248.50
401 691 652 1571
106 62 54 267 137.61
391 69 57 54
107 12 8 284 397.05
1082 422 133 196
108 32 80 263 357.41
841 744 457 271
109 27 5 217 18.19
30 86 34 27
110 55 57 224 47.50
79 60 295 143
111 7 7 164 175.42
460 179 134 211
112 55 94 182 82.63
128 301 364 89
113 72 198 288 66.42
111 55 517 70
114 66 70 194 114.98
328 57 31 62
115 3 102 130 661.78
1618 1376 511 326
116 57 22 83 154.43
216 842 431 152
117 94 4 178 187.89
546 43 56 101
118 118 68 227 9.06
17 13 11 86
119 127 28 275 27.06
35 36 59 434
120 7 36 266 69.62
147 109 68 438
121 39 83 195 54.80
67 415 44 58
122 19 99 232 132.32
159 583 753 143
123 127 24 288 22.89
65 13 6 12
124 116 0 287 363.67
1005 184 281 273
125 26 18 65 20.66
42 19 31 171
126 2 79 97 39.67
72 41 96 363
127 5 52 270 458.41
1326 166 119 184
128 35 88 162 405.22
987 619 616 316
129 19 140 236 70.09
127 68 76 845
130 14 11 141 193.44
266 675 1150 173
131 9 5 38 90.60
133 212 564 225
132 28 46 287 2.16
3 14 2 4
133 49 26 203 6.85
19 4 5 3
134 59 32 200 187.28
535 65 81 113
135 34 12 234 345.31
730 1220 305 187
136 70 47 277 388.63
1092 164 260 218
137 13 179 266 244.45
423 288 1312 980
138 3 105 226 167.87
289 399 594 704
139 16 22 241 47.81
63 152 83 528
140 38 171 287 198.15
578 45 67 61
141 6 235 288 68.72
193 38 25 55
142 86 49 288 63.78
88 82 144 945
143 9 49 200 10.96
16 63 16 21
144 71 13 157 144.20
397 86 111 91
145 4 184 288 81.17
98 190 467 574
146 96 59 229 161.75
418 202 148 121
147 37 22 212 467.40
1230 616 278 242
148 83 4 258 58.49
83 135 100 719
149 77 7 162 772.03
1681 1597 1919 651
150 82 79 256 87.90
253 27 33 47
151 82 39 265 147.00
419 51 72 85
152 40 47 200 46.56
81 55 55 570
153 18 125 272 17.06
20 126 23 21
154 67 43 247 32.63
58 35 75 320
155 120 98 271 17.13
29 29 17 201
156 62 106 246 212.05
573 169 154 176
157 12 47 274 106.39
210 208 191 576
158 51 66 252 2.94
4 9 9 24
159 95 9 237 22.37
31 34 26 363
160 25 19 234 66.54
95 92 347 528
161 19 32 85 77.57
126 280 273 147
162 27 71 147 101.40
275 60 98 84
163 15 69 249 240.38
307 764 1205 1217
164 72 126 286 3.72
6 8 6 38
165 2 90 191 302.73
886 62 95 87
166 18 2 43 379.08
759 1029 1082 235
167 41 101 240 36.04
78 37 43 243
168 16 65 250 605.36
1432 976 937 880
169 152 7 189 52.80
51 206 411 90
170 37 123 284 80.53
87 206 663 261
171 7 5 283 224.50
233 1242 1037 480
172 122 61 260 271.93
688 417 272 131
173 14 69 215 42.02
79 55 69 377
174 56 17 262 14.09
19 21 119 32
175 78 65 194 88.93
140 232 516 92
176 38 11 287 54.80
81 95 60 790
177 16 46 221 110.89
189 111 181 1372
178 26 157 286 159.14
271 219 587 1139
179 25 59 172 25.06
72 7 13 10
180 49 27 272 13.48
20 32 42 113
181 22 13 190 119.57
157 267 910 263
182 5 6 268 384.98
714 1266 964 641
183 40 63 163 77.88
134 138 358 304
184 94 4 255 27.60
49 47 44 258
185 131 15 286 82.28
235 25 39 54
186 11 17 153 357.52
1008 214 168 106
187 141 123 287 3.36
9 3 3 2
188 2 4 167 220.81
268 811 1204 792
189 44 136 253 100.09
254 119 115 111
190 8 81 211 206.88
355 305 827 1254
191 33 195 288 3.48
6 9 8 21
192 32 45 249 92.86
140 167 467 552
193 146 7 288 128.13
211 237 341 1099
194 46 55 180 78.25
224 27 40 29
195 63 27 232 445.14
930 1506 543 296
196 22 52 122 56.37
159 19 45 23
197 11 4 162 375.38
1061 172 209 167
198 109 84 256 72.14
72 559 128 125
199 10 21 228 127.19
232 114 602 612
200 67 57 175 180.88
246 1173 259 207
201 45 163 288 88.06
234 101 54 56
202 49 169 283 319.53
834 430 197 221
203 11 150 262 228.22
644 96 140 116
204 9 5 279 593.32
1405 1441 497 231
205 12 95 229 18.19
37 15 25 160
206 125 42 278 117.64
177 201 701 517
207 21 5 180 591.62
1255 1288 1502 708
208 4 74 288 21.17
32 46 35 244
209 36 72 288 88.53
225 99 107 102
210 1 224 288 756.43
1631 1630 1862 703
211 86 72 274 54.07
78 122 57 726
212 118 45 200 8.33
11 20 17 106
213 3 9 288 258.12
396 950 1056 465
214 7 2 187 388.51
770 856 1069 1027
215 3 185 287 37.71
63 55 69 418
216 12 141 211 38.30
51 121 63 425
217 147 2 206 316.56
584 879 788 1066
218 30 28 238 18.75
25 129 21 18
219 32 28 94 61.83
78 155 102 867
220 21 38 188 1.15
2 2 1 13
221 15 198 285 258.17
410 799 1227 382
222 17 2 127 11.13
22 23 14 68
223 76 112 222 57.22
159 39 35 19
224 48 196 264 50.75
62 64 504 89
225 3 7 104 51.90
67 92 293 406
226 97 79 288 150.15
208 498 801 374
227 74 28 282 338.47
662 1317 401 365
228 45 26 233 327.53
381 1465 1494 1204
229 15 188 287 359.52
796 1032 333 375
230 23 23 178 248.95
684 197 133 148
231 68 40 283 26.54
45 48 50 254
232 54 46 240 164.46
473 59 60 71
233 110 18 270 12.05
34 4 9 6
234 82 15 287 9.34
17 11 22 82
235 11 22 174 30.66
88 12 12 11
236 46 2 276 1.48
3 2 3 9
237 10 27 229 98.27
126 701 101 108
238 54 207 288 39.13
58 67 278 94
239 163 25 279 10.92
20 18 18 94
240 46 16 206 88.32
137 403 261 105
241 19 19 161 137.24
338 248 138 81
242 23 84 247 233.35
372 514 1218 732
243 104 12 228 15.58
35 21 16 77
244 14 31 287 9.81
15 58 12 9
245 106 71 287 103.36
269 113 96 96
246 7 95 222 32.96
50 184 57 35
247 5 79 228 52.02
97 88 96 397
248 17 20 133 32.26
39 220 44 77
249 20 118 288 87.99
167 165 105 697
250 1 91 288 51.31
63 65 496 112
251 63 40 218 83.95
225 59 82 77
252 17 58 274 227.56
448 870 259 272
253 42 31 287 364.77
663 1194 1075 490
254 10 0 144 83.59
106 192 210 1073
255 33 143 233 397.33
917 1122 265 154
256 3 62 288 126.88
233 228 413 621
257 26 236 287 132.55
223 225 230 1377
258 50 58 174 256.92
631 517 155 225
259 77 162 287 94.75
122 337 605 98
260 12 66 259 77.41
126 273 292 123
261 5 0 177 48.63
63 291 126 60
262 21 143 238 78.89
221 48 40 35
263 98 7 193 81.22
126 494 46 114
264 21 25 288 41.95
51 96 66 649
265 20 59 288 61.81
71 467 88 56
266 51 165 288 431.00
1128 629 219 202
267 2 129 288 74.49
105 258 377 168
268 120 27 287 26.07
39 53 36 331
269 6 48 205 33.20
68 54 53 191
270 21 34 258 203.23
389 252 763 910
271 54 33 259 182.10
524 73 44 97
272 103 163 288 26.44
44 122 48 46
273 31 12 113 438.86
1119 748 163 417
274 44 55 266 13.48
20 81 16 18
275 2 75 129 12.07
16 21 66 94
276 16 111 155 30.02
57 27 26 345
277 35 99 269 10.12
19 18 13 84
278 93 158 288 13.25
15 105 11 16
279 36 85 261 132.15
350 149 98 74
280 25 119 236 5.58
8 7 11 82
281 8 227 287 387.31
1017 538 229 152
282 55 18 255 37.20
67 57 86 300
283 28 15 260 263.77
770 68 56 115
284 16 4 282 49.50
77 291 49 55
285 51 17 276 2.52
4 4 5 29
286 30 168 277 86.49
141 111 109 1151
287 25 19 64 335.48
629 1001 651 1148
288 22 153 263 10.38
29 4 8 7
289 82 16 155 46.94
73 93 65 564
290 49 114 272 336.37
960 156 148 93
291 69 197 287 107.80
147 171 663 685
292 5 127 277 85.71
125 347 391 70
293 10 10 152 243.30
596 485 144 254
294 44 78 259 82.86
117 545 85 79
295 37 64 262 193.73
518 222 90 136
296 12 25 122 4.33
8 6 22 10
297 11 74 238 548.80
1437 831 193 329
298 57 8 207 54.49
60 170 442 82
299 45 91 227 292.19
438 779 1333 1284
300 157 3 221 136.48
269 176 539 429
301 76 54 281 170.97
453 195 122 96
302 52 42 251 177.16
145 1156 897 238
303 38 72 232 259.49
499 445 676 1356
304 73 43 285 36.82
61 69 90 324
305 90 56 220 92.13
266 34 29 32
306 22 80 281 27.74
49 31 51 298
307 151 109 287 15.60
25 24 90 61
308 87 26 279 339.39
832 787 137 142
309 45 13 136 291.72
524 996 878 319
310 59 15 288 15.81
27 20 23 188
311 94 90 274 245.84
694 105 130 158
312 15 8 223 41.27
56 58 368 60
313 4 0 75 86.98
171 170 76 641
314 2 24 229 311.98
798 427 217 373
315 8 123 287 14.07
17 100 20 20
316 78 96 288 46.28
68 53 404 48
317 81 25 212 174.97
220 507 1140 556
318 47 50 161 337.53
706 909 736 263
319 54 3 206 95.36
274 26 51 37
320 35 24 204 54.07
148 53 24 19
321 10 105 215 1.51
3 2 3 10
322 8 60 210 282.61
447 636 1453 940
323 29 64 209 152.13
440 41 74 35
324 22 131 272 26.05
26 42 281 55
325 12 73 233 319.97
731 939 190 169
326 37 77 281 220.90
360 418 941 1213
327 38 17 145 73.19
132 87 138 726
328 7 259 288 79.01
161 107 82 619
329 55 157 287 95.76
176 107 592 101
330 44 142 280 32.00
58 59 42 287
331 47 177 287 710.65
1705 1293 1081 294
332 77 14 237 12.82
18 25 27 164
333 30 10 248 22.37
43 38 45 145
334 25 8 130 41.60
54 265 55 107
335 2 186 288 338.23
921 353 142 139
336 38 153 288 133.97
241 525 247 251
337 21 1 102 173.61
469 130 134 155
338 20 207 286 181.54
497 70 181 186
339 44 20 210 46.51
124 39 34 56
340 48 12 248 15.13
19 105 20 22
341 48 74 287 122.13
205 137 384 1142
342 32 101 258 2.59
4 14 4 4
343 17 1 224 147.14
178 617 735 441
344 14 0 236 1.79
5 1 1 1
345 8 0 265 475.47
972 1511 810 448
346 40 141 287 327.39
948 95 102 154
347 17 78 201 76.09
141 292 121 142
348 24 5 269 35.41
57 69 62 376
349 61 4 169 27.81
31 49 257 87
350 25 62 287 23.15
33 128 55 28
351 158 15 252 75.45
92 553 109 42
352 31 80 220 70.44
86 469 141 101
353 34 34 216 252.69
518 645 648 257
354 70 2 217 218.92
626 108 55 107
355 5 214 275 68.84
148 73 86 463
356 31 4 121 223.63
551 386 258 117
357 40 137 287 7.20
11 16 12 80
358 75 198 288 256.64
713 142 165 170
359 17 183 283 48.73
37 453 60 74
360 42 165 282 324.30
715 968 267 336
361 58 34 171 228.12
614 204 132 224
362 50 19 281 333.36
678 796 691 907
363 42 236 288 173.07
490 89 69 91
364 81 105 287 42.84
56 90 112 543
365 16 140 277 49.55
87 67 239 209
366 21 47 266 35.34
59 49 47 435
367 54 21 224 40.70
92 106 46 32
368 46 43 262 283.91
430 1350 905 187
369 12 56 286 15.79
26 34 33 139
370 34 17 178 17.39
26 37 32 200
371 50 45 220 1.74
3 3 10 3
372 7 39 193 77.36
116 101 248 865
373 81 48 283 26.09
41 54 58 257
374 56 46 190 26.68
76 10 16 8
375 47 183 288 271.13
473 515 1168 1021
376 61 119 288 143.52
375 151 131 135
377 73 69 288 554.99
1413 1092 159 213
378 40 36 267 200.29
347 317 976 752
379 16 151 288 105.24
302 49 38 22
380 64 45 229 75.29
132 179 179 457
381 141 74 265 92.37
111 655 130 147
382 22 39 226 94.82
122 221 461 737
383 22 87 234 17.22
23 121 18 11
384 70 3 288 6.02
7 11 57 11
385 72 23 280 33.79
46 48 281 86
386 45 23 177 94.04
126 391 493 74
387 36 159 266 45.08
43 395 45 39
388 26 152 266 19.88
31 23 160 22
389 103 1 258 400.04
1016 655 318 178
390 33 21 196 184.57
363 782 159 99
391 2 16 224 60.96
168 26 57 47
392 51 222 288 320.94
868 353 120 190
393 17 59 228 9.53
12 9 96 18
394 21 74 277 5.36
4 48 10 8
395 69 22 145 566.80
1236 1628 731 441
396 16 14 237 43.43
54 82 402 40
397 79 121 282 13.48
17 21 16 240
398 8 3 178 174.60
249 331 915 1112
399 68 148 281 54.25
97 78 102 510
400 27 9 244 66.14
123 293 73 64
401 9 14 151 159.42
196 603 1020 183
402 55 21 128 299.39
505 964 1186 391
403 37 0 287 333.03
513 1325 1025 948
404 49 70 208 276.52
351 1288 1312 351
405 5 31 176 273.53
457 442 1248 1406
406 27 18 280 37.06
70 52 47 345
407 45 56 205 216.71
220 699 1378 1278
408 121 0 278 164.46
467 82 75 56
409 27 10 232 695.90
1597 1497 1139 451
410 62 13 190 365.27
1019 230 171 227
411 16 28 276 191.51
280 1152 270 224
412 19 93 211 39.97
61 74 79 465
413 32 171 220 166.22
255 318 1030 481
414 41 12 79 106.91
161 116 918 106
415 25 33 282 178.10
208 441 1422 491
416 14 95 201 25.13
41 58 24 272
417 39 25 261 17.55
48 10 15 14
418 6 1 189 7.13
9 20 51 15
419 35 128 233 20.02
19 147 48 48
420 22 26 223 95.17
174 110 492 295
421 71 18 261 127.99
229 189 469 729
422 123 18 234 24.77
48 28 133 31
423 61 9 223 179.23
383 521 202 289
424 91 47 156 54.49
158 18 13 24
425 20 240 288 20.00
25 43 32 307
426 95 3 211 127.10
150 319 938 469
427 45 75 179 77.62
200 107 56 66
428 16 127 272 104.56
138 248 368 1032
429 16 3 181 31.32
35 69 232 170
430 32 30 121 157.16
290 249 482 909
431 57 126 285 22.26
62 16 9 12
432 91 55 272 50.14
87 94 258 115
433 29 49 168 92.28
134 184 205 1084
434 170 1 183 18.21
31 44 34 140
435 21 210 285 162.22
309 145 643 848
436 144 106 287 133.64
183 427 474 889
437 6 54 288 199.80
211 727 1460 437
438 36 136 244 17.13
47 15 7 11
439 34 85 257 66.30
89 78 180 978
440 2 57 225 29.90
60 35 28 270
441 136 7 287 50.11
90 102 37 490
442 20 50 259 534.38
1202 1564 440 313
443 43 23 83 245.60
379 432 1483 871
444 124 24 275 10.92
16 12 49 106
445 36 98 193 305.39
874 168 69 102
446 7 269 288 45.60
84 65 226 115
447 12 124 192 134.22
211 283 665 572
448 1 280 288 251.60
428 512 1240 686
449 46 16 164 378.16
1052 291 146 180
450 9 24 281 205.73
212 1199 846 487
451 27 115 266 198.97
360 922 215 221
452 116 115 287 2.87
7 4 4 4
453 51 9 228 53.88
60 362 156 52
454 13 77 288 173.14
225 746 824 323
455 7 78 231 99.15
161 134 521 516
456 16 13 217 68.18
93 400 123 150
457 17 187 278 21.88
29 25 57 335
458 89 136 287 29.93
43 57 183 133
459 11 43 278 303.11
820 269 186 224
460 56 217 287 4.00
8 5 6 31
461 37 5 283 1.06
2 2 1 9
462 10 145 242 75.64
90 555 97 96
463 6 25 249 130.04
135 877 393 220
464 37 94 278 6.63
11 13 38 13
465 16 58 242 9.13
11 29 28 91
466 32 209 260 162.62
266 675 461 241
467 57 128 286 169.54
278 760 399 236
468 24 79 288 205.68
502 371 217 167
469 19 85 216 98.46
169 318 379 107
470 4 0 267 50.02
131 52 53 30
471 8 2 80 140.01
211 549 546 258
472 2 64 195 298.64
860 79 160 96
473 63 21 135 24.19
67 13 16 19
474 62 10 282 94.56
187 104 92 905
475 120 49 216 96.18
276 47 22 39
476 96 126 285 4.00
11 2 4 2
477 30 47 282 500.55
1025 1590 852 451
478 64 22 288 73.55
119 232 322 120
479 95 10 211 203.49
307 1065 426 304
480 74 28 246 356.70
1029 84 162 179
481 33 18 254 316.02
756 686 299 192
482 1 13 270 117.73
336 62 36 42
483 21 212 262 180.62
344 131 452 1564
484 4 5 18 623.57
1505 1080 812 570
485 16 161 287 109.43
138 309 511 770
486 153 37 288 29.64
48 58 51 312
487 88 2 265 43.46
69 88 149 319
488 208 3 234 34.11
58 71 93 239
489 44 72 270 61.08
105 162 130 380
490 12 80 257 197.84
578 43 62 64
491 4 0 83 17.60
23 112 30 30
492 69 27 117 36.49
42 49 385 46
493 66 184 281 40.49
39 330 65 55
494 23 243 287 61.12
79 128 418 272
495 17 113 267 93.99
125 213 636 334
496 37 43 256 315.76
882 168 199 171
497 33 77 259 444.77
779 1808 744 1086
498 29 32 288 34.14
56 77 59 318
499 9 217 288 148.53
235 395 566 706
500 26 69 276 183.68
509 114 119 101
501 57 145 285 95.76
110 533 376 179
502 34 2 134 91.88
84 662 284 175
503 6 187 288 342.70
868 680 101 172
504 28 3 186 110.13
132 284 915 151
505 35 9 203 34.09
64 69 67 212
506 65 0 226 4.78
8 10 9 43
507 20 30 232 387.59
894 881 491 333
508 59 12 285 23.46
35 36 66 267
509 7 53 288 350.94
800 608 843 206
510 96 127 280 48.61
77 80 333 82
511 14 129 288 427.59
833 864 1650 620
512 2 250 287 388.70
816 1079 722 416
513 21 36 288 197.49
369 226 629 1292
514 49 91 217 72.18
145 138 137 350
515 1 0 188 431.00
699 1626 1525 605
516 16 65 287 83.45
103 347 465 134
517 94 20 288 360.11
1001 230 183 236
518 28 106 287 171.75
213 401 1140 835
519 5 232 287 97.76
217 129 90 550
520 6 19 280 90.44
79 138 1084 156
521 95 34 233 2.31
4 4 5 20
522 115 45 204 255.74
394 1411 480 161
523 31 133 276 65.55
188 31 15 31
524 24 1 265 84.86
140 133 160 928
525 129 145 288 61.10
99 152 123 509
526 36 10 168 152.01
276 162 713 685
527 36 9 262 91.26
262 28 51 25
528 77 30 244 452.79
1290 225 166 178
529 3 119 197 72.75
210 28 24 20
530 42 75 286 39.50
55 77 219 240
531 33 36 263 180.57
217 745 1065 272
532 83 136 258 241.13
376 773 1144 378
533 73 24 278 35.93
82 89 37 38
534 25 95 287 189.70
386 716 170 171
535 5 100 210 68.04
61 607 56 105
536 4 12 219 3.18
4 6 5 51
537 30 113 287 328.54
448 1456 1224 876
538 7 6 182 101.90
136 157 939 78
539 120 13 157 40.40
117 14 9 19
540 20 0 191 72.89
114 110 128 916
541 3 29 248 38.73
52 68 179 356
542 12 253 287 359.36
824 1052 163 256
543 7 141 286 46.28
57 353 32 46
544 83 79 274 107.62
205 186 461 224
545 39 67 256 18.68
28 42 118 40
546 9 84 210 50.63
98 42 59 536
547 2 0 125 136.15
206 267 569 964
548 6 1 100 439.52
1054 926 429 289
549 3 40 158 33.36
52 68 212 62
550 5 13 274 42.30
43 103 242 403
551 18 30 222 55.31
58 96 566 119
552 11 135 288 41.76
113 37 20 42
553 16 5 124 62.40
73 190 193 674
554 3 53 202 154.86
260 330 304 1344
555 101 35 166 51.36
139 48 35 23
556 30 21 216 22.63
31 27 54 339
557 14 0 263 12.59
25 19 18 92
558 80 54 239 22.82
64 10 14 16
559 42 222 288 54.11
105 101 66 395
560 10 25 178 82.91
122 113 691 95
561 17 2 187 13.48
19 22 109 23
562 25 5 164 129.92
262 519 124 49
563 29 170 259 262.17
662 406 220 217
564 28 47 228 12.80
24 25 16 101
565 128 71 288 1.32
2 2 3 16
566 9 41 248 122.18
148 567 626 168
567 63 28 249 355.78
1037 89 91 155
568 16 0 166 28.82
81 13 19 14
569 39 108 226 35.43
55 212 23 54
570 8 198 288 81.85
122 127 659 72
571 56 23 266 108.11
306 49 35 94
572 25 83 166 19.57
55 10 10 12
573 7 118 281 32.26
86 36 18 23
574 10 215 288 71.08
130 137 154 482
575 2 60 205 177.37
275 791 514 288
576 68 3 268 77.85
100 332 401 111
577 24 47 246 30.87
52 78 55 240
578 191 67 287 436.44
1130 615 244 397
579 2 22 198 485.30
868 1577 1244 1256
580 78 144 288 97.99
94 737 214 210
581 12 2 141 430.30
1060 972 174 185
582 6 51 287 811.58
1974 1112 1379 765
583 104 5 208 266.07
591 776 233 241
584 62 90 287 32.19
61 47 33 307
585 12 0 20 258.92
723 113 220 104
586 17 16 255 30.92
39 68 73 418
587 50 138 250 23.29
47 35 35 157
588 14 128 210 22.49
41 40 26 210
589 48 67 200 178.95
485 134 171 72
590 1 0 97 248.57
411 729 601 1422
591 7 74 281 507.80
1192 1212 499 261
592 20 221 267 248.64
295 1171 1336 253
593 17 158 231 90.56
94 133 943 248
594 30 39 288 98.72
125 669 121 197
595 13 47 252 38.96
67 43 272 45
596 29 24 97 5.03
8 6 11 62
597 12 4 205 307.81
672 817 433 358
598 54 205 287 6.31
12 9 14 45
599 8 26 272 97.40
276 57 28 49
600 2 88 287 62.63
58 517 98 103
601 4 82 241 131.24
266 464 162 138
602 86 25 252 45.03
62 285 71 49
603 11 5 143 195.16
279 647 631 1186
604 34 106 256 152.06
252 586 490 197
605 40 46 288 22.77
66 7 7 9
606 81 5 211 184.31
295 595 855 209
607 13 16 217 103.26
102 502 669 117
608 24 106 243 210.31
390 985 156 212
609 42 4 218 80.09
147 344 93 128
610 19 89 145 17.43
27 45 29 170
611 76 55 272 10.45
27 12 9 12
612 8 0 232 117.05
201 221 382 734
613 78 33 243 10.23
27 9 10 10
614 45 8 287 246.29
702 108 129 58
615 17 25 237 6.52
18 4 4 5
616 56 46 276 102.13
120 759 151 82
617 24 69 194 259.77
609 701 127 158
618 149 10 256 74.84
106 164 153 899
619 6 90 243 15.88
43 15 11 6
620 141 38 279 28.19
21 265 36 37
621 4 6 66 20.30
19 159 40 40
622 94 0 230 106.18
303 44 42 55
623 65 7 171 536.73
1411 681 366 284
624 14 10 102 4.47
7 7 33 5
625 96 125 278 54.51
95 261 68 68
626 33 26 287 80.13
122 482 72 108
627 93 48 188 99.62
139 662 82 138
628 33 103 270 321.25
515 1555 603 573
629 3 30 288 30.23
48 79 52 272
630 41 155 257 1.13
3 1 1 1
631 47 100 196 164.32
305 285 549 761
632 11 12 265 46.68
83 87 46 469
633 17 22 288 720.63
1575 1813 995 1150
634 23 81 255 59.45
78 109 151 806
635 18 51 286 32.23
50 170 49 62
636 32 55 111 11.18
15 71 20 12
637 38 62 288 713.05
1639 1258 1240 1107
638 52 70 186 44.98
71 56 338 74
639 5 4 267 34.87
57 81 144 153
640 79 43 233 151.56
206 250 1091 626
641 16 46 271 44.80
75 93 164 247
642 79 33 121 42.51
45 348 38 57
643 3 1 143 30.40
36 231 36 23
644 147 2 255 127.87
340 129 106 76
645 107 123 275 15.60
30 22 31 115
646 25 131 264 60.25
90 142 305 265
647 10 10 185 41.83
45 283 103 93
648 34 2 263 35.95
54 42 53 540
649 38 190 241 328.52
940 124 147 137
650 124 27 281 5.13
7 7 45 9
651 28 176 231 121.17
334 74 86 80
652 30 34 270 38.77
51 63 338 69
653 76 11 160 44.26
80 72 243 59
654 134 131 279 76.44
126 351 171 90
655 51 174 287 137.47
286 213 288 624
656 27 2 269 16.80
25 33 125 15
657 45 50 230 6.31
13 6 30 8
658 18 10 287 86.11
121 200 153 1060
659 38 2 78 75.69
139 74 468 113
660 27 232 267 51.15
82 78 129 534
661 22 63 278 56.63
70 413 53 82
662 23 8 102 63.36
94 122 113 785
663 33 34 242 121.05
341 66 66 41
664 20 83 226 14.96
22 27 109 29
665 105 15 265 35.08
58 59 98 306
666 7 98 222 204.67
502 375 212 122
667 27 197 288 159.59
286 255 654 706
668 5 3 136 85.99
163 138 110 739
669 18 68 251 87.69
234 83 59 84
670 162 111 282 50.87
74 319 42 85
671 40 3 166 4.78
10 7 8 26
672 33 29 87 65.22
132 132 76 376
673 35 35 125 29.86
51 62 164 41
674 2 96 198 27.06
77 9 16 13
675 38 173 258 591.46
1250 1600 1260 319
676 75 49 287 134.88
209 312 687 497
677 1 0 185 80.13
143 168 135 630
678 22 115 281 66.61
93 90 213 833
679 41 1 239 50.58
80 279 70 53
680 16 79 270 84.58
147 106 195 829
681 76 85 266 53.27
150 24 31 30
682 12 159 264 170.48
421 321 144 101
683 12 112 195 293.65
841 139 102 86
684 35 168 287 49.43
103 62 59 355
685 42 27 83 123.61
190 735 137 115
686 36 34 283 3.27
5 7 6 36
687 114 5 244 678.96
1542 1681 786 655
688 19 48 232 42.58
123 12 18 16
689 48 6 189 107.69
156 222 463 801
690 34 103 225 135.35
387 57 42 80
691 26 15 205 273.11
744 209 188 189
692 3 1 174 15.18
19 113 12 16
693 22 15 172 104.49
301 35 42 38
694 49 124 288 6.63
9 11 9 105
695 17 131 206 65.67
67 539 95 46
696 46 30 287 188.39
529 93 128 66
697 245 24 287 24.16
34 51 60 278
698 65 134 285 89.55
159 167 460 159
699 44 2 74 10.99
19 10 23 125
700 111 16 163 14.78
42 6 7 8
701 39 20 263 83.76
126 123 159 1109
702 106 77 285 99.73
145 119 821 210
703 4 167 287 150.18
437 40 43 59
704 65 7 217 333.10
835 610 201 236
705 41 53 111 394.93
877 1286 203 244
706 38 187 281 14.54
21 30 107 20
707 35 11 83 211.47
596 113 86 133
708 23 110 215 113.99
315 88 55 61
709 49 12 108 115.47
210 235 545 173
710 50 59 216 27.06
77 9 14 17
711 40 13 197 247.77
373 624 1186 1065
712 47 45 227 92.09
152 141 206 951
713 31 148 288 118.77
316 89 141 75
714 47 92 287 27.20
31 196 51 32
715 50 136 288 9.62
12 12 95 15
716 60 23 130 178.24
497 99 104 113
717 19 188 288 46.47
56 82 410 125
718 5 52 288 212.90
608 112 64 73
719 57 103 283 128.18
353 66 98 112
720 11 72 268 35.79
68 144 53 31
721 155 8 181 114.72
167 244 635 536
722 34 153 288 81.24
144 103 152 824
723 39 91 288 34.11
92 28 33 12
724 49 56 206 216.12
596 132 107 232
725 81 19 124 13.34
22 69 13 26
726 75 1 161 6.68
19 3 3 3
727 69 75 242 93.17
253 74 53 90
728 28 9 284 142.46
257 297 501 564
729 29 65 288 196.81
549 126 101 99
730 20 3 277 199.98
478 442 126 230
731 34 89 193 208.36
311 827 883 255
732 16 211 287 91.64
131 187 127 1246
733 103 7 260 81.19
141 193 171 556
734 35 18 283 153.87
435 76 66 90
735 2 226 287 5.01
14 3 3 2
736 57 68 242 25.67
37 86 71 173
737 18 48 256 203.25
275 611 1196 564
738 11 47 264 106.49
176 211 665 99
739 48 78 283 137.59
203 341 899 185
740 2 107 287 146.65
166 598 961 193
741 79 29 234 67.48
92 302 287 100
742 11 147 230 24.28
43 36 48 226
743 63 160 286 129.75
373 67 30 32
744 41 31 151 51.64
69 127 108 632
745 16 75 265 38.37
46 250 91 55
746 5 11 122 210.20
215 1328 839 262
747 16 84 268 110.27
160 134 774 497
748 34 0 48 59.43
80 93 317 493
749 22 217 252 528.29
1007 1876 818 1092
750 28 120 233 243.77
304 1008 896 1289
751 44 75 273 64.28
87 418 69 122
752 7 37 199 179.14
292 251 749 1275
753 18 33 258 101.57
161 568 113 133
754 16 2 68 15.81
29 25 24 143
755 4 0 92 208.78
339 423 903 1053
756 68 83 279 5.11
10 10 8 31
757 75 12 123 46.30
86 71 50 451
758 5 39 154 243.98
664 143 244 157
759 56 14 125 146.93
413 67 80 102
760 62 109 221 89.50
254 26 64 42
761 22 80 224 44.02
90 53 59 334
762 12 3 193 18.28
27 44 31 205
763 77 8 270 50.35
67 59 480 65
764 35 173 263 104.30
287 45 92 96
765 1 205 279 60.32
160 52 48 72
766 72 40 282 23.43
39 38 43 250
767 227 2 285 3.55
5 6 9 45
768 66 83 281 211.75
398 988 111 242
769 37 3 262 28.87
83 13 9 8
770 18 3 250 113.38
215 161 254 818
771 10 16 232 61.10
113 242 117 55
772 12 130 283 128.93
213 211 410 1045
773 17 36 288 206.69
276 773 893 816
774 30 74 227 35.27
67 26 115 253
775 36 24 284 57.48
105 106 53 549
776 49 0 283 125.85
231 203 464 578
777 23 28 288 329.03
954 114 78 131
778 19 4 195 2.00
4 2 3 17
779 30 180 288 108.58
297 90 60 67
780 9 59 286 103.73
120 785 152 70
781 52 5 166 117.94
148 158 568 1331
782 10 38 251 17.58
32 14 115 27
783 14 150 287 228.43
408 404 823 1139
784 32 144 264 162.86
295 778 149 160
785 10 234 288 53.76
94 117 247 124
786 22 212 287 96.35
179 181 166 714
787 20 176 288 96.60
277 22 59 44
788 58 171 259 76.49
112 78 150 1149
789 58 160 285 26.77
45 55 65 213
790 14 171 288 134.06
171 168 1023 754
791 1 0 204 46.54
57 110 92 666
792 2 31 236 457.23
1316 201 104 199
793 81 88 191 142.46
254 487 416 206
794 34 150 262 440.58
1017 1084 441 354
795 35 45 209 47.74
51 389 50 48
796 23 128 276 361.90
942 565 194 111
797 76 23 239 72.46
141 131 263 187
798 47 147 286 116.58
195 591 163 126
799 29 25 271 287.58
588 1141 217 134
800 101 10 198 79.92
97 125 653 358
801 116 81 260 17.60
33 26 45 118
802 41 121 251 40.26
114 19 19 20
803 8 180 288 9.86
26 9 10 8
804 2 145 233 171.30
485 59 127 60
805 13 10 94 366.91
951 543 213 226
806 17 0 115 35.57
70 30 53 336
807 34 80 236 15.53
20 34 46 186
808 46 82 251 81.73
128 137 597 77
809 72 30 163 56.80
86 148 100 566
810 51 133 281 135.24
367 106 93 106
811 3 97 181 512.38
1285 931 308 379
812 16 155 229 11.25
18 21 16 131
813 41 233 288 145.26
186 378 829 778
814 118 25 238 273.67
470 647 1303 505
815 8 7 264 173.35
490 106 61 68
816 84 125 250 221.49
417 323 629 1349
817 3 82 269 421.10
828 1351 1008 237
818 36 128 248 127.57
369 49 27 55
819 17 45 288 257.74
370 1562 418 253
820 52 39 288 289.39
822 131 169 61
821 4 75 279 69.85
112 126 185 653
822 162 4 271 80.91
107 509 147 120
823 55 70 231 42.37
52 309 57 32
824 11 0 184 109.50
139 145 628 1017
825 55 87 151 104.49
158 164 673 391
826 38 23 275 14.02
14 111 21 25
827 206 56 285 25.55
51 54 27 156
828 22 36 263 145.75
137 482 1292 247
829 60 129 287 64.68
117 85 86 684
830 181 84 286 24.68
42 40 60 221
831 30 200 287 214.69
561 267 158 154
832 2 31 288 109.85
319 29 30 56
833 67 132 252 224.83
588 194 243 256
834 32 23 278 182.72
240 1246 183 302
835 3 86 205 210.57
439 630 310 294
836 117 49 225 159.12
445 100 77 79
837 119 51 287 40.35
63 82 265 57
838 14 2 81 455.02
918 1233 1049 691
839 78 53 209 79.19
135 76 192 864
840 82 54 287 16.23
20 26 35 262
841 3 109 288 27.90
36 41 169 221
842 24 96 191 91.85
169 184 192 602
843 8 28 100 71.17
135 58 214 533
844 31 11 156 66.11
103 394 53 80
845 80 59 268 424.81
1171 384 160 190
846 11 31 287 434.60
869 769 1397 1205
847 47 79 221 46.04
130 32 12 17
848 46 20 167 22.45
42 19 26 257
849 73 61 259 53.78
145 24 62 60
850 124 128 288 20.82
32 44 27 251
851 25 39 188 191.80
348 266 744 994
852 72 2 157 15.46
24 91 13 22
853 59 5 202 181.87
506 101 121 101
854 92 18 258 577.32
1420 640 1054 630
855 6 186 287 159.19
230 570 754 328
856 42 147 282 110.01
162 332 628 156
857 42 183 243 54.28
103 52 113 483
858 68 155 286 310.07
821 420 147 131
859 23 136 284 28.99
39 56 248 22
860 52 174 288 56.09
69 149 134 703
861 38 28 159 175.19
227 851 720 275
862 27 128 279 65.55
95 80 500 216
863 6 35 288 144.55
223 819 218 129
864 38 119 287 24.47
40 54 30 258
865 11 88 278 27.88
40 169 46 26
866 3 10 198 261.44
731 171 128 109
867 133 13 248 138.74
171 565 652 504
868 35 16 193 269.70
770 80 141 161
869 20 112 253 29.32
81 15 18 31
870 12 11 180 72.63
90 537 47 122
871 22 137 287 35.22
68 35 61 318
872 37 42 109 49.62
67 147 259 212
873 1 43 213 4.16
6 15 9 30
874 81 194 288 76.37
111 499 45 105
875 36 33 239 31.50
90 16 11 9
876 29 153 288 226.26
346 830 888 507
877 3 1 202 329.88
540 1092 1005 1175
878 11 112 256 270.10
391 922 1468 304
879 12 62 241 172.29
229 966 475 269
880 5 203 287 14.30
20 21 29 207
881 5 58 287 40.73
71 87 88 300
882 4 130 288 90.02
164 414 77 134
883 17 108 253 162.90
239 409 518 1315
884 48 174 287 137.42
203 154 605 1327
885 32 81 274 177.42
478 188 106 73
886 8 5 152 193.26
262 877 865 185
887 120 2 282 10.89
21 10 14 111
888 9 1 120 40.44
56 58 311 139
889 53 210 287 89.97
168 216 105 614
890 9 81 236 246.33
597 521 193 163
891 22 7 165 78.56
217 56 44 45
892 41 3 275 19.53
37 19 37 181
893 19 120 195 18.45
17 21 225 33
894 96 84 288 12.78
25 18 15 109
895 17 50 192 43.53
49 70 436 82
896 4 69 124 352.07
835 654 431 450
897 58 59 247 34.30
92 24 32 34
898 1 0 23 672.25
1658 879 956 812
899 6 6 82 225.49
278 605 1479 919
900 26 85 288 13.22
36 6 12 16
901 93 33 234 69.57
134 155 146 324
902 29 70 218 57.57
117 52 77 499
903 78 130 233 105.03
127 283 536 765
904 10 179 268 140.13
174 449 934 305
905 19 219 286 158.86
272 691 304 263
906 36 96 227 105.59
183 187 176 1013
907 1 90 240 201.16
501 379 107 185
908 4 6 288 657.29
1483 1556 1042 423
909 20 49 147 67.36
45 672 52 113
910 12 178 287 182.01
494 136 143 126
911 6 3 201 124.63
236 120 245 1143
912 20 0 273 174.20
358 270 618 346
913 31 152 200 7.43
12 10 19 80
914 3 77 196 101.76
106 176 656 1001
915 41 48 249 34.37
37 261 55 50
916 22 12 95 42.82
52 48 443 62
917 35 38 218 10.14
9 85 17 16
918 49 47 219 601.51
1503 1263 259 217
919 80 20 178 56.04
68 439 39 35
920 9 23 255 102.84
195 94 216 927
921 31 126 288 259.70
747 67 110 159
922 2 36 281 185.68
369 555 388 285
923 38 80 285 25.06
40 51 53 246
924 58 12 262 70.14
98 155 491 162
925 50 171 234 135.45
208 265 789 472
926 44 165 257 76.86
154 277 116 48
927 10 174 287 620.42
1233 1981 985 1195
928 16 96 178 220.90
267 934 682 1485
929 23 26 136 235.42
388 815 895 339
930 1 19 235 52.04
85 250 76 120
931 11 71 146 158.67
331 495 208 209
932 69 76 283 166.41
237 1060 215 145
933 18 76 288 129.10
153 345 1062 186
934 14 31 213 343.55
574 1201 1133 697
935 14 31 287 326.56
898 242 204 174
936 5 1 46 48.44
98 69 72 336
937 15 24 149 22.99
42 42 121 21
938 61 37 189 656.58
1268 1649 1731 1746
939 2 31 265 8.49
13 13 32 76
940 71 13 246 321.15
940 74 83 102
941 33 87 269 38.99
103 28 49 33
942 3 38 267 191.00
540 104 79 88
943 4 114 287 82.30
139 139 371 393
944 36 0 164 43.29
74 84 82 388
945 17 242 280 406.18
1048 607 231 309
946 9 146 279 44.73
48 55 502 60
947 104 161 284 27.76
35 33 78 435
948 77 91 284 350.33
602 1433 889 385
949 8 22 283 51.38
77 301 63 77
950 16 45 89 405.26
934 1190 186 207
951 27 8 169 370.56
896 655 349 543
952 10 0 189 4.73
7 10 8 57
953 34 64 185 271.46
655 513 283 263
954 69 97 219 45.86
78 63 82 504
955 13 201 281 111.85
254 319 65 111
956 2 52 264 199.40
571 101 63 52
957 59 112 287 24.54
44 56 36 187
958 2 17 288 32.00
60 31 183 61
959 13 30 235 386.09
580 1626 1274 864
960 30 7 273 10.92
17 58 17 18
961 7 0 223 4.00
5 9 5 63
962 55 28 132 17.22
50 6 4 6
963 2 201 233 62.51
89 98 448 221
964 9 173 264 243.98
687 157 95 91
965 6 85 237 167.52
244 431 1132 147
966 14 31 271 372.16
810 846 701 538
967 30 163 288 73.99
213 21 36 28
968 4 71 268 68.04
163 147 59 51
969 6 3 268 207.00
382 376 840 642
970 97 68 264 123.57
185 151 502 1205
971 66 77 211 183.21
334 306 564 1065
972 25 103 257 210.55
306 553 880 1246
973 55 111 288 147.35
288 171 640 438
974 27 122 286 167.96
286 140 1051 613
975 58 208 288 24.45
34 137 49 54
976 13 2 276 38.04
74 43 82 288
977 50 1 60 254.87
685 195 204 250
978 2 23 96 160.08
258 300 422 1448
979 35 44 177 29.83
51 54 64 264
980 7 4 68 40.21
71 94 66 301
981 32 107 286 157.82
434 93 106 141
982 22 173 267 157.82
248 282 531 1328
983 88 81 230 240.92
651 216 152 174
984 27 66 240 144.11
228 767 205 222
985 97 10 212 135.85
155 252 1331 186
986 3 34 281 275.79
805 75 70 87
987 47 171 288 29.81
47 46 59 353
988 79 115 280 14.96
22 40 39 130
989 79 8 264 63.99
84 153 153 779
990 10 1 199 207.56
326 932 541 380
991 55 73 278 665.15
1477 1574 1179 513
992 26 21 272 355.13
939 449 189 223
993 45 215 287 438.44
1123 639 343 310
994 71 88 284 281.41
296 1334 1379 1057
995 47 21 257 81.15
127 108 490 367
996 47 103 272 139.42
266 195 735 147
997 6 121 288 61.71
120 107 140 342
998 100 59 200 164.13
244 210 687 1556
999 99 5 225 314.21
876 190 162 197
1000 5 0 66 259.65
444 343 1468 855
1001 34 1 259 141.49
127 1121 367 139
1002 51 151 223 22.99
28 57 52 310
1003 50 11 245 20.54
32 112 30 29
1004 42 27 158 41.81
42 353 34 62
1005 21 2 280 154.79
174 552 1101 285
1006 46 23 284 123.64
343 58 99 81
1007 9 122 287 55.05
100 55 127 521
1008 32 94 288 142.84
402 42 105 107
1009 3 99 287 109.38
180 176 211 1179
1010 51 3 287 28.66
81 14 14 14
1011 32 58 287 225.65
459 442 772 295
1012 2 156 201 212.22
342 1183 237 209
1013 10 137 212 91.64
131 169 741 72
1014 24 39 275 265.98
589 778 225 275
1015 22 7 271 125.85
167 235 1068 170
1016 56 24 126 120.70
330 103 74 53
1017 16 119 241 465.92
977 1064 1189 555
1018 34 214 288 70.87
183 89 62 59
1019 8 5 169 21.60
22 29 246 31
1020 47 13 228 21.17
24 56 39 318
1021 105 81 259 254.76
694 192 170 196
1022 11 38 287 297.67
758 433 285 171
1023 25 83 287 12.47
34 9 10 7
1024 15 28 94 210.74
361 387 690 1362
1025 14 178 280 197.58
270 1141 474 247
1026 15 189 264 327.55
704 1128 238 206
1027 31 6 211 27.64
36 199 21 32
1028 45 87 288 62.72
98 114 105 742
1029 7 188 287 17.58
30 44 32 131
1030 31 0 222 161.85
322 148 404 1119
1031 14 45 214 11.15
15 76 10 16
1032 13 61 286 39.83
68 31 284 80
1033 82 73 283 93.73
123 281 185 1049
1034 7 186 211 109.38
112 480 733 175
1035 115 52 250 127.59
334 170 77 83
1036 70 27 287 7.29
11 7 14 107
1037 36 225 288 122.79
189 278 722 295
1038 32 8 196 104.51
151 677 113 71
1039 95 9 201 95.69
134 113 782 288
1040 155 1 217 5.93
8 13 14 73
1041 1 100 200 271.63
422 1517 446 194
1042 30 22 146 35.03
74 50 46 211
1043 10 202 242 19.53
28 48 55 184
1044 81 9 278 92.96
122 222 180 1217
1045 48 20 284 171.59
275 1055 93 92
1046 58 3 271 255.37
609 603 170 179
1047 74 133 286 356.82
1030 125 137 97
1048 33 45 265 61.67
113 105 146 432
1049 33 104 260 53.76
89 39 405 112
1050 26 175 227 37.64
55 53 261 149
1051 19 188 259 2.45
5 4 4 14
1052 21 2 76 69.22
80 194 587 66
1053 48 97 203 48.96
134 46 24 19
1054 13 15 204 376.58
690 747 1709 687
1055 59 22 209 110.65
137 177 496 1262
1056 40 190 280 112.23
120 726 356 200
1057 84 22 288 64.77
183 28 36 35
1058 56 34 189 195.94
554 98 82 114
1059 25 16 250 573.93
1152 1831 871 1031
1060 32 45 283 196.08
248 960 856 270
1061 24 26 128 86.53
249 19 46 43
1062 5 107 134 22.92
60 26 16 24
1063 231 37 281 79.19
156 139 133 499
1064 70 11 271 17.81
34 26 33 137
1065 1 9 182 15.34
30 29 23 99
1066 16 253 273 257.89
725 168 88 131
1067 17 155 287 141.80
202 639 555 172
1068 89 9 144 503.65
1363 571 167 278
1069 8 83 280 185.63
542 44 61 48
1070 19 138 288 155.23
360 379 149 123
1071 32 28 231 498.90
1375 429 218 232
1072 27 24 285 201.04
492 389 129 232
1073 7 52 286 57.50
85 87 429 135
1074 9 97 258 215.49
625 44 93 91
1075 25 109 253 64.47
114 86 175 536
1076 24 167 222 82.09
227 54 43 63
1077 8 9 288 127.12
359 61 62 70
1078 32 0 248 140.84
243 184 734 564
1079 26 42 231 214.83
409 282 734 1091
1080 79 59 288 99.29
286 40 28 40
1081 51 12 138 378.98
1004 455 187 313
1082 19 24 218 510.17
1357 682 158 324
1083 15 88 288 79.83
120 145 130 1018
1084 31 17 123 32.96
61 28 29 405
1085 13 10 210 93.15
265 57 27 24
1086 18 14 250 284.14
485 910 1180 197
1087 22 72 218 8.23
23 5 4 5
1088 17 71 101 158.22
282 431 566 352
1089 21 3 159 75.66
211 38 53 42
1090 9 0 17 197.07
302 573 1082 265
1091 34 213 288 70.82
111 88 168 856
1092 15 9 195 97.07
156 179 453 499
1093 37 89 288 197.96
562 86 107 74
1094 24 12 272 74.86
207 48 50 40
1095 66 171 287 483.73
1369 309 112 243
1096 3 80 200 207.09
557 120 220 204
1097 28 2 186 283.55
699 611 157 119
1098 27 17 206 352.40
839 886 211 152
1099 25 73 236 272.47
376 1360 987 263
1100 65 76 246 43.62
69 69 256 169
1101 10 77 288 40.61
59 33 363 75
1102 7 4 64 1.27
2 2 9 2
1103 7 18 288 122.81
345 50 73 94
1104 46 25 269 61.31
71 457 89 63
1105 43 37 202 33.03
89 39 13 15
1106 57 50 245 48.98
68 120 77 616
1107 5 119 220 50.40
74 112 342 86
1108 36 94 285 241.04
624 325 181 172
1109 57 9 113 105.87
291 86 55 58
1110 90 35 253 248.26
288 1656 644 264
1111 109 67 238 23.13
52 53 36 24
1112 8 0 40 116.53
260 330 111 101
1113 2 120 243 64.94
118 102 124 554
1114 42 68 228 148.01
230 724 343 213
1115 58 1 71 47.03
132 26 24 25
1116 33 46 244 76.70
139 126 389 158
1117 160 48 250 76.96
110 335 317 92
1118 31 1 95 94.27
269 41 40 38
1119 32 57 288 1.91
4 4 3 7
1120 6 5 151 724.70
1863 808 937 422
1121 10 4 125 84.72
115 143 230 1102
1122 5 35 77 220.36
376 764 802 206
1123 61 4 221 212.71
398 986 144 223
1124 22 0 68 110.60
199 319 387 184
1125 32 97 272 215.25
271 1274 638 257
1126 18 12 145 420.08
719 1611 1033 890
1127 68 18 132 9.62
13 18 13 147
1128 82 11 285 49.93
80 269 48 99
1129 60 80 263 470.06
1283 445 194 294
1130 31 65 262 149.45
407 102 104 140
1131 3 73 189 67.67
177 80 46 66
1132 10 225 263 69.24
120 323 87 120
1133 4 0 17 110.81
230 105 114 947
1134 55 6 288 529.37
1118 1274 890 1246
1135 14 14 286 15.10
22 43 43 119
1136 8 234 286 117.87
192 174 737 326
1137 27 9 214 171.21
282 746 390 311
1138 12 8 172 98.23
190 204 392 119
1139 11 157 287 104.32
189 171 372 531
1140 47 239 287 8.33
23 5 6 5
1141 45 37 277 11.32
20 25 22 82
1142 25 41 245 4.87
8 13 14 28
1143 43 4 147 33.41
61 40 67 312
1144 32 158 253 144.51
419 37 60 45
1145 66 65 261 90.75
111 237 237 1118
1146 97 50 247 100.39
202 126 168 725
1147 3 0 103 443.31
950 739 898 1529
1148 29 7 71 95.66
256 88 62 94
1149 116 56 275 36.84
69 59 28 367
1150 55 140 287 1.46
4 1 1 1
1151 7 139 243 73.03
141 98 153 530
1152 33 67 287 275.20
510 990 658 271
1153 48 177 260 29.46
42 53 53 399
1154 10 69 283 321.34
517 1656 573 306
1155 33 38 176 485.94
1374 330 136 156
1156 11 58 288 428.86
853 1186 1203 322
1157 111 7 196 492.06
1108 1461 261 497
1158 96 25 227 144.81
284 131 470 846
1159 20 27 161 42.63
68 50 113 484
1160 21 16 247 169.68
206 421 968 1129
1161 38 8 65 412.89
966 659 826 396
1162 30 71 209 404.77
943 1051 206 437
1163 25 21 288 80.46
104 203 634 87
1164 22 2 63 243.96
263 1053 1296 936
1165 46 95 272 339.03
425 1284 1572 1464
1166 6 5 287 85.69
227 99 51 65
1167 57 47 283 12.02
25 12 23 79
1168 60 106 268 24.40
45 30 48 221
1169 60 28 168 26.09
29 60 186 151
1170 36 118 288 439.64
901 871 1286 887
1171 20 0 287 23.55
49 20 114 27
1172 56 14 247 110.63
165 146 363 1228
1173 80 84 283 391.19
906 1085 278 132
1174 34 74 282 9.08
9 19 97 9
1175 18 76 202 80.98
102 152 451 656
1176 19 113 198 78.02
130 141 314 445
1177 35 17 243 10.42
19 44 11 23
1178 1 73 195 148.76
308 542 114 157
1179 124 4 179 131.61
128 454 1097 246
1180 10 5 128 58.56
105 108 200 295
1181 30 228 287 87.71
128 116 152 1284
1182 181 1 266 53.57
82 341 33 40
1183 25 37 243 108.34
191 175 425 556
1184 17 21 287 8.07
11 16 25 91
1185 22 2 249 101.12
170 204 561 184
1186 76 19 136 279.67
439 884 835 1419
1187 4 255 287 308.16
542 770 1315 570
1188 47 25 288 60.18
60 464 113 100
1189 27 69 151 14.78
29 22 22 112
1190 24 259 287 129.87
370 64 43 62
1191 155 20 238 175.99
450 184 216 196
1192 115 59 288 9.13
13 14 55 54
1193 56 26 281 36.96
55 75 93 390
1194 72 7 229 19.48
55 9 10 11
1195 60 100 287 305.46
851 205 170 114
1196 71 0 285 111.66
210 244 428 218
1197 75 160 280 28.49
59 25 28 254
1198 6 82 258 251.09
282 815 1500 1279
1199 42 16 145 79.03
119 217 488 66
1200 6 175 233 238.38
686 116 58 64
1201 49 75 202 36.80
75 75 61 167
1202 45 195 287 442.37
627 1714 1565 1752
1203 14 48 282 96.27
163 215 520 125
1204 78 21 149 19.25
27 35 159 17
1205 25 27 64 449.24
974 1090 873 442
1206 23 32 168 405.03
706 1672 837 641
1207 25 76 231 100.44
113 510 459 239
1208 188 0 209 33.55
67 46 154 42
1209 215 62 281 12.99
16 24 121 14
1210 61 219 287 69.24
69 572 98 65
1211 19 59 201 64.70
120 120 104 502
1212 164 72 267 100.18
268 65 99 113
1213 33 188 270 629.81
1292 1871 1166 736
1214 62 8 173 54.70
97 80 95 537
1215 12 135 175 106.11
157 279 444 587
1216 17 15 251 25.13
35 55 52 309
1217 76 168 278 58.82
79 107 480 113
1218 61 5 211 144.91
418 46 52 65
1219 35 162 268 233.93
338 888 903 741
1220 74 23 253 8.19
23 3 6 5
1221 3 70 269 39.31
79 77 45 244
1222 18 2 181 610.85
1424 1071 1095 624
1223 18 8 246 190.01
326 283 590 1483
1224 52 25 188 240.73
334 1426 495 288
1225 91 47 282 70.56
84 163 313 708
1226 65 160 281 57.83
71 95 495 189
1227 11 34 282 258.45
482 1077 392 222
1228 20 11 252 63.29
64 537 42 99
1229 9 47 234 46.37
68 65 187 450
1230 29 191 288 248.99
362 1405 572 156
1231 41 12 157 48.42
94 88 90 298
1232 24 170 219 239.20
390 1058 690 153
1233 33 106 230 173.33
397 434 185 137
1234 6 273 287 215.04
269 755 1245 619
1235 16 266 288 558.92
1409 926 405 442
1236 92 151 261 435.64
1219 362 113 138
1237 28 29 284 308.52
806 426 213 125
1238 3 37 288 450.91
1165 626 402 173
1239 34 118 178 1.06
2 2 1 9
1240 24 203 287 98.58
277 54 60 30
1241 11 135 241 257.44
321 900 1287 1174
1242 33 20 68 52.56
103 104 108 264
1243 2 0 168 18.07
34 33 15 163
1244 1 211 240 229.65
284 1577 331 392
1245 80 15 248 3.83
8 4 5 29
1246 34 105 232 175.89
196 521 1324 521
1247 46 6 202 383.36
1013 456 204 336
1248 10 4 202 157.89
348 510 83 143
1249 47 80 274 148.69
281 186 606 616
1250 33 210 286 274.75
533 500 662 1392
1251 38 112 188 4.38
8 7 8 37
1252 39 99 261 286.05
792 165 168 239
1253 30 69 269 35.36
54 71 75 384
1254 2 48 282 132.01
165 232 1017 571
1255 11 93 238 14.56
26 13 20 176
1256 9 200 288 812.01
1855 1579 1138 1530
1257 17 105 283 82.16
97 287 545 183
1258 36 48 146 294.09
403 1142 1441 550
1259 3 112 286 122.32
214 159 309 1108
1260 39 98 278 11.15
11 91 18 11
1261 3 215 288 128.53
285 405 89 80
1262 123 5 287 7.51
12 11 21 76
1263 38 6 72 8.31
14 39 15 10
1264 42 115 254 9.39
15 15 64 16
1265 109 51 207 32.56
66 39 33 277
1266 56 6 220 94.49
147 189 89 1213
1267 9 18 81 153.07
232 178 1133 458
1268 8 252 285 74.96
135 320 115 106
1269 6 9 128 15.98
26 16 120 27
1270 83 10 286 108.74
205 145 256 805
1271 1 12 190 323.17
594 1025 969 407
1272 50 2 110 50.82
96 90 55 436
1273 40 57 250 218.95
309 516 1404 624
1274 90 129 288 295.67
631 778 421 557
1275 70 42 226 7.53
12 14 13 84
1276 19 7 173 70.09
127 117 372 106
1277 28 159 288 3.25
6 5 6 27
1278 76 30 241 34.63
74 41 40 233
1279 73 27 236 51.93
141 40 31 51
1280 41 21 210 507.63
1043 1695 775 339
1281 77 4 156 231.44
522 644 248 101
1282 26 47 252 10.82
13 31 53 79
1283 10 227 287 480.29
992 1578 606 580
1284 64 126 281 73.01
129 296 142 125
1285 37 41 136 398.67
1145 154 128 197
1286 14 234 287 92.68
259 49 48 70
1287 73 83 288 175.42
276 227 1276 359
1288 44 219 287 158.62
295 278 584 610
1289 3 18 240 122.65
341 85 64 56
1290 51 78 284 113.92
175 674 102 166
1291 167 24 288 329.60
724 925 413 272
1292 64 211 287 179.21
507 103 61 88
1293 17 129 286 99.50
113 234 376 1193
1294 24 6 209 143.45
153 233 1214 828
1295 29 103 259 26.59
74 13 21 13
1296 131 11 276 52.75
101 48 57 570
1297 23 13 284 269.25
491 815 594 937
1298 49 8 271 13.39
36 7 15 14
1299 40 0 219 65.81
112 116 279 323
1300 23 142 287 29.03
57 66 29 180
1301 50 22 180 30.37
59 61 47 188
1302 30 172 288 197.16
510 208 218 180
1303 16 56 181 79.99
116 326 365 68
1304 84 1 255 287.39
490 504 1307 1229
1305 46 109 195 2.49
5 5 5 11
1306 29 69 283 19.83
35 45 34 150
1307 37 194 261 103.50
188 130 142 1093
1308 50 61 288 33.43
57 67 68 286
1309 55 67 275 42.18
77 63 42 442
1310 77 4 173 42.70
79 82 44 375
1311 49 20 207 44.37
57 107 101 565
1312 11 0 57 110.67
214 149 159 943
1313 21 43 287 676.37
1650 1013 1136 337
1314 17 20 216 508.88
1138 1435 562 268
1315 42 178 288 500.57
1291 757 257 417
1316 69 32 242 2.02
4 4 8 2
1317 10 13 196 34.19
34 283 44 40
1318 3 0 12 11.95
18 25 26 129
1319 3 190 287 57.08
88 157 110 503
1320 135 56 288 17.25
33 34 37 95
1321 22 87 250 11.95
15 82 18 16
1322 59 0 172 25.20
71 14 14 7
1323 33 46 285 243.44
356 779 1006 1014
1324 4 2 155 185.87
520 111 84 119
1325 172 53 274 25.93
48 49 55 173
1326 69 13 156 118.67
332 67 60 75
1327 121 75 288 432.88
1175 469 126 290
1328 172 26 270 42.37
82 48 36 437
1329 2 175 287 107.07
200 200 106 939
1330 5 144 285 214.43
358 600 975 352
1331 53 116 255 202.76
387 593 509 403
1332 45 19 271 762.88
1731 1256 1769 885
1333 20 87 133 85.85
163 170 85 687
1334 90 8 217 127.38
343 97 113 95
1335 59 78 276 65.43
116 105 96 650
1336 72 0 269 266.07
337 1236 1280 323
1337 30 41 264 53.53
58 140 414 215
1338 14 105 288 488.13
1308 518 310 261
1339 2 142 288 458.86
1208 565 308 280
1340 7 44 225 73.36
117 145 262 521
1341 117 13 288 15.95
45 9 6 9
1342 6 1 210 107.64
258 254 60 81
1343 34 2 257 51.62
148 26 14 16
1344 48 81 179 542.24
1515 475 121 170
1345 12 227 288 301.11
662 857 403 153
1346 82 97 244 14.54
40 9 11 9
1347 29 15 287 139.66
199 254 847 694
1348 13 148 276 136.20
150 590 792 335
1349 43 52 241 56.70
162 29 13 29
1350 29 0 149 85.24
236 68 40 35
1351 169 93 281 12.00
20 21 38 91
1352 86 30 280 28.44
58 47 63 130
1353 31 178 241 140.18
166 283 1030 725
1354 14 33 287 228.92
361 782 592 1146
1355 17 1 197 209.18
596 92 69 133
1356 49 8 235 127.78
113 782 676 151
1357 35 42 134 3.74
4 6 40 5
1358 7 43 247 95.97
163 172 391 499
1359 14 14 94 64.25
96 125 124 764
1360 18 8 93 171.59
293 216 639 1265
1361 68 67 191 70.84
83 554 61 65
1362 21 28 271 312.00
663 896 444 403
1363 51 40 128 139.05
212 140 1187 148
1364 45 163 251 21.17
29 30 30 344
1365 37 97 254 11.15
12 90 15 6
1366 6 11 275 451.14
1147 693 356 326
1367 28 41 154 184.01
208 477 1411 656
1368 40 4 174 6.19
7 13 57 12
1369 21 55 105 892.89
2083 1775 858 1748
1370 2 48 223 131.12
248 543 148 176
1371 5 92 288 341.48
931 286 214 194
1372 86 7 230 29.79
78 32 30 18
1373 19 10 248 167.68
168 649 1310 208
1374 77 36 251 7.41
15 8 15 51
1375 59 122 206 51.29
98 205 68 57
1376 71 152 287 45.95
67 61 382 68
1377 8 271 287 49.29
90 74 100 413
1378 5 1 194 45.90
59 147 93 498
1379 30 154 194 95.85
139 283 544 191
1380 71 92 226 244.69
635 384 137 84
1381 13 57 288 591.41
1582 736 241 299
1382 1 206 264 383.78
793 1453 336 179
1383 30 74 175 81.90
176 271 80 44
1384 27 3 264 92.56
191 187 161 377
1385 11 61 196 79.36
214 63 67 54
1386 7 140 267 1.69
3 4 3 12
1387 11 47 287 85.17
183 125 84 515
1388 20 55 270 369.41
883 636 489 453
1389 12 163 272 107.03
195 525 86 72
1390 2 3 186 103.14
139 165 928 87
1391 41 186 254 395.92
1118 268 143 86
1392 58 59 284 385.36
1100 190 125 159
1393 19 146 248 137.71
276 185 457 520
1394 66 149 256 148.86
415 109 55 80
1395 29 5 273 494.50
1381 392 146 216
1396 48 105 218 265.09
585 841 163 228
1397 95 59 287 157.52
430 130 81 123
1398 6 172 281 113.76
317 64 50 105
1399 72 30 199 15.43
32 27 38 51
1400 7 70 265 109.40
177 126 290 1214
1401 19 31 138 38.89
73 75 87 232
1402 111 11 279 91.29
147 277 451 89
1403 89 2 285 128.70
358 60 82 114
1404 8 171 266 99.00
179 193 78 967
1405 6 139 223 432.27
1161 452 252 259
1406 62 12 209 131.38
191 521 587 173
1407 42 139 286 68.77
106 45 598 108
1408 63 7 288 503.87
1270 678 691 220
1409 2 9 232 33.76
59 41 64 358
1410 20 147 277 68.04
196 27 22 23
1411 31 225 288 512.55
1218 1200 373 387
1412 8 78 163 54.42
63 302 231 63
1413 11 115 270 31.50
76 68 19 33
1414 54 50 269 28.59
53 29 47 292
1415 18 15 103 7.86
12 11 55 23
1416 72 21 238 156.20
360 345 195 174
1417 16 79 275 126.58
211 460 433 180
1418 6 68 287 164.43
242 678 694 179
1419 35 23 279 91.78
258 34 58 71
1420 90 7 230 468.34
1326 284 132 226
1421 8 21 259 117.73
211 568 131 84
1422 1 0 32 30.16
52 40 33 368
1423 33 177 288 192.24
384 227 602 910
1424 171 96 286 73.38
84 254 526 129
1425 21 68 281 264.38
341 1230 1208 357
1426 31 42 277 15.67
30 26 23 122
1427 36 123 283 175.56
334 126 726 956
1428 72 36 241 74.89
211 33 44 42
1429 72 43 287 240.26
313 1258 839 378
1430 53 85 265 351.85
970 287 184 146
1431 31 67 167 20.54
31 49 35 222
1432 27 87 262 101.24
168 309 422 180
1433 86 79 279 89.00
142 136 183 1021
1434 45 8 182 337.43
938 227 217 95
1435 6 94 281 123.83
227 269 559 160
1436 1 214 280 246.62
651 270 177 204
1437 16 19 97 5.01
7 9 40 8
1438 4 4 228 138.41
230 526 476 133
1439 47 4 273 34.54
37 97 83 493
1440 38 71 196 178.20
315 326 554 1078
1441 20 9 233 227.56
412 246 1264 638
1442 11 53 151 36.26
54 48 202 237
1443 155 34 288 62.37
175 33 41 20
1444 65 205 287 52.23
144 33 41 23
1445 1 56 190 213.07
608 103 59 117
1446 2 216 241 56.82
107 79 91 498
1447 80 58 210 178.93
422 472 106 69
1448 27 3 96 111.47
198 524 129 136
1449 11 146 271 32.59
54 42 69 365
1450 23 148 288 152.74
151 1136 339 292
1451 8 41 147 174.90
220 694 797 678
1452 84 65 243 3.60
7 6 8 21
1453 36 74 284 20.35
26 110 73 25
1454 17 76 135 279.27
427 1045 926 905
1455 80 118 274 13.74
25 27 18 117
1456 45 121 220 177.12
261 506 1001 354
1457 187 8 266 47.69
136 18 26 17
1458 34 13 272 307.20
869 134 168 153
1459 11 108 202 14.73
26 19 33 139
1460 5 203 287 100.02
134 442 449 151
1461 120 165 287 48.87
95 65 45 462
1462 6 225 238 203.75
493 441 160 115
1463 103 16 188 100.16
278 67 38 88
1464 60 40 174 253.86
597 558 293 172
1465 44 89 260 10.80
14 73 13 18
1466 3 187 282 361.31
1050 81 139 136
1467 17 30 199 199.18
569 103 51 89
1468 42 24 288 253.72
699 180 167 124
1469 9 33 157 13.46
20 27 97 17
1470 41 129 288 242.99
383 1223 550 197
1471 1 154 228 138.91
259 152 570 682
1472 4 204 287 56.54
97 255 102 76
1473 17 6 93 329.20
583 873 1165 881
1474 70 61 287 13.25
37 8 8 5
1475 7 14 217 15.10
22 38 41 138
1476 4 271 287 121.59
144 544 590 340
1477 23 218 288 218.03
342 424 1057 1093
1478 3 144 287 2.52
7 2 1 1
1479 2 85 223 202.27
235 1223 671 296
1480 46 64 204 33.39
38 46 346 57
1481 29 25 187 71.90
123 135 89 751
1482 31 3 238 58.70
64 437 107 74
1483 3 138 288 644.30
1481 1402 1067 311
1484 18 127 284 83.45
123 529 80 78
1485 14 237 269 134.70
202 484 659 127
1486 68 143 286 383.29
959 786 156 195
1487 17 156 281 254.14
282 1412 745 1128
1488 5 45 256 367.27
932 664 154 262
1489 69 13 209 102.86
185 479 126 93
1490 35 24 145 1.46
4 1 1 1
1491 126 76 279 29.29
51 57 32 296
1492 40 65 287 36.84
66 59 75 315
1493 14 134 288 79.12
181 201 69 88
1494 62 4 192 26.14
76 5 10 12
1495 18 18 261 114.39
225 460 136 60
1496 72 54 157 76.65
217 32 39 46
1497 96 26 288 196.88
540 119 168 115
1498 105 9 214 10.12
27 8 11 6
1499 17 134 236 21.17
36 24 149 26
1500 23 36 288 14.02
18 102 11 16
1501 16 85 255 16.40
22 18 160 15
1502 28 155 288 133.59
134 403 1052 489
1503 15 49 231 34.51
40 80 225 217
1504 3 1 168 25.46
36 41 73 309
1505 1 20 128 432.46
1142 600 218 157
1506 49 155 287 13.29
38 5 6 6
1507 2 131 214 34.94
46 88 88 401
1508 8 134 288 261.13
490 224 983 1601
1509 26 109 288 167.23
188 345 1242 957
1510 56 27 235 29.64
42 201 21 27
1511 32 89 282 2.19
6 1 2 2
1512 12 175 277 36.73
60 101 86 246
1513 58 221 284 186.95
539 49 91 71
1514 45 148 286 13.01
36 8 8 9
1515 26 97 242 25.67
48 39 23 256
1516 54 93 272 210.29
560 194 203 110
1517 108 122 287 102.20
281 84 54 50
1518 51 15 276 0.73
1 2 2 7
1519 10 41 253 241.91
522 828 155 180
1520 28 14 243 49.15
56 135 108 684
1521 45 55 264 145.24
147 265 1433 454
1522 10 72 268 213.42
596 86 155 159
1523 1 15 270 166.67
483 64 40 50
1524 126 43 279 14.35
27 28 22 104
1525 4 7 225 183.77
469 181 244 214
1526 36 19 215 51.05
59 162 397 64
1527 63 211 287 88.44
192 131 84 510
1528 7 31 196 21.76
29 60 74 191
1529 88 86 264 76.21
84 183 166 1182
1530 45 60 196 33.43
47 47 200 222
1531 24 96 288 246.62
476 1103 153 203
1532 27 21 94 19.93
35 36 34 181
1533 82 17 288 422.67
1082 734 209 197
1534 37 17 107 234.62
390 407 1418 455
1535 3 251 287 219.98
225 910 1515 440
1536 8 45 287 124.20
229 126 487 721
1537 51 2 274 560.19
1445 918 206 414
1538 1 0 172 148.74
146 607 993 471
1539 40 2 142 40.66
67 67 66 457
1540 33 95 288 236.22
415 543 1110 381
1541 73 63 205 417.00
1171 239 194 225
1542 42 140 252 64.47
121 102 224 292
1543 5 112 287 173.80
259 565 947 172
1544 61 41 206 44.94
70 118 106 364
1545 2 0 220 110.46
170 256 675 197
1546 72 108 269 225.39
341 457 1074 1287
1547 91 4 265 319.67
890 216 188 103
1548 4 89 176 43.74
35 409 46 50
1549 12 155 263 245.32
622 459 105 132
1550 43 6 236 298.71
534 852 695 1274
1551 18 53 207 60.63
107 219 166 90
1552 18 0 275 88.96
186 108 138 577
1553 12 88 278 220.55
589 223 153 153
1554 1 19 244 122.08
191 255 336 1078
1555 38 43 275 9.29
13 22 31 85
1556 46 225 288 2.07
4 4 3 14
1557 7 103 222 23.22
32 64 97 153
1558 107 3 280 26.19
48 26 35 293
1559 5 266 287 188.46
235 281 1091 1695
1560 58 25 213 206.03
542 156 231 239
1561 12 97 268 233.63
423 549 958 445
1562 16 162 268 29.81
34 42 312 41
1563 36 75 186 241.20
433 708 824 418
1564 26 24 71 340.19
803 686 360 439
1565 26 1 53 98.32
148 356 425 189
1566 2 75 285 302.66
598 641 887 795
1567 12 1 138 226.29
348 756 1081 316
1568 13 31 232 21.93
41 54 27 142
1569 7 0 106 277.18
570 851 450 348
1570 49 24 217 49.71
65 68 375 249
1571 23 48 288 41.03
115 25 13 33
1572 34 37 237 48.02
95 55 91 364
1573 76 153 287 117.47
188 656 99 195
1574 51 12 126 87.33
142 471 104 103
1575 55 108 274 32.59
45 42 234 161
1576 7 153 288 25.34
35 33 55 378
1577 45 1 288 21.08
26 61 67 215
1578 41 1 288 13.93
19 96 11 16
1579 19 241 279 399.03
714 1631 854 363
1580 8 124 258 38.42
74 179 19 22
1581 25 128 221 450.69
1058 969 617 203
1582 97 8 206 38.77
78 47 80 255
1583 7 11 211 111.38
133 612 418 200
1584 93 163 287 6.42
9 16 9 81
1585 26 158 288 353.71
798 981 334 251
1586 101 36 261 82.65
158 137 89 712
1587 1 210 239 265.77
312 1097 1347 943
1588 10 68 190 505.09
1283 752 454 342
1589 4 61 287 69.24
194 32 44 43
1590 33 20 168 118.06
123 949 148 153
1591 22 12 251 332.26
958 115 116 133
1592 87 6 255 83.10
225 56 80 54
1593 9 9 42 56.32
80 161 78 635
1594 14 4 167 34.47
54 25 302 30
1595 36 192 275 46.47
82 116 103 273
1596 172 6 288 400.11
1060 577 129 177
1597 150 5 260 99.17
185 162 429 281
1598 65 78 223 89.12
111 662 75 98
1599 60 111 288 24.02
35 69 65 194
1600 99 0 248 137.64
393 41 77 71
1601 14 47 236 83.52
197 219 48 39
1602 40 39 148 70.63
116 102 75 922
1603 2 44 107 41.64
65 38 358 30
1604 4 27 269 279.67
779 208 93 171
1605 9 28 200 207.37
328 591 700 1049
1606 67 2 220 126.58
338 137 57 123
1607 5 22 224 46.63
77 42 276 226
1608 55 88 231 342.44
960 225 151 138
1609 45 47 185 1.65
3 3 3 13
1610 37 33 256 122.44
172 250 958 130
1611 5 67 249 4.07
4 7 45 6
1612 64 73 244 371.17
694 777 1081 1567
1613 4 0 176 83.03
232 56 27 59
1614 74 72 235 7.95
9 21 21 107
1615 28 141 280 61.62
160 66 57 67
1616 15 23 56 32.26
41 243 24 20
1617 3 159 205 42.75
38 384 38 57
1618 48 54 273 16.16
25 32 29 183
1619 7 21 287 118.11
186 647 146 183
1620 15 25 82 69.78
65 350 457 92
1621 5 180 242 437.38
1242 171 234 221
1622 6 53 241 209.49
306 1110 510 270
1623 58 90 285 112.37
184 552 186 172
1624 15 5 135 143.94
420 34 38 60
1625 25 165 288 81.81
104 155 177 1202
1626 15 13 277 247.44
390 576 939 1451
1627 21 54 159 9.03
16 12 18 88
1628 9 132 217 313.48
675 750 532 560
1629 34 174 288 63.97
172 48 56 55
1630 32 57 288 263.67
358 1014 1117 919
1631 26 58 284 42.07
67 223 52 77
1632 155 108 286 47.76
96 48 62 418
1633 4 102 206 43.31
84 67 52 360
1634 17 34 288 674.82
1642 890 1285 454
1635 3 207 237 5.88
7 16 7 90
1636 94 16 149 103.00
197 182 191 692
1637 99 9 251 186.13
313 587 821 126
1638 16 19 192 60.25
72 193 439 96
1639 5 151 287 619.69
1527 828 1057 363
1640 9 221 286 93.55
159 433 158 135
1641 22 11 237 361.36
813 1009 294 362
1642 10 60 287 59.95
97 70 110 760
1643 26 130 266 95.73
135 605 103 158
1644 15 33 281 137.02
221 270 379 1162
1645 12 64 219 12.68
19 33 41 92
1646 10 72 278 47.67
85 66 77 484
1647 138 10 286 63.01
108 114 98 628
1648 16 205 278 224.36
588 298 155 100
1649 61 18 242 129.73
354 96 102 66
1650 3 0 47 27.74
39 191 22 16
1651 3 141 238 198.90
412 307 603 559
1652 18 10 287 18.23
31 20 130 21
1653 120 78 274 95.17
103 204 842 307
1654 34 3 116 311.13
803 488 196 126
1655 34 73 288 353.27
622 1213 861 946
1656 79 34 242 21.81
43 38 33 145
1657 92 70 251 28.54
82 9 15 8
1658 15 115 275 67.95
103 98 179 794
1659 58 10 103 417.73
714 1114 1496 1425
1660 35 9 147 47.34
61 114 66 684
1661 57 2 282 20.92
43 34 46 93
1662 61 214 288 23.90
32 52 46 320
1663 18 160 278 546.15
1125 1709 729 878
1664 49 18 132 69.67
100 111 444 340
1665 54 85 184 64.39
87 328 227 81
1666 68 103 282 26.42
17 258 36 39
1667 41 129 286 54.84
148 49 28 56
1668 6 76 236 109.71
195 140 452 609
1669 24 112 272 87.38
156 129 248 647
1670 31 13 261 33.90
48 62 78 427
1671 9 6 166 111.80
325 33 35 33
1672 7 64 288 447.07
1207 538 156 178
1673 3 135 268 68.89
96 441 86 89
1674 146 105 287 53.81
97 96 72 497
1675 1 49 213 139.85
237 338 716 180
1676 15 11 267 323.57
554 1349 766 418
1677 91 44 180 6.35
17 4 7 6
1678 37 171 288 551.44
1381 1157 160 313
1679 70 26 281 117.40
322 92 62 82
1680 18 85 275 20.37
32 23 163 23
1681 8 245 276 70.68
75 146 722 72
1682 5 120 209 221.68
478 642 270 264
1683 124 47 209 39.22
71 51 44 432
1684 51 99 256 160.67
243 152 1174 623
1685 21 169 258 126.81
215 259 593 417
1686 10 41 248 45.48
59 149 286 88
1687 24 98 287 189.33
451 453 97 180
1688 8 1 264 32.80
61 43 171 69
1689 46 29 221 330.87
949 109 152 146
1690 53 111 234 11.86
34 5 5 3
1691 145 72 287 73.59
130 168 140 524
1692 20 121 252 123.31
197 281 722 196
1693 15 254 287 21.43
39 38 26 199
1694 4 89 105 90.25
219 194 74 40
1695 17 107 264 24.28
67 14 18 16
1696 37 93 288 376.63
1062 215 178 139
1697 151 41 244 88.70
172 103 130 793
1698 11 7 184 14.85
30 17 18 124
1699 28 13 123 61.43
172 29 39 38
1700 10 6 67 277.01
537 694 875 424
1701 45 13 281 93.22
167 181 114 853
1702 33 185 260 52.14
83 93 63 649
1703 12 80 194 33.57
49 82 50 395
1704 90 44 287 8.35
14 16 19 73
1705 31 44 236 23.20
41 55 53 141
1706 2 275 287 178.93
432 428 82 109
1707 44 52 240 48.14
91 56 94 416
1708 34 42 126 410.56
761 1458 1013 396
1709 55 35 287 48.42
63 339 51 57
1710 38 29 260 95.50
126 164 779 245
1711 37 3 65 262.00
742 158 106 62
1712 10 17 119 111.31
152 180 917 229
1713 24 4 246 18.00
32 40 38 121
1714 89 22 215 236.19
254 932 1625 437
1715 28 131 287 230.50
643 117 145 154
1716 14 27 286 40.51
47 258 98 94
1717 1 77 279 86.04
165 161 197 470
1718 7 89 211 47.31
64 63 427 72
1719 31 165 287 489.51
1310 554 320 164
1720 54 22 275 21.76
45 82 15 19
1721 66 203 282 107.71
93 143 1217 413
1722 48 2 226 126.86
217 196 384 998
1723 43 57 249 8.87
9 66 17 19
1724 29 38 287 121.97
119 331 1140 245
1725 54 197 287 53.74
102 75 63 505
1726 1 0 194 32.77
35 264 36 39
1727 8 0 180 33.55
47 215 40 43
1728 15 271 288 349.83
904 526 229 177
1729 97 71 215 80.18
131 87 317 679
1730 4 63 88 18.73
23 15 204 21
1731 2 7 162 96.79
175 195 123 833
1732 164 23 204 203.04
220 972 1101 432
1733 152 0 232 356.35
742 913 906 207
1734 5 158 288 38.66
112 11 16 10
1735 25 57 275 206.22
501 468 109 129
1736 60 57 204 287.65
455 1304 874 196
1737 30 232 287 152.36
420 111 96 71
1738 13 118 288 192.27
366 818 196 202
1739 2 13 208 438.55
893 1632 505 232
1740 14 51 242 185.77
531 75 74 89
1741 12 1 235 333.13
914 293 147 190
1742 75 70 288 122.20
208 187 463 795
1743 79 47 248 519.98
1448 394 186 275
1744 23 108 280 124.41
165 183 879 671
1745 46 42 281 16.99
45 17 11 19
1746 59 183 287 218.01
619 77 126 117
1747 27 47 288 19.39
37 39 41 107
1748 61 25 168 5.74
10 11 17 37
1749 12 5 78 45.41
66 132 276 58
1750 77 34 141 80.70
216 73 55 77
1751 28 23 270 329.13
514 1216 1361 423
1752 12 0 194 486.97
1131 715 1150 419
1753 62 13 245 399.97
1112 300 120 292
1754 18 112 268 339.55
926 353 113 183
1755 99 13 280 24.89
41 59 41 225
1756 21 42 188 222.10
299 839 842 1053
1757 10 219 287 86.53
97 115 855 265
1758 1 67 234 9.13
15 14 11 114
1759 44 59 252 208.55
589 105 104 95
1760 41 50 284 177.92
238 1057 442 175
1761 91 17 281 419.73
1086 663 211 225
1762 15 82 242 301.36
428 1065 1171 1280
1763 10 152 273 187.23
526 131 63 75
1764 34 8 83 285.37
688 592 241 239
1765 6 1 73 320.99
554 1115 1125 292
1766 31 111 264 46.18
83 73 85 412
1767 73 22 155 136.53
212 823 98 170
1768 2 81 272 170.62
258 289 1211 351
1769 66 0 167 81.17
231 37 24 57
1770 56 170 284 76.91
106 233 381 324
1771 37 12 111 251.79
460 1091 323 343
1772 85 80 264 130.86
327 196 140 116
1773 36 86 223 455.42
1243 392 318 143
1774 35 70 234 39.06
112 18 9 20
1775 14 76 185 103.85
84 883 219 151
1776 3 10 132 65.52
104 138 107 701
1777 3 112 148 142.41
400 82 67 73
1778 23 103 204 106.84
223 127 119 800
1779 109 8 206 54.65
107 64 50 533
1780 76 1 125 94.25
84 804 137 144
1781 174 1 211 51.78
90 245 72 62
1782 5 1 56 12.56
20 30 15 134
1783 41 55 254 2.24
6 2 2 1
1784 10 11 248 60.75
173 23 30 31
1785 99 28 259 26.59
55 57 38 113
1786 82 21 141 238.97
399 497 949 1182
1787 27 122 181 91.66
170 387 116 123
1788 32 89 179 106.56
300 48 56 73
1789 1 0 229 171.70
365 585 176 81
1790 20 172 233 221.94
548 410 195 141
1791 31 39 261 197.75
269 1139 486 250
1792 109 75 208 32.66
61 134 48 36
1793 2 7 233 606.09
1446 821 1239 576
1794 74 101 210 261.89
666 492 118 95
1795 10 193 288 160.83
278 429 502 653
1796 112 23 244 142.34
402 45 99 89
1797 37 27 216 278.83
365 1481 1057 184
1798 23 17 152 22.05
18 194 33 37
1799 133 17 234 205.82
261 553 1278 879
1800 19 2 55 232.83
327 1249 709 153
1801 6 95 274 6.73
18 7 4 5
1802 102 25 265 15.32
28 31 19 128
1803 67 1 103 206.36
252 685 1461 266
1804 45 146 278 115.19
326 39 71 73
1805 4 34 288 80.35
131 159 136 832
1806 37 111 241 49.88
101 54 96 352
1807 16 157 227 47.57
64 194 218 108
1808 9 46 256 10.80
20 12 20 103
1809 53 61 222 242.78
343 1039 1090 220
1810 1 0 77 200.36
271 930 844 244
1811 161 1 176 160.11
460 63 53 70
1812 23 196 253 398.20
640 1354 1321 1261
1813 72 17 259 1.44
2 4 9 3
1814 43 3 137 201.75
419 575 377 230
1815 53 108 241 133.31
266 363 302 249
1816 3 203 283 257.46
704 264 113 69
1817 68 152 288 230.81
441 855 429 213
1818 33 2 235 43.22
117 41 25 26
1819 29 68 264 11.32
17 18 88 13
1820 88 171 287 153.52
241 369 882 280
1821 38 101 261 8.75
13 20 19 92
1822 75 43 288 85.95
117 157 696 152
1823 63 33 219 163.23
219 691 609 581
1824 23 95 225 125.45
198 157 823 443
1825 23 9 232 305.72
724 671 353 139
1826 18 0 266 48.30
138 24 19 11
1827 4 141 176 268.99
623 699 228 158
1828 20 96 262 183.94
522 76 116 50
1829 14 4 254 23.62
30 59 26 355
1830 30 92 282 112.72
214 185 123 994
1831 23 102 243 18.80
54 9 5 6
1832 36 122 244 257.58
645 403 270 169
1833 17 137 241 133.66
372 94 51 89
1834 21 47 288 109.73
105 661 524 163
1835 42 0 201 27.10
39 53 61 325
1836 20 124 195 96.96
86 132 1066 389
1837 60 13 175 58.58
94 111 150 541
1838 47 36 232 9.67
16 27 30 46
1839 5 66 138 87.40
157 129 164 802
1840 16 107 179 62.14
176 33 24 30
1841 55 11 259 60.84
81 91 451 277
1842 25 28 81 80.28
88 660 57 86
1843 64 44 287 313.18
575 1100 881 199
1844 167 0 206 41.50
82 66 66 286
1845 73 73 275 62.11
90 142 146 662
1846 23 4 118 40.99
62 68 315 40
1847 58 14 136 243.82
607 413 219 188
1848 2 0 141 27.74
50 40 40 279
1849 22 189 278 111.21
189 212 220 1005
1850 18 3 176 12.52
17 29 94 19
1851 35 152 269 67.97
55 610 84 121
1852 30 184 225 287.18
609 1006 150 362
1853 5 15 54 20.28
31 19 58 255
1854 6 71 288 97.92
172 253 250 495
1855 17 164 212 75.22
110 478 84 55
1856 23 17 231 144.55
136 720 981 118
1857 15 226 288 121.94
245 108 457 515
1858 5 0 248 622.35
1449 1271 867 619
1859 13 122 274 21.90
38 32 136 31
1860 121 89 271 339.81
852 682 117 235
1861 23 0 171 36.99
64 37 242 81
1862 9 1 268 95.95
147 175 142 1211
1863 12 2 263 65.71
93 239 341 92
1864 102 159 288 75.31
124 225 365 60
1865 99 27 225 48.35
38 458 33 83
1866 13 88 287 58.40
100 88 366 86
1867 35 67 286 33.15
92 23 21 10
1868 38 205 287 54.21
70 129 320 297
1869 19 25 204 177.14
268 1009 262 226
1870 66 93 212 22.05
49 36 21 101
1871 22 0 288 168.29
432 227 122 180
1872 48 227 287 104.49
190 114 265 909
1873 87 117 287 72.51
210 18 26 36
1874 66 23 242 339.79
537 1048 1055 1670
1875 62 34 171 176.57
244 969 459 264
1876 16 51 84 3.69
7 7 6 26
1877 51 94 224 35.39
44 219 68 95
1878 19 1 235 78.58
70 678 77 172
1879 52 175 252 124.81
187 572 419 133
1880 100 93 288 11.48
19 19 69 27
1881 2 108 280 14.21
17 21 145 13
1882 96 19 224 260.10
322 1164 1291 473
1883 2 159 239 2.96
5 5 4 33
1884 8 76 156 38.02
66 34 278 34
1885 3 66 116 273.51
467 851 968 598
1886 45 138 234 289.48
780 235 230 219
1887 52 22 251 115.38
182 293 292 893
1888 55 71 284 73.81
193 64 78 87
1889 4 83 199 354.09
1011 119 185 169
1890 75 52 252 26.40
44 34 49 306
1891 62 23 171 155.78
173 519 1162 318
1892 17 113 287 316.38
820 452 147 317
1893 42 82 280 79.10
96 564 82 162
1894 28 142 195 37.24
61 64 46 445
1895 5 85 207 91.99
144 114 604 344
1896 17 58 287 10.09
16 18 14 123
1897 41 50 170 346.23
786 1013 253 167
1898 27 136 287 261.27
707 209 215 150
1899 1 10 43 41.57
65 51 248 208
1900 37 44 112 30.63
86 12 21 20
1901 7 130 286 196.69
426 548 257 238
1902 43 9 183 76.61
147 312 66 130
1903 50 224 287 86.53
162 64 158 902
1904 3 72 263 230.50
354 946 812 379
1905 68 83 275 144.79
237 332 427 986
1906 39 139 288 258.47
283 1250 911 1452
1907 19 9 228 616.09
1597 863 437 365
1908 28 204 276 55.83
81 346 78 45
1909 6 8 287 53.17
90 47 70 719
1910 17 32 283 27.20
35 54 39 426
1911 49 18 224 372.30
1053 180 201 140
1912 18 221 246 222.88
366 646 981 449
1913 18 0 151 94.96
128 236 352 832
1914 36 21 287 386.77
1127 112 103 119
1915 27 51 280 134.08
304 388 92 95
1916 4 132 271 370.28
605 1375 1328 487
1917 23 155 274 114.89
145 479 580 256
1918 83 48 287 31.55
38 74 53 481
1919 7 90 236 323.32
918 171 125 127
1920 14 201 288 332.37
642 1299 537 168
1921 9 0 74 37.27
61 71 59 399
1922 63 62 156 457.68
1198 614 249 341
1923 40 175 288 7.62
10 11 70 11
1924 3 23 224 138.25
168 433 1032 161
1925 39 2 155 69.76
192 38 55 53
1926 2 61 288 462.55
1231 595 200 241
1927 8 75 262 20.85
37 39 112 27
1928 43 43 282 11.01
17 19 25 123
1929 21 51 276 10.19
29 4 4 7
1930 34 82 203 87.40
106 110 679 543
1931 6 39 81 48.37
86 99 81 393
1932 49 13 240 116.74
190 514 327 106
1933 11 61 229 324.02
524 994 1214 1026
1934 140 68 226 22.28
62 17 9 10
1935 165 8 247 191.44
502 201 194 118
1936 26 55 216 281.11
326 1304 1441 590
1937 44 89 185 334.07
701 955 498 524
1938 11 23 230 151.94
288 106 681 746
1939 11 57 285 50.49
57 94 482 102
1940 27 62 269 2.00
4 2 4 15
1941 20 67 260 53.36
88 267 71 93
1942 21 164 286 523.77
1119 1159 1344 431
1943 52 74 284 63.29
180 28 34 18
1944 98 10 143 7.48
13 13 10 77
1945 68 20 207 16.21
15 137 25 18
1946 13 47 267 39.43
42 306 62 46
1947 26 203 288 230.01
320 990 1037 252
1948 8 21 253 328.96
309 1544 1751 1522
1949 12 96 140 209.75
259 973 1017 336
1950 7 7 154 40.56
64 113 213 63
1951 24 5 190 261.25
411 1163 821 219
1952 20 252 287 80.44
96 186 189 1139
1953 6 19 201 88.86
139 321 380 108
1954 7 20 288 625.93
1640 708 497 526
1955 17 8 198 45.08
128 21 19 23
1956 77 74 270 28.21
55 35 33 258
1957 4 58 287 184.64
254 590 929 664
1958 132 26 237 13.79
29 13 22 97
1959 99 63 208 176.74
421 374 203 90
1960 79 164 279 40.33
69 90 49 380
1961 65 6 267 2.49
6 4 4 2
1962 11 130 288 626.54
1401 1683 695 577
1963 10 195 212 337.48
835 646 228 260
1964 26 221 274 314.89
818 393 283 187
1965 3 1 198 333.67
945 171 171 97
1966 4 105 288 8.35
14 7 13 112
1967 19 211 241 30.30
49 25 244 39
1968 55 2 219 304.05
479 758 1337 1269
1969 56 27 282 28.04
43 72 164 46
1970 108 49 234 279.18
791 115 136 175
1971 19 37 161 130.95
374 53 53 65
1972 32 16 102 22.49
64 8 13 10
1973 145 4 243 103.52
272 95 104 99
1974 24 47 282 63.57
106 198 92 440
1975 1 0 144 106.16
230 87 210 611
1976 7 196 281 40.66
117 12 12 30
1977 95 163 287 22.14
57 21 27 26
1978 91 97 245 10.68
30 5 6 7
1979 16 44 270 313.27
514 657 1524 1100
1980 86 31 132 331.64
934 168 201 114
1981 117 2 252 382.06
1067 282 145 165
1982 50 58 201 29.17
36 71 81 361
1983 20 14 211 76.63
158 74 107 609
1984 5 84 165 23.15
36 44 26 296
1985 18 80 256 180.13
367 602 218 276
1986 5 32 277 338.23
479 1649 1183 357
1987 36 11 278 207.94
277 831 1141 185
1988 36 205 272 87.88
79 126 1065 121
1989 39 16 288 50.87
81 264 89 58
1990 27 228 285 233.25
368 1198 441 286
1991 64 95 285 96.96
125 216 633 457
1992 8 0 233 145.94
301 147 437 674
1993 43 5 258 75.90
119 167 178 703
1994 14 24 133 134.37
184 339 940 238
1995 118 1 267 156.08
185 1208 93 234
1996 154 17 286 43.53
122 25 21 25
1997 10 81 248 226.62
508 669 140 233
1998 68 18 200 69.97
93 503 55 53
1999 69 164 287 107.17
193 256 260 565
