288
0 0.04231
1 0.04231
2 0.04231
3 0.04231
4 0.04231
5 0.04231
6 0.04231
7 0.04231
8 0.04231
9 0.04231
10 0.04231
11 0.04231
12 0.04231
13 0.04231
14 0.04231
15 0.04231
16 0.04231
17 0.04231
18 0.04231
19 0.04231
20 0.04231
21 0.04231
22 0.04231
23 0.04231
24 0.04231
25 0.04231
26 0.04231
27 0.04231
28 0.04231
29 0.04231
30 0.04231
31 0.04231
32 0.04231
33 0.04231
34 0.04231
35 0.04231
36 0.03355
37 0.03355
38 0.03355
39 0.03355
40 0.03355
41 0.03355
42 0.03355
43 0.03355
44 0.03355
45 0.03355
46 0.03355
47 0.03355
48 0.03190
49 0.03190
50 0.03190
51 0.03190
52 0.03190
53 0.03190
54 0.03190
55 0.03190
56 0.03190
57 0.03190
58 0.03190
59 0.03190
60 0.03190
61 0.03190
62 0.03190
63 0.03190
64 0.03190
65 0.03190
66 0.03757
67 0.03757
68 0.03757
69 0.03757
70 0.03757
71 0.03757
72 0.03952
73 0.03952
74 0.03952
75 0.03952
76 0.03952
77 0.03952
78 0.03952
79 0.03952
80 0.03952
81 0.03952
82 0.03952
83 0.03952
84 0.03952
85 0.03952
86 0.03952
87 0.03952
88 0.03952
89 0.03952
90 0.04074
91 0.04074
92 0.04074
93 0.04074
94 0.04074
95 0.04074
96 0.04074
97 0.04074
98 0.04074
99 0.04074
100 0.04074
101 0.04074
102 0.04265
103 0.04265
104 0.04265
105 0.04265
106 0.04265
107 0.04265
108 0.04311
109 0.04311
110 0.04311
111 0.04311
112 0.04311
113 0.04311
114 0.04269
115 0.04269
116 0.04269
117 0.04269
118 0.04269
119 0.04269
120 0.04507
121 0.04507
122 0.04507
123 0.04507
124 0.04507
125 0.04507
126 0.04781
127 0.04781
128 0.04781
129 0.04781
130 0.04781
131 0.04781
132 0.04507
133 0.04507
134 0.04507
135 0.04507
136 0.04507
137 0.04507
138 0.07930
139 0.07930
140 0.07930
141 0.07930
142 0.07930
143 0.07930
144 0.07957
145 0.07957
146 0.07957
147 0.07957
148 0.07957
149 0.07957
150 0.08540
151 0.08540
152 0.08540
153 0.08540
154 0.08540
155 0.08540
156 0.07930
157 0.07930
158 0.07930
159 0.07930
160 0.07930
161 0.07930
162 0.07926
163 0.07926
164 0.07926
165 0.07926
166 0.07926
167 0.07926
168 0.07926
169 0.07926
170 0.07926
171 0.07926
172 0.07926
173 0.07926
174 0.06874
175 0.06874
176 0.06874
177 0.06874
178 0.06874
179 0.06874
180 0.06874
181 0.06874
182 0.06874
183 0.06874
184 0.06874
185 0.06874
186 0.06874
187 0.06874
188 0.06874
189 0.06874
190 0.06874
191 0.06874
192 0.06874
193 0.06874
194 0.06874
195 0.06874
196 0.06874
197 0.06874
198 0.06874
199 0.06874
200 0.06874
201 0.06874
202 0.06874
203 0.06874
204 0.07926
205 0.07926
206 0.07926
207 0.07926
208 0.07926
209 0.07926
210 0.07926
211 0.07926
212 0.07926
213 0.07926
214 0.07926
215 0.07926
216 0.07926
217 0.07926
218 0.07926
219 0.07926
220 0.07926
221 0.07926
222 0.07930
223 0.07930
224 0.07930
225 0.07930
226 0.07930
227 0.07930
228 0.10754
229 0.10754
230 0.10754
231 0.10754
232 0.10754
233 0.10754
234 0.10446
235 0.10446
236 0.10446
237 0.10446
238 0.10446
239 0.10446
240 0.08680
241 0.08680
242 0.08680
243 0.08680
244 0.08680
245 0.08680
246 0.07930
247 0.07930
248 0.07930
249 0.07930
250 0.07930
251 0.07930
252 0.07926
253 0.07926
254 0.07926
255 0.07926
256 0.07926
257 0.07926
258 0.07926
259 0.07926
260 0.07926
261 0.07926
262 0.07926
263 0.07926
264 0.07926
265 0.07926
266 0.07926
267 0.07926
268 0.07926
269 0.07926
270 0.06874
271 0.06874
272 0.06874
273 0.06874
274 0.06874
275 0.06874
276 0.07926
277 0.07926
278 0.07926
279 0.07926
280 0.07926
281 0.07926
282 0.07926
283 0.07926
284 0.07926
285 0.07926
286 0.07926
287 0.07926
