288
0 0.04133
1 0.04133
2 0.04133
3 0.04133
4 0.04133
5 0.04133
6 0.03671
7 0.03671
8 0.03671
9 0.03671
10 0.03671
11 0.03671
12 0.03671
13 0.03671
14 0.03671
15 0.03671
16 0.03671
17 0.03671
18 0.03446
19 0.03446
20 0.03446
21 0.03446
22 0.03446
23 0.03446
24 0.03446
25 0.03446
26 0.03446
27 0.03446
28 0.03446
29 0.03446
30 0.03446
31 0.03446
32 0.03446
33 0.03446
34 0.03446
35 0.03446
36 0.03446
37 0.03446
38 0.03446
39 0.03446
40 0.03446
41 0.03446
42 0.03446
43 0.03446
44 0.03446
45 0.03446
46 0.03446
47 0.03446
48 0.03446
49 0.03446
50 0.03446
51 0.03446
52 0.03446
53 0.03446
54 0.03446
55 0.03446
56 0.03446
57 0.03446
58 0.03446
59 0.03446
60 0.03446
61 0.03446
62 0.03446
63 0.03446
64 0.03446
65 0.03446
66 0.03446
67 0.03446
68 0.03446
69 0.03446
70 0.03446
71 0.03446
72 0.04162
73 0.04162
74 0.04162
75 0.04162
76 0.04162
77 0.04162
78 0.04486
79 0.04486
80 0.04486
81 0.04486
82 0.04486
83 0.04486
84 0.05294
85 0.05294
86 0.05294
87 0.05294
88 0.05294
89 0.05294
90 0.05598
91 0.05598
92 0.05598
93 0.05598
94 0.05598
95 0.05598
96 0.05589
97 0.05589
98 0.05589
99 0.05589
100 0.05589
101 0.05589
102 0.05728
103 0.05728
104 0.05728
105 0.05728
106 0.05728
107 0.05728
108 0.05570
109 0.05570
110 0.05570
111 0.05570
112 0.05570
113 0.05570
114 0.05665
115 0.05665
116 0.05665
117 0.05665
118 0.05665
119 0.05665
120 0.05723
121 0.05723
122 0.05723
123 0.05723
124 0.05723
125 0.05723
126 0.05766
127 0.05766
128 0.05766
129 0.05766
130 0.05766
131 0.05766
132 0.05998
133 0.05998
134 0.05998
135 0.05998
136 0.05998
137 0.05998
138 0.05961
139 0.05961
140 0.05961
141 0.05961
142 0.05961
143 0.05961
144 0.05961
145 0.05961
146 0.05961
147 0.05961
148 0.05961
149 0.05961
150 0.06008
151 0.06008
152 0.06008
153 0.06008
154 0.06008
155 0.06008
156 0.05718
157 0.05718
158 0.05718
159 0.05718
160 0.05718
161 0.05718
162 0.05636
163 0.05636
164 0.05636
165 0.05636
166 0.05636
167 0.05636
168 0.05574
169 0.05574
170 0.05574
171 0.05574
172 0.05574
173 0.05574
174 0.05571
175 0.05571
176 0.05571
177 0.05571
178 0.05571
179 0.05571
180 0.05548
181 0.05548
182 0.05548
183 0.05548
184 0.05548
185 0.05548
186 0.05524
187 0.05524
188 0.05524
189 0.05524
190 0.05524
191 0.05524
192 0.05564
193 0.05564
194 0.05564
195 0.05564
196 0.05564
197 0.05564
198 0.05632
199 0.05632
200 0.05632
201 0.05632
202 0.05632
203 0.05632
204 0.05724
205 0.05724
206 0.05724
207 0.05724
208 0.05724
209 0.05724
210 0.05748
211 0.05748
212 0.05748
213 0.05748
214 0.05748
215 0.05748
216 0.06317
217 0.06317
218 0.06317
219 0.06317
220 0.06317
221 0.06317
222 0.06569
223 0.06569
224 0.06569
225 0.06569
226 0.06569
227 0.06569
228 0.06258
229 0.06258
230 0.06258
231 0.06258
232 0.06258
233 0.06258
234 0.06395
235 0.06395
236 0.06395
237 0.06395
238 0.06395
239 0.06395
240 0.05750
241 0.05750
242 0.05750
243 0.05750
244 0.05750
245 0.05750
246 0.05750
247 0.05750
248 0.05750
249 0.05750
250 0.05750
251 0.05750
252 0.06598
253 0.06598
254 0.06598
255 0.06598
256 0.06598
257 0.06598
258 0.05751
259 0.05751
260 0.05751
261 0.05751
262 0.05751
263 0.05751
264 0.04831
265 0.04831
266 0.04831
267 0.04831
268 0.04831
269 0.04831
270 0.04654
271 0.04654
272 0.04654
273 0.04654
274 0.04654
275 0.04654
276 0.04831
277 0.04831
278 0.04831
279 0.04831
280 0.04831
281 0.04831
282 0.04832
283 0.04832
284 0.04832
285 0.04832
286 0.04832
287 0.04832
