5
3
50
0 130 0.0 0.1
2483 2465 2454
1 150 0.1 0.1
2420 2564 2467
2 120 0.1 0.1
2554 2536 2487
3 120 0.1 0.1
2417 2500 2491
4 190 0.1 0.0
2443 2440 2492
5 150 0.1 0.1
2418 2557 2506
6 120 0.1 0.1
2474 2470 2464
7 150 0.1 0.1
2565 2421 2490
8 190 0.1 0.0
2473 2453 2460
9 190 0.1 0.0
2517 2493 2538
10 130 0.0 0.1
2465 2434 2492
11 120 0.1 0.1
2517 2401 2385
12 170 0.1 0.1
2494 2469 2424
13 130 0.0 0.1
2470 2465 2481
14 150 0.1 0.1
2487 2577 2486
15 120 0.1 0.1
2503 2491 2420
16 190 0.1 0.0
2541 2595 2468
17 120 0.1 0.1
2470 2483 2509
18 120 0.1 0.1
2509 2499 2570
19 170 0.1 0.1
2375 2503 2412
20 170 0.1 0.1
2429 2534 2530
21 130 0.0 0.1
2475 2447 2514
22 170 0.1 0.1
2570 2456 2458
23 120 0.1 0.1
2568 2523 2530
24 190 0.1 0.0
2493 2436 2481
25 150 0.1 0.1
2490 2550 2461
26 150 0.1 0.1
2431 2586 2494
27 150 0.1 0.1
2446 2484 2591
28 170 0.1 0.1
2470 2485 2486
29 130 0.0 0.1
2467 2546 2479
30 120 0.1 0.1
2554 2435 2440
31 150 0.1 0.1
2470 2416 2522
32 120 0.1 0.1
2462 2598 2466
33 130 0.0 0.1
2443 2463 2447
34 150 0.1 0.1
2428 2489 2493
35 120 0.1 0.1
2403 2502 2494
36 120 0.1 0.1
2489 2494 2533
37 150 0.1 0.1
2601 2562 2491
38 120 0.1 0.1
2416 2475 2514
39 120 0.1 0.1
2588 2520 2519
40 190 0.1 0.0
2448 2479 2394
41 190 0.1 0.0
2424 2567 2509
42 170 0.1 0.1
2541 2455 2493
43 170 0.1 0.1
2450 2460 2423
44 120 0.1 0.1
2533 2569 2480
45 130 0.0 0.1
2480 2523 2412
46 120 0.1 0.1
2416 2501 2473
47 120 0.1 0.1
2551 2539 2544
48 170 0.1 0.1
2567 2547 2477
49 120 0.1 0.1
2518 2494 2456
1000
0 65 5 199 19.65
29 30 216
1 34 7 65 159.67
264 227 1582
2 11 1 112 13.85
25 28 110
3 53 200 288 96.04
308 50 37
4 11 21 242 86.37
155 197 659
5 50 94 273 53.93
79 77 605
6 3 10 226 84.33
268 49 42
7 42 233 286 31.68
62 46 245
8 39 27 195 145.63
252 862 382
9 61 45 237 91.43
260 188 57
10 115 97 229 68.75
217 41 43
11 22 228 287 462.94
1423 474 260
12 68 0 273 111.65
343 105 78
13 34 188 260 30.91
40 274 39
14 26 3 156 293.53
939 133 159
15 106 18 287 196.15
613 158 104
16 3 185 286 195.39
330 576 1440
17 84 84 271 79.25
136 287 489
18 25 123 266 332.38
694 1560 651
19 34 19 288 613.04
1866 681 393
20 31 2 129 17.43
29 27 168
21 34 4 182 17.36
25 136 31
22 38 21 285 48.97
71 103 505
23 9 58 272 638.57
1838 1143 499
24 29 52 161 243.85
315 1583 1179
25 1 37 281 17.43
27 133 23
26 62 19 232 165.24
493 208 139
27 100 29 288 252.81
458 1160 1024
28 39 2 209 288.45
916 155 167
29 2 34 212 471.02
1400 686 294
30 39 11 137 18.82
59 13 12
31 4 25 263 313.47
932 443 214
32 38 12 198 2.03
4 4 14
33 19 190 279 91.07
288 61 43
34 139 7 265 12.56
19 23 129
35 61 0 141 429.44
1295 498 329
36 57 16 273 79.93
258 33 32
37 13 0 25 253.21
615 937 269
38 7 155 232 40.06
64 58 411
39 45 85 288 32.46
103 17 20
40 95 7 204 99.01
157 226 900
41 76 76 288 700.78
1856 1499 1308
42 17 73 278 317.01
1007 190 152
43 174 24 272 39.00
57 62 429
44 15 3 98 83.51
264 48 52
45 5 25 288 37.63
64 47 370
46 15 84 262 4.59
7 35 7
47 12 62 267 472.70
1451 527 215
48 15 7 22 280.29
882 172 187
49 27 62 284 6.39
20 4 5
50 68 190 288 512.02
1595 448 254
51 107 149 279 620.78
1496 2019 1159
52 3 171 273 139.79
419 180 98
53 81 49 284 30.57
48 46 317
54 74 80 232 122.59
225 740 210
55 118 19 288 37.77
118 26 27
56 54 20 286 87.79
160 152 725
57 5 73 212 200.30
633 132 101
58 41 7 222 49.74
155 37 34
59 7 139 232 230.39
739 109 104
60 32 209 287 521.93
1608 484 343
61 105 41 240 525.99
1661 316 320
62 84 158 254 25.30
80 17 12
63 176 111 287 3.77
12 2 2
64 31 48 118 252.68
397 972 1730
65 46 5 287 469.54
1393 626 398
66 14 2 130 111.39
351 75 61
67 48 34 107 148.43
265 302 1197
68 2 7 215 50.54
160 29 30
69 73 96 287 43.05
59 353 74
70 35 133 288 360.44
729 1941 497
71 31 70 270 41.22
73 267 62
72 165 4 250 67.63
101 544 74
73 22 2 93 240.72
772 113 111
74 148 21 247 51.07
87 66 498
75 34 3 146 106.04
332 64 84
76 17 159 282 28.37
47 198 44
77 124 109 278 123.08
391 77 54
78 10 161 288 122.49
380 91 96
79 22 0 210 257.28
809 187 132
80 86 4 287 107.73
128 1016 124
81 34 106 283 111.71
167 680 449
82 20 238 288 229.52
727 130 136
83 9 207 288 202.86
405 1153 226
84 9 71 266 196.74
318 816 1196
85 11 6 23 212.24
672 124 122
86 17 4 110 277.77
678 1005 306
87 5 118 264 50.65
160 26 37
88 51 2 173 674.08
1918 1386 413
89 12 64 287 39.81
67 56 387
90 32 178 287 107.26
151 812 258
91 99 90 238 44.72
90 74 315
92 24 3 122 4.07
13 2 2
93 22 6 52 617.57
1491 1813 1427
94 117 24 228 156.43
471 188 115
95 4 119 288 30.00
58 49 229
96 5 176 288 263.93
451 971 1619
97 49 0 84 62.00
194 40 46
98 257 7 287 70.08
224 32 39
99 84 72 178 168.86
420 591 161
100 61 55 258 2.12
4 4 16
101 88 45 219 25.70
82 14 12
102 84 142 261 49.19
129 139 50
103 77 48 288 76.88
108 107 899
104 34 25 159 411.13
1146 887 356
105 24 163 244 186.20
277 612 1540
106 23 95 288 193.38
248 639 1872
107 27 1 49 175.08
263 1369 240
108 45 18 163 476.47
1518 231 279
109 85 38 244 116.05
164 219 1264
110 127 77 287 22.19
28 198 31
111 146 46 278 20.35
64 13 13
112 110 22 195 146.27
246 804 526
113 114 101 284 49.36
88 191 263
114 4 2 265 71.40
100 590 101
115 13 54 253 81.56
260 42 43
116 65 5 216 118.89
372 83 79
117 87 22 208 600.42
1295 2259 1725
118 95 135 288 440.11
1282 724 333
119 49 176 287 48.68
67 413 61
120 43 12 240 295.81
944 133 178
121 145 8 283 98.88
311 60 68
122 7 0 41 85.20
138 154 815
123 19 255 287 325.75
1037 155 201
124 32 182 288 110.59
197 229 889
125 38 0 128 331.47
674 1871 303
126 33 80 244 83.66
243 135 72
127 4 128 252 155.41
238 484 1278
128 57 18 157 13.15
24 17 117
129 14 177 288 0.85
1 8 1
130 218 51 284 50.12
78 81 516
131 10 0 115 167.55
263 541 1304
132 36 158 287 278.98
456 1356 1362
133 33 181 287 92.87
146 354 640
134 12 236 288 251.90
376 1283 1392
135 14 129 203 356.48
665 1410 1648
136 16 17 133 4.07
8 8 28
137 152 50 288 116.28
369 58 76
138 77 117 284 255.71
548 1123 518
139 106 111 288 122.32
302 453 95
140 57 26 243 46.16
57 416 67
141 111 49 279 123.55
178 1003 167
142 71 19 208 211.08
663 137 138
143 30 99 187 391.60
954 1543 255
144 1 44 151 50.86
81 258 247
145 103 59 248 82.85
263 53 36
146 36 211 281 229.94
471 1172 375
147 40 158 243 207.01
334 669 1547
148 152 21 274 80.08
132 136 763
149 48 230 288 72.92
130 200 512
150 76 100 225 7.66
13 10 75
151 9 145 279 57.55
180 34 48
152 24 8 111 66.12
120 123 537
153 23 88 238 100.76
294 159 83
154 2 83 287 148.00
282 842 258
155 65 123 287 11.94
17 96 19
156 4 180 288 100.76
319 61 55
157 46 37 222 32.88
86 101 23
158 105 109 266 40.40
65 74 388
159 12 175 278 70.63
219 58 48
160 13 112 288 189.08
285 530 1675
161 34 137 247 30.30
95 21 19
162 3 4 202 156.05
485 118 113
163 2 121 242 205.15
645 127 139
164 72 25 188 758.35
2106 1720 586
165 134 29 246 15.71
49 10 13
166 96 1 154 51.94
93 99 427
167 27 63 288 108.60
243 485 136
168 2 14 288 148.43
253 732 636
169 44 10 179 235.91
392 814 1606
170 30 135 263 28.37
45 214 34
171 2 6 272 416.44
1210 688 332
172 9 79 239 164.41
519 107 89
173 70 143 286 65.98
204 52 52
174 119 60 288 78.93
128 248 596
175 45 41 255 60.32
106 117 507
176 49 37 209 689.47
1737 1901 1271
177 10 2 261 173.16
555 76 90
178 35 27 220 404.82
1052 1223 361
179 2 17 287 259.16
444 928 1620
180 46 144 249 96.38
155 144 975
181 130 6 242 11.58
20 77 18
182 9 2 218 719.41
1952 1693 785
183 42 30 261 42.94
61 82 464
184 181 3 207 208.43
662 120 108
185 33 47 262 271.17
863 141 151
186 26 7 240 136.27
222 574 803
187 24 39 284 485.36
1532 337 232
188 11 70 209 105.49
339 48 46
189 124 93 287 663.30
1965 933 509
190 9 73 278 554.66
1282 2036 1070
191 196 19 275 224.25
711 111 152
192 2 84 141 399.08
1146 702 349
193 50 11 277 70.06
111 245 510
194 66 148 268 391.12
1077 894 356
195 3 0 101 122.28
215 155 1150
196 36 54 270 256.43
817 147 116
197 10 4 242 7.77
13 15 70
198 32 2 143 307.08
574 1319 1255
199 93 51 274 461.31
1363 699 304
200 92 157 288 527.49
1595 619 363
201 35 41 288 25.66
40 190 41
202 11 142 284 346.14
1099 162 238
203 74 49 208 97.86
173 136 896
204 126 128 286 83.97
130 478 356
205 205 40 268 238.62
769 102 99
206 19 3 98 674.65
1840 1429 908
207 4 106 288 195.66
308 479 1746
208 38 49 276 41.10
93 189 36
209 53 47 247 447.59
1004 1719 963
210 45 28 275 9.13
29 5 5
211 4 113 287 222.00
350 913 1423
212 43 14 98 212.71
673 116 138
213 125 10 282 255.14
443 1020 1394
214 80 199 287 249.64
388 870 1874
215 20 75 194 50.77
163 24 22
216 24 0 194 482.46
1540 260 223
217 29 74 287 496.86
1249 1424 854
218 4 247 271 130.53
210 921 231
219 12 0 45 243.73
733 331 128
220 100 120 287 105.87
148 164 1218
221 11 147 249 162.08
406 557 150
222 26 8 73 493.87
1043 1857 1576
223 133 40 287 60.26
191 38 29
224 84 90 287 252.64
782 216 168
225 6 4 283 565.86
1419 1761 788
226 162 17 283 41.88
48 396 59
227 33 102 287 44.99
62 367 78
228 8 0 213 53.91
101 66 467
229 47 88 251 92.82
139 736 115
230 95 27 242 356.18
1088 362 252
231 2 89 256 164.62
393 637 181
232 48 17 92 41.99
63 335 48
233 1 167 241 31.89
61 40 266
234 151 58 257 302.51
714 1195 353
235 10 179 231 15.52
24 29 155
236 43 13 238 438.63
1390 252 250
237 14 216 283 305.81
981 119 176
238 90 84 196 10.02
20 15 74
239 6 1 261 364.61
630 1556 1866
240 25 192 268 182.81
331 572 1142
241 35 156 243 41.31
60 57 470
242 25 78 263 39.19
125 19 22
243 1 163 245 772.75
2080 1712 1120
244 54 34 279 8.19
14 13 76
245 10 23 254 195.52
298 610 1616
246 62 218 287 170.76
233 541 1590
247 2 38 287 87.68
158 157 729
248 7 15 270 1.29
4 1 1
249 47 18 143 162.49
282 214 1542
250 149 112 287 290.20
929 122 167
251 43 27 197 206.14
301 1538 454
252 7 101 287 84.14
144 200 679
253 158 61 288 41.22
51 373 57
254 45 28 159 5.40
10 7 47
255 167 1 275 162.72
262 279 1590
256 26 217 278 99.16
144 789 150
257 8 132 268 242.52
749 202 181
258 80 58 183 14.25
22 105 25
259 24 163 235 24.14
31 212 35
260 101 32 262 423.24
998 1391 922
261 23 1 287 645.77
1724 1757 546
262 2 0 19 191.87
597 156 118
263 12 16 282 8.24
12 65 13
264 32 66 288 420.31
1306 311 317
265 30 13 253 11.86
16 24 132
266 61 71 288 3.24
6 7 24
267 23 170 220 429.74
1254 710 305
268 22 8 208 123.38
215 587 528
269 91 39 276 0.40
1 1 1
270 31 113 235 54.61
88 89 540
271 92 9 153 141.02
455 56 61
272 129 42 286 93.82
190 119 707
273 107 12 209 108.37
186 740 147
274 5 117 287 47.13
93 72 354
275 7 139 282 111.73
356 49 73
276 150 29 281 75.38
242 34 35
277 99 26 187 112.45
174 225 1100
278 31 150 288 48.72
81 103 429
279 16 147 287 434.01
903 1770 1273
280 42 86 288 526.52
1310 1465 1066
281 43 218 287 4.70
8 8 43
282 38 194 277 72.20
111 120 748
283 120 95 288 72.52
232 37 33
284 35 162 268 82.60
141 265 566
285 91 11 178 44.49
66 75 476
286 2 99 192 641.20
1736 1491 753
287 142 6 284 48.42
70 101 502
288 96 12 249 41.06
64 65 424
289 186 7 288 6.88
13 11 55
290 44 46 260 119.48
191 183 1210
291 11 234 287 176.59
260 814 1129
292 95 31 288 17.60
55 13 11
293 45 115 285 152.94
200 1023 677
294 33 35 169 395.92
821 1635 1150
295 22 1 139 4.11
13 2 3
296 39 98 255 55.03
178 21 22
297 7 41 285 54.25
175 20 26
298 1 61 177 400.73
1021 1298 369
299 72 9 236 260.18
383 1324 1477
300 19 57 243 256.69
811 169 131
301 49 2 139 230.45
367 978 1406
302 113 48 287 141.42
444 95 89
303 50 41 261 57.72
88 446 78
304 156 10 250 71.71
125 107 658
305 20 5 110 46.07
144 30 35
306 21 13 263 60.41
188 49 37
307 3 256 286 159.18
274 1116 167
308 7 91 288 73.70
127 103 697
309 128 86 288 126.60
406 49 74
310 38 24 288 56.28
94 100 521
311 22 164 288 36.04
114 20 23
312 59 160 288 137.63
247 898 174
313 13 0 270 144.74
466 62 63
314 30 99 236 105.15
186 160 941
315 89 4 159 359.27
1117 276 251
316 12 6 221 184.15
584 95 118
317 85 42 276 136.55
223 187 1383
318 17 30 158 40.91
54 82 465
319 14 50 246 19.01
33 32 170
320 75 27 273 315.23
589 1288 1389
321 4 112 207 456.39
1421 375 268
322 76 5 200 93.02
171 579 131
323 51 22 198 632.41
1618 1966 659
324 166 49 287 34.49
60 65 297
325 68 8 114 97.19
125 838 163
326 95 40 274 75.91
131 113 706
327 34 123 287 254.44
543 1327 217
328 108 177 288 104.83
200 133 876
329 59 104 255 79.49
250 46 58
330 86 57 240 73.18
107 442 316
331 83 7 216 156.64
259 456 1202
332 24 148 197 132.61
417 97 67
333 2 35 233 35.66
48 64 410
334 142 57 287 159.77
279 1030 275
335 164 56 284 95.81
300 71 56
336 82 3 198 259.59
817 142 198
337 41 68 237 389.55
1198 320 333
338 15 225 287 769.70
2085 2100 431
339 34 65 287 317.60
542 1576 1342
340 108 13 179 402.76
956 1402 716
341 84 11 240 321.10
975 397 162
342 55 69 226 338.29
755 1383 629
343 70 32 149 139.38
266 859 141
344 177 8 261 11.01
18 18 107
345 6 79 287 306.78
518 1259 1730
346 39 129 287 39.34
69 72 338
347 58 5 228 5.65
18 3 3
348 29 52 183 105.34
332 71 57
349 153 14 288 47.56
75 98 451
350 34 183 288 6.12
8 53 9
351 1 117 287 532.43
1653 486 273
352 17 147 288 529.38
1166 1824 1603
353 138 25 269 131.34
219 891 232
354 21 102 284 30.51
56 49 255
355 12 94 277 124.31
222 487 651
356 8 94 274 107.05
134 966 141
357 4 42 288 111.86
151 947 164
358 62 4 240 550.72
1534 1196 473
359 34 108 181 274.94
878 141 135
360 17 5 152 346.99
704 1670 761
361 44 50 244 253.23
796 164 162
362 78 12 233 47.87
151 25 36
363 22 116 182 112.13
138 1008 170
364 4 36 168 447.48
1406 288 293
365 70 7 143 140.82
239 959 214
366 22 28 213 180.84
273 1441 198
367 20 154 230 446.44
1262 877 393
368 102 35 251 62.17
181 102 48
369 60 0 99 124.06
214 515 659
370 12 79 287 113.24
178 820 198
371 20 37 220 181.24
582 78 89
372 11 1 186 782.02
1845 2150 2327
373 23 15 150 738.19
2091 1522 512
374 11 186 265 165.00
508 155 108
375 45 1 215 261.64
409 1259 1427
376 57 117 228 30.93
97 21 20
377 41 124 253 9.93
19 17 76
378 108 29 187 141.95
445 106 78
379 16 78 188 35.97
62 51 339
380 37 8 270 437.74
1385 258 255
381 169 1 286 132.40
212 1007 132
382 57 2 287 126.19
261 664 157
383 45 59 244 45.80
68 359 67
384 16 2 103 547.29
1208 1830 1723
385 53 29 245 63.35
194 56 54
386 19 24 111 16.64
33 32 114
387 5 39 271 810.50
2165 1679 1466
388 103 142 287 661.23
1786 1515 840
389 28 12 238 510.30
1017 1861 2140
390 14 0 231 90.56
175 129 720
391 65 123 243 166.34
525 104 97
392 6 1 244 326.05
510 1391 2043
393 51 37 283 432.17
1355 337 215
394 17 0 76 99.66
126 907 111
395 46 161 288 48.76
92 95 365
396 67 191 283 34.47
56 62 329
397 88 12 274 36.42
53 50 414
398 94 101 262 26.45
43 49 250
399 32 52 244 240.91
671 536 188
400 42 5 105 487.67
1535 292 333
401 36 110 268 157.40
242 1050 448
402 37 49 284 27.55
45 51 259
403 95 118 269 123.08
172 1013 183
404 9 2 133 60.43
189 44 38
405 95 77 288 92.70
288 68 71
406 7 0 164 435.03
1352 364 263
407 77 69 287 15.67
22 32 168
408 82 17 273 290.33
929 138 146
409 57 47 249 634.17
1668 1537 994
410 53 56 188 131.40
187 1032 246
411 96 82 251 240.19
417 944 1337
412 11 173 288 48.36
96 88 338
413 4 81 266 580.13
1742 761 364
414 45 192 288 419.89
1342 235 169
415 79 197 288 523.05
1610 493 342
416 19 83 271 140.23
237 311 1186
417 28 5 190 8.60
17 12 66
418 38 7 220 151.69
481 92 77
419 17 14 265 228.55
662 404 157
420 98 18 214 86.96
161 133 727
421 15 109 287 109.72
178 478 628
422 45 196 284 267.00
662 922 288
423 19 56 121 84.69
156 304 452
424 22 12 231 270.26
452 1258 1331
425 49 113 288 209.93
289 913 1565
426 72 124 233 243.45
394 778 1824
427 151 38 228 33.50
62 58 270
428 23 0 271 33.96
108 20 16
429 43 145 288 147.22
282 229 1159
430 16 109 288 61.83
123 96 455
431 1 210 279 201.51
315 1035 1001
432 182 11 273 88.91
131 699 134
433 71 15 119 15.37
22 20 179
434 71 3 232 43.89
70 333 47
435 91 67 282 108.85
338 87 74
436 181 1 287 96.34
298 78 72
437 84 19 287 4.66
9 10 32
438 49 158 256 213.39
381 860 1082
439 96 17 200 216.08
693 83 127
440 33 27 124 41.82
79 51 358
441 44 86 287 55.45
98 73 514
442 102 75 271 45.44
145 22 25
443 93 103 272 153.70
251 817 647
444 13 59 126 472.87
1276 1297 289
445 34 28 243 597.68
1344 2024 1670
446 13 154 259 599.23
1597 1679 453
447 116 56 251 72.77
138 119 574
448 18 12 237 24.69
39 186 31
449 126 59 230 458.89
1426 403 250
450 54 111 272 170.83
307 272 1477
451 1 238 277 157.11
236 254 1677
452 27 45 248 26.91
47 43 242
453 5 56 288 620.57
1477 2013 1296
454 17 0 73 265.56
836 170 164
455 12 32 283 260.37
356 1363 1612
456 11 12 201 235.55
425 925 1200
457 11 85 286 398.61
1138 784 271
458 83 90 287 189.80
608 100 76
459 24 70 261 26.64
46 38 250
460 52 140 288 51.79
74 428 63
461 42 93 262 296.05
696 1234 268
462 43 3 236 154.80
278 219 1381
463 161 62 287 141.31
449 80 74
464 139 34 256 27.95
39 222 54
465 140 8 264 31.46
57 52 266
466 66 176 287 508.71
1513 674 411
467 10 0 170 104.24
155 837 121
468 17 192 287 21.36
35 41 198
469 4 22 243 28.12
51 44 241
470 49 159 287 96.83
300 83 62
471 13 170 265 94.26
234 320 108
472 56 23 229 376.21
695 1946 1100
473 122 33 259 49.57
70 407 70
474 31 82 204 206.27
301 1236 910
475 72 23 287 186.79
239 1510 473
476 62 181 288 134.41
201 1074 156
477 28 5 187 197.61
628 115 98
478 37 147 250 152.89
418 389 101
479 7 149 287 27.40
45 68 230
480 89 8 108 277.94
882 159 151
481 48 162 287 75.36
238 49 40
482 102 10 182 237.97
692 385 198
483 8 165 274 67.61
105 423 227
484 49 5 192 227.61
434 746 1218
485 16 3 279 87.55
272 75 51
486 6 130 274 503.31
1200 1667 985
487 9 8 179 180.16
273 1201 542
488 7 116 194 248.92
422 800 1724
489 146 33 248 505.43
1637 181 205
490 13 13 119 542.32
1407 1319 979
491 24 12 287 84.10
264 60 48
492 29 135 181 463.93
1397 537 371
493 12 0 46 104.13
159 776 182
494 23 6 271 40.84
131 17 22
495 107 85 287 170.11
541 86 101
496 59 70 278 428.68
1167 1078 337
497 48 125 287 109.45
169 375 839
498 25 66 273 81.39
122 630 123
499 8 206 278 304.50
874 545 255
500 9 14 271 164.79
527 83 78
501 63 84 171 182.81
276 1112 717
502 58 103 275 18.12
56 14 15
503 82 47 261 120.12
190 771 350
504 15 19 224 316.59
685 1490 446
505 49 164 288 553.30
1739 368 341
506 16 42 287 41.03
73 74 347
507 22 76 227 108.96
342 84 53
508 31 84 238 127.38
185 204 1407
509 120 48 287 16.26
27 28 153
510 49 43 247 105.74
141 854 229
511 27 15 124 93.40
154 181 856
512 22 0 221 228.46
351 830 1693
513 35 164 281 342.73
1028 447 227
514 19 223 288 310.72
992 159 155
515 71 1 115 124.08
209 202 1164
516 84 23 288 72.54
114 102 762
517 52 13 255 184.91
524 357 163
518 57 55 287 117.22
154 972 232
519 2 8 108 172.44
542 116 104
520 23 76 222 305.13
948 235 217
521 4 95 230 234.11
305 1659 905
522 26 92 287 69.55
119 105 652
523 168 90 272 584.75
1827 473 310
524 67 41 288 199.81
275 1255 911
525 27 33 270 176.06
306 515 1243
526 22 92 265 171.15
238 517 1600
527 16 103 171 55.37
173 35 44
528 80 10 169 115.80
203 201 1012
529 90 10 176 328.76
1038 177 232
530 11 252 287 72.24
100 440 346
531 10 48 171 375.43
1006 955 391
532 90 168 288 214.19
667 142 176
533 61 17 205 423.79
1178 945 344
534 93 101 287 53.76
104 87 411
535 134 26 242 19.37
28 27 221
536 10 42 237 499.91
1520 594 274
537 32 83 284 36.88
71 66 275
538 61 158 270 256.90
412 1171 1426
539 3 96 265 182.88
320 1035 526
540 73 58 285 22.99
38 44 211
541 131 57 271 135.34
193 470 1140
542 37 240 288 148.60
373 492 160
543 46 41 148 155.35
217 1309 186
544 114 48 259 267.40
409 1499 1203
545 91 33 229 69.98
84 645 97
546 12 5 128 55.05
174 32 34
547 39 27 286 19.82
28 162 29
548 86 9 166 87.45
140 180 815
549 70 1 257 615.17
1567 1800 858
550 10 0 225 9.46
17 21 73
551 8 62 287 29.13
57 40 229
552 5 163 288 9.57
15 16 97
553 199 62 288 46.67
77 84 437
554 24 0 101 45.52
66 368 61
555 26 0 200 338.90
532 1772 1621
556 33 83 267 133.65
427 68 65
557 56 33 218 26.59
51 44 205
558 206 12 281 35.76
59 77 316
559 99 40 183 322.68
1030 140 200
560 47 29 218 374.43
1047 848 241
561 57 5 126 213.56
677 108 142
562 60 33 251 23.50
35 180 40
563 30 2 161 366.45
680 1529 1600
564 101 19 253 59.69
97 137 525
565 54 5 248 229.75
327 1415 1014
566 20 118 287 74.32
133 132 626
567 1 125 288 331.83
605 1344 1585
568 33 189 257 194.20
290 924 1170
569 25 58 210 23.88
31 206 38
570 100 54 244 44.08
49 416 74
571 10 14 34 353.11
1133 151 181
572 131 17 227 215.40
331 627 1829
573 178 7 240 60.87
192 41 32
574 38 2 239 303.78
471 1255 1994
575 9 54 242 196.66
627 100 105
576 73 41 282 121.68
388 67 57
577 25 0 153 186.79
279 1008 946
578 80 7 162 15.41
27 32 127
579 11 75 288 75.17
114 138 770
580 51 16 253 60.92
190 39 50
581 154 51 284 42.26
70 62 415
582 47 45 288 65.53
203 51 50
583 28 0 91 544.92
1159 2190 1470
584 102 18 260 88.80
127 162 965
585 122 34 287 473.82
1333 896 514
586 50 140 288 350.42
1122 172 163
587 13 200 277 78.28
250 37 43
588 14 23 244 133.82
216 466 949
589 10 27 135 272.76
641 1126 265
590 19 187 288 83.97
264 54 54
591 93 4 262 49.29
124 168 44
592 37 25 278 96.19
173 199 762
593 80 128 285 105.59
137 939 126
594 56 83 287 419.66
1259 578 230
595 47 86 202 39.89
127 20 23
596 18 22 251 25.37
40 192 31
597 42 11 230 5.65
18 3 3
598 54 56 288 31.76
52 230 41
599 60 30 226 207.08
273 772 1821
600 10 149 270 14.84
17 141 20
601 41 107 268 463.72
1022 1603 1392
602 27 17 207 64.83
111 444 88
603 49 64 270 3.56
7 8 23
604 65 209 287 117.07
173 197 1258
605 121 96 287 42.60
61 96 435
606 36 16 120 125.28
392 91 78
607 47 142 255 133.96
417 103 90
608 40 43 280 92.82
125 806 108
609 72 36 283 40.00
73 55 351
610 71 102 286 35.11
65 70 269
611 101 34 269 35.13
112 21 14
612 2 85 259 22.97
37 161 42
613 2 0 68 203.94
612 248 160
614 12 208 287 379.77
852 1576 640
615 116 6 285 112.81
199 222 938
616 35 0 278 607.34
1497 1990 878
617 9 216 279 269.31
385 1339 1656
618 39 42 287 52.36
161 45 42
619 66 2 262 16.79
26 29 171
620 7 60 254 36.50
49 314 48
621 19 124 183 106.23
163 597 472
622 116 56 287 111.10
209 135 958
623 22 79 228 145.31
456 95 97
624 45 12 271 95.51
280 151 69
625 85 19 288 28.80
90 20 20
626 39 173 286 151.22
241 782 711
627 135 10 230 52.38
166 32 27
628 210 15 288 14.33
23 99 29
629 57 2 288 176.37
558 102 106
630 15 36 287 480.07
1130 1373 1367
631 38 34 259 343.60
940 822 301
632 47 106 198 264.05
471 1155 1206
633 79 8 205 194.92
599 170 155
634 104 33 247 252.96
611 937 291
635 89 157 288 30.96
98 18 18
636 34 58 215 22.57
28 196 43
637 85 6 230 42.45
54 367 74
638 2 61 221 136.15
210 878 428
639 9 0 267 414.98
1301 261 301
640 46 4 277 107.26
172 782 156
641 18 142 288 88.00
120 716 164
642 55 20 233 105.34
182 177 948
643 68 51 288 161.47
255 436 1374
644 139 21 272 516.40
1513 795 411
645 19 233 288 66.02
107 478 93
646 17 52 266 552.44
1396 1811 557
647 43 12 288 188.27
314 870 943
648 51 8 227 21.75
68 15 15
649 100 83 288 397.72
1211 448 243
650 11 13 241 104.03
328 69 57
651 36 15 252 142.60
256 259 1187
652 3 65 269 533.78
1484 1208 405
653 74 23 147 56.28
177 38 33
654 29 11 228 568.66
1430 1743 804
655 21 28 282 247.71
794 123 107
656 4 74 214 257.38
811 152 173
657 36 96 287 25.98
46 53 212
658 15 12 287 53.51
95 97 453
659 4 123 288 94.48
142 762 94
660 93 77 272 76.22
94 668 140
661 179 86 288 26.38
85 10 13
662 56 69 229 109.40
350 49 60
663 19 83 283 72.48
103 167 740
664 31 3 139 93.06
152 585 256
665 54 106 256 63.63
203 31 35
666 93 123 285 139.53
235 648 678
667 10 3 90 532.19
1257 1751 1142
668 35 90 279 286.84
554 1675 383
669 27 120 268 89.08
196 419 103
670 80 78 287 57.99
108 115 441
671 83 57 224 193.10
602 146 127
672 9 122 254 315.25
457 1597 1850
673 181 2 281 35.25
59 239 61
674 41 96 281 200.17
402 1152 185
675 45 49 249 162.17
302 411 1099
676 76 21 288 616.23
1787 1118 366
677 120 1 284 397.47
780 1520 1646
678 49 158 261 118.13
374 73 62
679 3 43 287 198.56
303 558 1731
680 46 4 269 148.60
260 654 708
681 52 45 275 6.35
20 4 4
682 38 1 126 37.96
116 35 32
683 37 6 260 204.81
373 731 1129
684 33 25 192 738.38
1914 1467 1838
685 79 164 287 101.93
326 54 44
686 29 2 134 219.99
346 1190 988
687 2 35 135 43.47
130 59 28
688 28 0 110 53.31
73 256 364
689 50 107 251 482.65
1384 847 439
690 58 82 210 553.43
1685 590 389
691 49 10 269 208.41
657 107 162
692 63 7 144 428.02
1365 223 218
693 52 22 273 312.12
755 1165 338
694 28 32 263 52.21
92 66 490
695 76 46 287 52.07
163 35 36
696 154 54 235 5.80
18 4 5
697 61 106 288 163.54
251 352 1577
698 175 34 288 57.68
106 106 461
699 39 82 263 72.20
226 56 39
700 20 57 283 525.48
1261 1420 1452
701 32 66 258 487.33
1564 252 182
702 10 134 277 213.64
671 116 174
703 33 51 224 49.08
86 90 422
704 9 166 280 63.52
103 464 83
705 68 22 287 67.69
109 99 687
706 9 6 250 205.13
640 154 133
707 23 116 277 34.24
110 13 19
708 115 3 239 110.12
344 85 65
709 10 184 287 4.70
7 8 50
710 33 221 274 83.19
267 35 43
711 63 108 279 98.73
140 803 147
712 7 84 166 6.69
21 4 5
713 32 2 49 407.38
1281 272 245
714 17 39 201 328.95
732 1582 271
715 9 163 288 73.90
232 54 40
716 19 190 287 574.37
1337 2157 969
717 5 21 256 66.08
137 105 444
718 10 30 165 67.67
211 46 52
719 91 82 250 36.50
72 204 52
720 117 3 212 46.29
149 18 23
721 15 12 167 226.70
716 145 124
722 16 39 281 1.02
2 2 7
723 19 4 208 40.06
124 30 33
724 19 2 257 53.10
164 44 40
725 48 114 263 440.66
1321 626 220
726 23 66 230 462.83
1473 279 200
727 35 189 288 107.01
191 216 866
728 49 12 254 82.39
113 699 106
729 32 110 253 41.71
69 64 406
730 2 4 227 159.12
261 1053 351
731 22 35 121 112.05
308 270 85
732 45 14 212 104.87
329 75 61
733 108 105 235 480.19
1388 905 266
734 40 20 259 252.60
803 124 158
735 32 132 280 192.95
367 487 1257
736 3 4 61 131.42
379 223 116
737 109 7 247 25.41
81 12 15
738 209 27 286 357.92
1140 194 181
739 73 90 264 77.52
125 551 129
740 44 9 189 328.59
874 861 350
741 5 10 273 10.25
15 16 113
742 68 207 288 88.29
135 162 897
743 3 1 191 291.71
599 1405 588
744 13 107 187 192.91
529 463 158
745 35 31 279 82.85
166 115 622
746 22 6 269 116.56
180 863 198
747 23 3 52 97.76
304 75 68
748 2 43 283 25.01
42 169 43
749 16 151 249 3.79
6 27 7
750 7 84 279 46.54
74 64 485
751 96 14 277 113.64
361 55 74
752 82 26 287 117.60
165 680 602
753 94 85 288 17.93
25 147 28
754 6 143 227 5.08
10 8 38
755 84 134 270 190.77
610 84 109
756 123 41 197 131.25
415 77 79
757 91 55 283 47.43
66 82 535
758 79 38 257 192.89
613 100 114
759 43 177 272 6.29
9 53 6
760 23 50 237 177.65
290 498 1418
761 37 96 274 19.27
32 28 189
762 121 36 285 157.26
258 583 1033
763 9 110 255 414.70
809 1904 1274
764 22 7 237 62.36
100 457 87
765 32 22 261 17.47
24 147 24
766 27 23 287 4.45
8 6 40
767 58 27 284 46.35
78 67 448
768 2 147 229 52.34
80 412 58
769 25 151 230 39.30
74 112 242
770 30 189 271 97.57
169 438 464
771 45 2 174 337.80
1065 178 255
772 6 159 288 79.15
157 122 587
773 55 87 288 202.95
631 149 152
774 9 198 271 256.26
821 123 120
775 18 223 283 504.73
1549 516 302
776 47 237 288 223.10
403 535 1645
777 10 5 175 314.19
938 405 246
778 114 0 237 7.83
13 10 79
779 72 52 147 130.30
196 224 1369
780 53 21 284 9.30
15 19 86
781 65 139 269 11.90
19 86 19
782 110 8 252 295.18
449 1437 1672
783 39 65 288 565.84
1766 458 313
784 23 48 284 187.11
274 1385 423
785 143 16 281 215.12
452 1062 323
786 158 36 232 206.38
339 767 1350
787 139 22 263 192.06
614 93 98
788 7 14 231 393.21
810 1855 833
789 49 0 202 66.59
210 43 38
790 15 87 179 139.85
212 1067 218
791 18 0 118 324.34
1029 196 162
792 195 4 258 347.03
1095 198 233
793 8 85 232 337.91
756 1201 886
794 3 253 287 36.44
63 63 325
795 49 61 274 195.20
337 651 1274
796 11 89 231 117.70
166 181 1346
797 103 22 238 150.92
254 334 1285
798 14 4 153 10.84
19 72 15
799 50 40 276 568.80
1806 374 229
800 71 73 232 250.63
783 175 175
801 93 37 263 4.17
13 3 3
802 44 26 232 54.78
93 201 341
803 30 52 287 112.52
359 60 54
804 78 27 288 326.28
1043 168 152
805 38 54 279 4.02
8 6 30
806 27 164 270 136.40
218 1028 153
807 10 0 127 17.24
28 26 172
808 59 2 157 106.65
338 55 70
809 55 1 78 49.08
75 158 397
810 26 81 200 622.14
1855 923 322
811 25 7 145 44.95
73 329 57
812 86 171 288 21.51
31 176 27
813 70 146 287 20.09
36 37 167
814 57 15 240 143.73
390 380 94
815 37 4 83 82.28
118 682 94
816 25 32 116 334.31
547 1527 1775
817 34 3 171 15.03
27 96 22
818 64 176 288 58.12
184 33 35
819 10 7 172 63.25
119 111 494
820 21 264 287 118.34
372 69 87
821 8 9 267 41.69
131 27 27
822 38 2 192 112.83
154 673 577
823 91 50 288 124.75
395 68 79
824 60 14 168 101.32
320 65 55
825 2 5 191 425.59
1365 204 189
826 107 34 252 23.65
38 51 216
827 27 10 168 70.80
224 40 44
828 126 4 226 25.20
39 194 31
829 40 2 178 610.68
1720 1234 530
830 14 25 284 162.29
514 103 80
831 47 12 81 5.21
8 10 52
832 11 54 220 74.59
127 149 649
833 65 11 188 268.39
760 524 232
834 60 190 288 239.75
349 1117 1543
835 9 59 254 4.11
6 8 43
836 11 128 288 158.12
248 314 1527
837 91 188 286 274.03
477 1214 1311
838 93 17 267 205.85
326 1262 686
839 5 1 266 24.52
40 172 41
840 3 56 198 54.90
87 407 77
841 12 144 252 347.48
908 1057 264
842 49 86 220 235.07
740 156 137
843 10 55 282 255.06
498 1396 443
844 130 64 280 25.96
48 44 211
845 119 91 288 249.02
791 143 129
846 56 131 283 257.13
808 188 134
847 79 3 264 122.42
184 828 361
848 100 56 252 270.49
390 1289 1724
849 61 6 144 29.94
51 34 299
850 29 0 230 317.11
658 1399 784
851 12 107 269 29.56
54 184 44
852 133 11 274 45.18
66 90 470
853 18 23 181 113.79
357 68 86
854 9 22 271 0.40
1 1 1
855 58 59 225 150.04
474 106 66
856 68 126 288 121.90
166 1019 188
857 14 43 274 468.04
1224 1457 299
858 129 108 287 63.63
199 43 45
859 28 48 282 204.15
542 552 199
860 59 32 280 43.15
131 46 33
861 18 152 288 568.13
1804 372 230
862 16 121 256 672.49
1920 1353 411
863 38 64 254 412.84
1196 770 222
864 61 1 242 510.64
1559 563 301
865 220 0 282 252.11
370 1367 1313
866 78 50 287 76.99
243 46 48
867 9 2 113 33.52
58 49 312
868 18 99 245 259.12
432 1068 1493
869 78 88 226 370.60
599 1845 1791
870 17 36 285 44.55
90 78 305
871 36 127 229 229.27
592 752 142
872 12 29 278 102.56
143 846 152
873 178 48 278 92.99
300 34 45
874 120 22 245 12.62
19 20 135
875 58 30 220 71.35
109 176 658
876 44 226 288 21.05
66 14 14
877 65 28 251 34.89
54 72 338
878 68 31 288 468.40
1402 626 308
879 4 66 101 114.17
201 184 1013
880 131 8 273 345.59
1096 194 198
881 7 21 287 56.87
89 104 564
882 23 52 216 26.36
84 13 15
883 6 43 221 171.95
464 453 133
884 64 14 269 52.87
165 39 35
885 217 4 266 107.33
340 63 60
886 6 69 273 51.26
74 411 76
887 19 46 201 94.92
133 793 121
888 16 239 283 350.91
788 1543 456
889 95 143 287 128.35
220 748 369
890 26 37 214 551.87
1275 2146 888
891 195 6 249 149.72
264 199 1389
892 56 35 155 32.99
58 74 262
893 124 30 283 4.28
13 4 4
894 39 129 283 117.81
372 80 58
895 113 92 288 287.30
906 201 141
896 34 11 170 1.00
3 1 1
897 19 22 265 53.55
171 29 24
898 130 80 281 35.42
49 69 390
899 87 91 210 34.49
67 55 263
900 137 109 287 32.31
62 60 239
901 30 155 287 475.83
1261 1327 419
902 167 1 271 46.69
68 367 76
903 14 14 98 119.76
214 226 991
904 16 120 239 37.60
61 94 320
905 8 190 288 79.27
125 578 130
906 8 0 25 391.62
694 1700 1840
907 97 139 288 260.33
400 1225 1510
908 63 4 266 123.97
173 991 230
909 36 48 268 68.62
218 33 45
910 39 9 287 6.46
20 5 5
911 18 13 285 83.51
131 446 386
912 146 66 265 46.33
145 32 31
913 90 96 271 34.98
58 246 51
914 36 142 255 93.40
177 291 530
915 31 43 287 229.14
705 180 206
916 3 89 281 111.31
180 827 128
917 25 2 221 96.02
168 151 865
918 1 195 275 0.78
1 7 1
919 41 0 249 276.17
785 537 221
920 117 7 194 318.89
719 1211 681
921 7 40 287 254.25
708 558 211
922 55 1 167 134.60
215 981 202
923 34 56 250 91.60
133 734 131
924 158 9 260 2.07
4 4 15
925 21 113 286 136.25
433 81 65
926 25 141 287 71.44
98 606 92
927 124 53 265 139.34
249 357 1012
928 72 139 255 220.73
641 391 139
929 44 7 151 77.66
245 48 47
930 108 52 192 88.46
108 802 130
931 61 13 171 38.68
60 75 381
932 17 82 287 283.47
727 870 300
933 41 6 240 176.06
560 105 80
934 57 120 247 93.52
134 479 552
935 14 4 189 69.11
99 570 84
936 30 13 234 76.10
243 44 30
937 59 66 178 45.57
72 148 350
938 54 78 251 660.44
1962 1008 350
939 21 53 271 241.34
459 834 1235
940 74 0 269 653.50
1607 1618 1756
941 29 160 252 25.41
30 232 42
942 17 19 245 26.17
46 54 215
943 76 10 242 325.03
1024 223 173
944 52 42 159 153.44
492 63 85
945 10 13 252 53.57
102 108 389
946 99 177 288 283.79
909 137 133
947 105 36 283 113.19
194 146 1096
948 48 55 246 27.06
47 62 217
949 175 1 282 22.57
37 152 46
950 108 81 220 5.02
8 9 49
951 14 3 255 658.22
1662 2139 701
952 62 78 190 305.05
550 1193 1564
953 5 18 287 144.83
207 746 852
954 88 2 134 253.11
795 200 112
955 30 5 110 26.59
65 98 26
956 32 55 122 32.69
48 52 358
957 41 118 278 560.76
1343 1878 1024
958 27 3 277 44.38
142 24 18
959 12 121 218 637.49
1609 1774 1130
960 108 13 253 110.86
180 800 158
961 64 58 273 206.55
646 125 168
962 19 45 212 110.21
191 755 133
963 19 133 248 67.10
123 383 149
964 8 255 287 215.19
371 665 1487
965 36 90 235 183.28
303 1294 266
966 16 186 284 97.46
145 233 937
967 97 110 288 123.65
400 50 45
968 83 51 160 209.68
664 113 134
969 43 110 288 238.05
753 145 133
970 17 3 42 208.26
298 1058 1245
971 22 219 287 364.14
856 1262 714
972 5 70 211 114.72
366 52 69
973 32 3 159 555.02
1527 1343 403
974 16 76 288 545.87
1734 347 232
975 106 1 147 118.85
201 145 1182
976 26 11 188 12.79
21 90 20
977 28 1 287 658.43
1736 1703 842
978 75 178 287 85.03
147 264 583
979 5 22 281 157.81
218 817 975
980 127 31 182 129.77
409 67 101
981 182 3 192 702.30
1744 2257 991
982 10 13 245 29.83
95 17 14
983 40 98 230 65.79
97 315 402
984 49 40 282 248.94
430 627 1928
985 55 42 260 38.62
63 60 381
986 19 7 95 105.53
177 184 977
987 50 52 272 506.64
1601 358 220
988 7 5 238 694.91
1618 1864 2288
989 62 69 219 219.93
603 513 203
990 52 110 287 75.93
131 122 693
991 180 1 274 244.13
763 168 172
992 7 47 287 36.14
116 15 19
993 109 4 209 83.19
265 43 45
994 10 1 243 344.53
589 1720 1433
995 82 2 256 219.55
348 1037 1193
996 39 96 288 196.19
476 724 215
997 90 3 237 154.97
496 81 66
998 90 46 288 90.56
182 509 101
999 8 31 121 542.57
1712 369 275
