288
0 0.04954
1 0.04954
2 0.04954
3 0.04954
4 0.04954
5 0.04954
6 0.04954
7 0.04954
8 0.04954
9 0.04954
10 0.04954
11 0.04954
12 0.04800
13 0.04800
14 0.04800
15 0.04800
16 0.04800
17 0.04800
18 0.04699
19 0.04699
20 0.04699
21 0.04699
22 0.04699
23 0.04699
24 0.04699
25 0.04699
26 0.04699
27 0.04699
28 0.04699
29 0.04699
30 0.04699
31 0.04699
32 0.04699
33 0.04699
34 0.04699
35 0.04699
36 0.04560
37 0.04560
38 0.04560
39 0.04560
40 0.04560
41 0.04560
42 0.04560
43 0.04560
44 0.04560
45 0.04560
46 0.04560
47 0.04560
48 0.04557
49 0.04557
50 0.04557
51 0.04557
52 0.04557
53 0.04557
54 0.04557
55 0.04557
56 0.04557
57 0.04557
58 0.04557
59 0.04557
60 0.04557
61 0.04557
62 0.04557
63 0.04557
64 0.04557
65 0.04557
66 0.04640
67 0.04640
68 0.04640
69 0.04640
70 0.04640
71 0.04640
72 0.04363
73 0.04363
74 0.04363
75 0.04363
76 0.04363
77 0.04363
78 0.04361
79 0.04361
80 0.04361
81 0.04361
82 0.04361
83 0.04361
84 0.04410
85 0.04410
86 0.04410
87 0.04410
88 0.04410
89 0.04410
90 0.04874
91 0.04874
92 0.04874
93 0.04874
94 0.04874
95 0.04874
96 0.04874
97 0.04874
98 0.04874
99 0.04874
100 0.04874
101 0.04874
102 0.04874
103 0.04874
104 0.04874
105 0.04874
106 0.04874
107 0.04874
108 0.04874
109 0.04874
110 0.04874
111 0.04874
112 0.04874
113 0.04874
114 0.06084
115 0.06084
116 0.06084
117 0.06084
118 0.06084
119 0.06084
120 0.05635
121 0.05635
122 0.05635
123 0.05635
124 0.05635
125 0.05635
126 0.05635
127 0.05635
128 0.05635
129 0.05635
130 0.05635
131 0.05635
132 0.05635
133 0.05635
134 0.05635
135 0.05635
136 0.05635
137 0.05635
138 0.05635
139 0.05635
140 0.05635
141 0.05635
142 0.05635
143 0.05635
144 0.05635
145 0.05635
146 0.05635
147 0.05635
148 0.05635
149 0.05635
150 0.05635
151 0.05635
152 0.05635
153 0.05635
154 0.05635
155 0.05635
156 0.05635
157 0.05635
158 0.05635
159 0.05635
160 0.05635
161 0.05635
162 0.04874
163 0.04874
164 0.04874
165 0.04874
166 0.04874
167 0.04874
168 0.04874
169 0.04874
170 0.04874
171 0.04874
172 0.04874
173 0.04874
174 0.04874
175 0.04874
176 0.04874
177 0.04874
178 0.04874
179 0.04874
180 0.04874
181 0.04874
182 0.04874
183 0.04874
184 0.04874
185 0.04874
186 0.04874
187 0.04874
188 0.04874
189 0.04874
190 0.04874
191 0.04874
192 0.05635
193 0.05635
194 0.05635
195 0.05635
196 0.05635
197 0.05635
198 0.16481
199 0.16481
200 0.16481
201 0.16481
202 0.16481
203 0.16481
204 0.16481
205 0.16481
206 0.16481
207 0.16481
208 0.16481
209 0.16481
210 0.16481
211 0.16481
212 0.16481
213 0.16481
214 0.16481
215 0.16481
216 0.17691
217 0.17691
218 0.17691
219 0.17691
220 0.17691
221 0.17691
222 0.17691
223 0.17691
224 0.17691
225 0.17691
226 0.17691
227 0.17691
228 0.19471
229 0.19471
230 0.19471
231 0.19471
232 0.19471
233 0.19471
234 0.19889
235 0.19889
236 0.19889
237 0.19889
238 0.19889
239 0.19889
240 0.17691
241 0.17691
242 0.17691
243 0.17691
244 0.17691
245 0.17691
246 0.17691
247 0.17691
248 0.17691
249 0.17691
250 0.17691
251 0.17691
252 0.16481
253 0.16481
254 0.16481
255 0.16481
256 0.16481
257 0.16481
258 0.04874
259 0.04874
260 0.04874
261 0.04874
262 0.04874
263 0.04874
264 0.04623
265 0.04623
266 0.04623
267 0.04623
268 0.04623
269 0.04623
270 0.04542
271 0.04542
272 0.04542
273 0.04542
274 0.04542
275 0.04542
276 0.04623
277 0.04623
278 0.04623
279 0.04623
280 0.04623
281 0.04623
282 0.04623
283 0.04623
284 0.04623
285 0.04623
286 0.04623
287 0.04623
