288
0 0.04776
1 0.04776
2 0.04776
3 0.04776
4 0.04776
5 0.04776
6 0.04870
7 0.04870
8 0.04870
9 0.04870
10 0.04870
11 0.04870
12 0.04870
13 0.04870
14 0.04870
15 0.04870
16 0.04870
17 0.04870
18 0.03478
19 0.03478
20 0.03478
21 0.03478
22 0.03478
23 0.03478
24 0.03400
25 0.03400
26 0.03400
27 0.03400
28 0.03400
29 0.03400
30 0.03139
31 0.03139
32 0.03139
33 0.03139
34 0.03139
35 0.03139
36 0.03139
37 0.03139
38 0.03139
39 0.03139
40 0.03139
41 0.03139
42 0.03110
43 0.03110
44 0.03110
45 0.03110
46 0.03110
47 0.03110
48 0.03139
49 0.03139
50 0.03139
51 0.03139
52 0.03139
53 0.03139
54 0.03139
55 0.03139
56 0.03139
57 0.03139
58 0.03139
59 0.03139
60 0.03139
61 0.03139
62 0.03139
63 0.03139
64 0.03139
65 0.03139
66 0.03139
67 0.03139
68 0.03139
69 0.03139
70 0.03139
71 0.03139
72 0.03062
73 0.03062
74 0.03062
75 0.03062
76 0.03062
77 0.03062
78 0.03062
79 0.03062
80 0.03062
81 0.03062
82 0.03062
83 0.03062
84 0.03234
85 0.03234
86 0.03234
87 0.03234
88 0.03234
89 0.03234
90 0.03466
91 0.03466
92 0.03466
93 0.03466
94 0.03466
95 0.03466
96 0.03466
97 0.03466
98 0.03466
99 0.03466
100 0.03466
101 0.03466
102 0.03570
103 0.03570
104 0.03570
105 0.03570
106 0.03570
107 0.03570
108 0.04249
109 0.04249
110 0.04249
111 0.04249
112 0.04249
113 0.04249
114 0.04651
115 0.04651
116 0.04651
117 0.04651
118 0.04651
119 0.04651
120 0.04651
121 0.04651
122 0.04651
123 0.04651
124 0.04651
125 0.04651
126 0.04753
127 0.04753
128 0.04753
129 0.04753
130 0.04753
131 0.04753
132 0.04753
133 0.04753
134 0.04753
135 0.04753
136 0.04753
137 0.04753
138 0.04753
139 0.04753
140 0.04753
141 0.04753
142 0.04753
143 0.04753
144 0.05100
145 0.05100
146 0.05100
147 0.05100
148 0.05100
149 0.05100
150 0.05100
151 0.05100
152 0.05100
153 0.05100
154 0.05100
155 0.05100
156 0.05100
157 0.05100
158 0.05100
159 0.05100
160 0.05100
161 0.05100
162 0.05100
163 0.05100
164 0.05100
165 0.05100
166 0.05100
167 0.05100
168 0.04753
169 0.04753
170 0.04753
171 0.04753
172 0.04753
173 0.04753
174 0.04753
175 0.04753
176 0.04753
177 0.04753
178 0.04753
179 0.04753
180 0.04651
181 0.04651
182 0.04651
183 0.04651
184 0.04651
185 0.04651
186 0.04651
187 0.04651
188 0.04651
189 0.04651
190 0.04651
191 0.04651
192 0.04651
193 0.04651
194 0.04651
195 0.04651
196 0.04651
197 0.04651
198 0.07764
199 0.07764
200 0.07764
201 0.07764
202 0.07764
203 0.07764
204 0.07764
205 0.07764
206 0.07764
207 0.07764
208 0.07764
209 0.07764
210 0.08213
211 0.08213
212 0.08213
213 0.08213
214 0.08213
215 0.08213
216 0.08213
217 0.08213
218 0.08213
219 0.08213
220 0.08213
221 0.08213
222 0.08213
223 0.08213
224 0.08213
225 0.08213
226 0.08213
227 0.08213
228 0.46599
229 0.46599
230 0.46599
231 0.46599
232 0.46599
233 0.46599
234 0.04753
235 0.04753
236 0.04753
237 0.04753
238 0.04753
239 0.04753
240 0.04651
241 0.04651
242 0.04651
243 0.04651
244 0.04651
245 0.04651
246 0.04651
247 0.04651
248 0.04651
249 0.04651
250 0.04651
251 0.04651
252 0.04651
253 0.04651
254 0.04651
255 0.04651
256 0.04651
257 0.04651
258 0.03466
259 0.03466
260 0.03466
261 0.03466
262 0.03466
263 0.03466
264 0.03466
265 0.03466
266 0.03466
267 0.03466
268 0.03466
269 0.03466
270 0.03466
271 0.03466
272 0.03466
273 0.03466
274 0.03466
275 0.03466
276 0.05098
277 0.05098
278 0.05098
279 0.05098
280 0.05098
281 0.05098
282 0.05100
283 0.05100
284 0.05100
285 0.05100
286 0.05100
287 0.05100
