5
3
2
0 130 0.0 0.1
2484 2553 2513
1 120 0.1 0.1
2480 2517 2535
50
0 10 161 247 118.23
372 80 78
1 6 159 288 411.11
645 2109 2065
2 54 102 267 268.10
552 1436 336
3 80 105 285 389.55
622 2015 1856
4 91 14 140 129.41
414 66 70
5 64 4 276 39.41
69 66 352
6 29 70 269 5.30
8 41 8
7 48 45 264 393.37
1254 216 221
8 46 32 283 116.18
189 403 826
9 54 0 95 15.32
27 24 138
10 23 92 262 68.63
110 127 666
11 72 30 287 145.88
457 105 101
12 114 4 147 366.98
859 1551 358
13 47 21 243 322.93
735 1423 374
14 25 22 232 550.88
1435 1656 527
15 24 107 288 279.47
565 1545 351
16 85 50 280 18.84
32 31 176
17 24 122 248 5.30
8 41 8
18 38 142 231 14.81
25 26 137
19 52 1 176 1.14
2 2 10
20 6 28 287 133.67
430 62 65
21 61 69 280 78.14
134 114 743
22 25 228 288 20.00
33 36 189
23 67 9 205 158.39
263 438 1256
24 84 173 287 259.15
827 138 146
25 51 31 272 250.50
794 152 151
26 112 2 181 387.50
1239 202 208
27 93 5 287 110.00
347 70 73
28 11 52 231 260.71
833 130 153
29 24 95 285 105.27
169 270 907
30 22 28 288 180.50
284 460 1600
31 25 0 58 397.92
643 2096 1786
32 79 81 216 35.63
62 61 319
33 86 8 207 176.20
291 456 1455
34 88 30 274 78.75
128 141 759
35 27 158 247 172.40
549 102 90
36 25 0 161 131.56
422 62 71
37 89 40 288 133.54
425 70 85
38 78 11 265 1.14
2 2 10
39 18 16 274 77.34
140 142 640
40 75 6 183 14.83
27 25 125
41 39 71 172 190.46
304 1416 262
42 21 84 230 97.97
157 304 767
43 22 263 288 262.32
836 140 155
44 40 80 224 126.75
209 452 863
45 177 1 230 364.95
1158 219 215
46 46 27 183 202.72
359 1351 265
47 17 4 131 317.61
559 1737 1009
48 32 180 270 108.56
181 272 898
49 39 137 210 544.27
1152 1883 2011
