288
0 0.03620
1 0.03620
2 0.03620
3 0.03620
4 0.03620
5 0.03620
6 0.03600
7 0.03600
8 0.03600
9 0.03600
10 0.03600
11 0.03600
12 0.03596
13 0.03596
14 0.03596
15 0.03596
16 0.03596
17 0.03596
18 0.03596
19 0.03596
20 0.03596
21 0.03596
22 0.03596
23 0.03596
24 0.03438
25 0.03438
26 0.03438
27 0.03438
28 0.03438
29 0.03438
30 0.03438
31 0.03438
32 0.03438
33 0.03438
34 0.03438
35 0.03438
36 0.03165
37 0.03165
38 0.03165
39 0.03165
40 0.03165
41 0.03165
42 0.03137
43 0.03137
44 0.03137
45 0.03137
46 0.03137
47 0.03137
48 0.03137
49 0.03137
50 0.03137
51 0.03137
52 0.03137
53 0.03137
54 0.03137
55 0.03137
56 0.03137
57 0.03137
58 0.03137
59 0.03137
60 0.03165
61 0.03165
62 0.03165
63 0.03165
64 0.03165
65 0.03165
66 0.03438
67 0.03438
68 0.03438
69 0.03438
70 0.03438
71 0.03438
72 0.03121
73 0.03121
74 0.03121
75 0.03121
76 0.03121
77 0.03121
78 0.03121
79 0.03121
80 0.03121
81 0.03121
82 0.03121
83 0.03121
84 0.03149
85 0.03149
86 0.03149
87 0.03149
88 0.03149
89 0.03149
90 0.03405
91 0.03405
92 0.03405
93 0.03405
94 0.03405
95 0.03405
96 0.03121
97 0.03121
98 0.03121
99 0.03121
100 0.03121
101 0.03121
102 0.03121
103 0.03121
104 0.03121
105 0.03121
106 0.03121
107 0.03121
108 0.03149
109 0.03149
110 0.03149
111 0.03149
112 0.03149
113 0.03149
114 0.04300
115 0.04300
116 0.04300
117 0.04300
118 0.04300
119 0.04300
120 0.03405
121 0.03405
122 0.03405
123 0.03405
124 0.03405
125 0.03405
126 0.04615
127 0.04615
128 0.04615
129 0.04615
130 0.04615
131 0.04615
132 0.04633
133 0.04633
134 0.04633
135 0.04633
136 0.04633
137 0.04633
138 0.04633
139 0.04633
140 0.04633
141 0.04633
142 0.04633
143 0.04633
144 0.04709
145 0.04709
146 0.04709
147 0.04709
148 0.04709
149 0.04709
150 0.06309
151 0.06309
152 0.06309
153 0.06309
154 0.06309
155 0.06309
156 0.06748
157 0.06748
158 0.06748
159 0.06748
160 0.06748
161 0.06748
162 0.06748
163 0.06748
164 0.06748
165 0.06748
166 0.06748
167 0.06748
168 0.06748
169 0.06748
170 0.06748
171 0.06748
172 0.06748
173 0.06748
174 0.06730
175 0.06730
176 0.06730
177 0.06730
178 0.06730
179 0.06730
180 0.06730
181 0.06730
182 0.06730
183 0.06730
184 0.06730
185 0.06730
186 0.06730
187 0.06730
188 0.06730
189 0.06730
190 0.06730
191 0.06730
192 0.06748
193 0.06748
194 0.06748
195 0.06748
196 0.06748
197 0.06748
198 0.06748
199 0.06748
200 0.06748
201 0.06748
202 0.06748
203 0.06748
204 0.08336
205 0.08336
206 0.08336
207 0.08336
208 0.08336
209 0.08336
210 0.09654
211 0.09654
212 0.09654
213 0.09654
214 0.09654
215 0.09654
216 0.17097
217 0.17097
218 0.17097
219 0.17097
220 0.17097
221 0.17097
222 0.10288
223 0.10288
224 0.10288
225 0.10288
226 0.10288
227 0.10288
228 0.09211
229 0.09211
230 0.09211
231 0.09211
232 0.09211
233 0.09211
234 0.08448
235 0.08448
236 0.08448
237 0.08448
238 0.08448
239 0.08448
240 0.08448
241 0.08448
242 0.08448
243 0.08448
244 0.08448
245 0.08448
246 0.07107
247 0.07107
248 0.07107
249 0.07107
250 0.07107
251 0.07107
252 0.06748
253 0.06748
254 0.06748
255 0.06748
256 0.06748
257 0.06748
258 0.06748
259 0.06748
260 0.06748
261 0.06748
262 0.06748
263 0.06748
264 0.06581
265 0.06581
266 0.06581
267 0.06581
268 0.06581
269 0.06581
270 0.05081
271 0.05081
272 0.05081
273 0.05081
274 0.05081
275 0.05081
276 0.05081
277 0.05081
278 0.05081
279 0.05081
280 0.05081
281 0.05081
282 0.05081
283 0.05081
284 0.05081
285 0.05081
286 0.05081
287 0.05081
