5
2
20
0 190 0.1 0.0
3251 3247
1 120 0.1 0.1
3325 3255
2 130 0.0 0.1
3383 3204
3 150 0.1 0.1
3195 3238
4 120 0.1 0.1
3212 3316
5 190 0.1 0.0
3164 3215
6 170 0.1 0.1
3350 3159
7 120 0.1 0.1
3278 3307
8 130 0.0 0.1
3239 3315
9 150 0.1 0.1
3244 3261
10 150 0.1 0.1
3301 3461
11 130 0.0 0.1
3223 3241
12 170 0.1 0.1
3373 3281
13 130 0.0 0.1
3146 3369
14 190 0.1 0.0
3235 3262
15 130 0.0 0.1
3239 3119
16 130 0.0 0.1
3309 3286
17 170 0.1 0.1
3287 3398
18 150 0.1 0.1
3174 3351
19 120 0.1 0.1
3248 3262
500
0 21 7 96 132.36
291 1088
1 38 162 242 119.57
463 49
2 88 97 282 152.70
447 736
3 6 39 90 145.11
424 703
4 11 102 288 664.48
2296 1565
5 18 51 225 165.20
390 1233
6 40 4 72 142.84
283 1319
7 86 15 265 7.34
10 89
8 29 104 283 176.30
660 178
9 47 8 248 297.89
1134 213
10 7 80 254 81.62
167 729
11 69 36 280 25.92
63 185
12 68 0 132 65.91
87 812
13 20 5 146 459.83
1291 2473
14 38 112 247 18.72
72 10
15 181 73 288 100.94
176 1044
16 40 3 98 350.21
1326 284
17 119 8 278 48.81
183 48
18 212 57 287 58.15
220 48
19 9 96 282 266.36
1031 111
20 14 1 287 363.76
1376 301
21 51 91 176 55.68
216 21
22 23 10 250 277.45
818 1310
23 11 23 230 103.90
399 58
24 79 31 248 34.33
128 37
25 91 40 233 88.46
199 706
26 57 23 170 16.76
28 179
27 13 0 144 26.59
41 300
28 3 165 216 69.43
261 65
29 67 32 232 93.13
354 69
30 21 50 282 539.48
1897 1117
31 39 3 132 21.52
82 15
32 15 56 268 4.09
7 43
33 13 48 288 393.95
1232 1531
34 114 88 287 1.68
3 17
35 26 8 122 111.31
210 1077
36 20 121 224 33.86
64 327
37 50 48 194 96.64
135 1156
38 32 32 266 83.31
307 107
39 208 15 287 115.94
448 52
40 1 61 241 346.62
1039 1557
41 92 4 271 67.55
251 77
42 59 95 287 692.74
2685 272
43 122 0 233 1.62
3 16
44 40 40 285 387.66
1464 332
45 25 36 83 23.74
37 266
46 95 72 287 74.17
127 778
47 235 27 286 16.70
22 206
48 165 66 288 78.08
291 85
49 90 59 192 64.93
246 52
50 199 50 287 48.99
188 28
51 17 136 252 36.78
70 353
52 136 145 288 291.25
1088 305
53 28 244 288 124.76
424 327
54 28 62 154 118.40
459 46
55 46 25 185 36.67
43 477
56 4 143 288 81.76
312 55
57 50 172 287 545.70
1975 868
58 19 0 56 175.20
661 153
59 50 41 216 109.34
190 1134
60 107 10 243 168.54
634 156
61 87 8 288 13.51
25 133
62 51 118 251 335.32
1300 130
63 29 157 287 108.28
420 41
64 3 57 156 3.45
7 31
65 81 30 285 256.42
868 688
66 144 60 275 103.73
150 1217
67 11 82 198 94.55
176 926
68 9 15 145 668.90
2498 704
69 84 31 149 31.98
66 283
70 15 53 186 30.01
85 158
71 121 44 287 156.67
593 128
72 19 42 247 184.77
694 176
73 13 5 285 147.53
359 1051
74 18 29 288 54.04
82 616
75 78 13 234 321.17
812 2146
76 48 30 279 253.32
638 1704
77 3 8 281 599.38
1903 2196
78 9 25 176 78.61
124 874
79 70 76 217 65.64
156 485
80 10 54 288 26.95
102 22
81 55 46 240 30.63
51 328
82 12 127 164 67.62
151 545
83 108 20 226 169.23
656 66
84 66 3 177 15.39
26 163
85 34 96 241 110.14
422 66
86 36 77 286 417.33
1364 1347
87 7 31 197 47.47
125 294
88 16 65 276 242.40
925 163
89 57 1 108 593.03
2297 240
90 39 24 286 165.75
633 109
91 2 101 151 26.03
99 19
92 38 1 165 210.17
456 1756
93 67 29 261 43.65
100 340
94 45 105 257 49.13
72 572
95 34 72 256 173.74
622 308
96 23 3 180 91.36
347 69
97 43 219 288 64.10
247 32
98 44 7 157 41.81
46 558
99 40 91 244 198.66
740 218
100 10 61 287 675.39
2417 1202
101 22 2 108 362.26
1366 320
102 28 60 275 125.16
477 87
103 4 120 288 61.15
231 52
104 72 99 237 29.20
49 311
105 67 96 278 17.42
66 14
106 33 80 243 32.95
63 315
107 2 0 154 278.32
818 1326
108 9 58 266 302.00
936 1213
109 7 6 95 28.57
63 234
110 79 31 183 55.12
211 34
111 38 49 270 199.98
340 2109
112 18 2 213 291.54
757 1855
113 36 84 263 73.16
120 792
114 32 18 261 78.32
119 892
115 26 16 271 383.15
1420 454
116 23 51 285 46.00
93 416
117 33 34 288 64.83
120 638
118 34 117 266 45.96
104 364
119 143 52 274 117.69
168 1391
120 74 1 281 34.14
81 253
121 1 44 182 62.30
140 498
122 5 246 287 40.33
95 302
123 38 13 129 118.42
224 1143
124 212 1 272 17.05
33 161
125 9 20 175 253.03
972 140
126 65 27 144 69.75
264 57
127 32 80 256 17.42
24 210
128 57 135 265 0.63
1 7
129 6 45 106 129.40
242 1262
130 23 0 273 38.69
90 295
131 25 95 288 26.33
100 20
132 22 120 287 17.42
36 154
133 109 121 287 26.37
101 16
134 44 137 287 116.99
213 1168
135 15 241 288 67.32
258 40
136 103 52 244 34.42
132 20
137 109 23 256 207.29
799 102
138 1 239 281 18.24
69 15
139 96 149 287 26.44
55 232
140 3 0 95 657.25
2007 2780
141 14 15 101 111.62
427 70
142 53 119 230 26.24
45 275
143 66 24 288 555.23
1702 2318
144 4 147 184 61.42
237 29
145 40 0 226 57.56
103 583
146 40 37 174 120.24
177 1396
147 75 60 288 13.62
52 9
148 24 73 287 456.11
1743 295
149 18 57 287 54.55
129 406
150 27 8 285 143.58
482 404
151 14 6 186 343.58
1325 166
152 20 26 110 253.12
859 669
153 38 37 240 277.07
1055 197
154 52 53 278 21.25
82 10
155 19 6 207 148.07
566 95
156 13 38 284 341.66
1260 434
157 11 138 261 592.92
1904 2072
158 93 25 288 28.72
52 288
159 27 88 287 72.64
86 941
160 34 197 277 77.69
160 689
161 7 100 213 222.17
841 181
162 18 33 253 130.95
291 1062
163 13 177 270 129.89
245 1257
164 3 2 246 168.78
627 193
165 56 192 280 23.48
90 14
166 93 13 269 346.10
1320 236
167 10 179 281 47.65
64 582
168 32 231 288 12.68
26 113
169 45 16 222 226.08
876 90
170 43 35 264 77.90
190 553
171 44 146 288 153.25
393 998
172 39 21 182 355.93
1369 189
173 136 1 252 69.77
110 776
174 111 88 287 29.65
84 156
175 111 4 162 354.38
1275 599
176 171 110 287 241.02
933 100
177 76 134 286 487.28
1848 381
178 113 100 287 2.06
3 24
179 116 138 286 69.53
129 683
180 88 79 264 9.38
35 10
181 30 28 281 93.09
356 59
182 47 32 288 45.13
171 36
183 15 32 288 279.38
1044 291
184 42 67 166 663.51
2170 2135
185 41 1 217 100.47
379 88
186 63 93 274 133.57
512 79
187 30 181 288 279.13
1052 249
188 80 13 250 22.62
39 236
189 29 174 249 51.32
86 547
190 25 67 198 25.78
59 201
191 88 8 192 22.85
38 245
192 37 200 288 317.03
1195 282
193 67 122 288 9.47
21 77
194 57 32 192 9.29
19 83
195 88 0 158 83.39
168 757
196 61 99 224 329.76
1062 1138
197 57 11 84 36.99
73 343
198 97 101 287 102.65
162 1141
199 13 88 257 21.12
47 171
200 18 47 109 387.62
1472 294
201 2 3 275 307.36
912 1424
202 25 5 68 111.87
422 98
203 6 10 288 229.09
871 169
204 3 123 250 246.99
950 131
205 57 183 287 80.05
179 644
206 50 56 261 7.92
17 67
207 29 14 120 183.19
524 940
208 36 28 235 253.08
969 155
209 26 7 162 59.45
73 758
210 63 0 87 298.84
964 1024
211 21 19 237 27.60
63 216
212 31 2 272 158.89
599 141
213 13 93 288 132.00
275 1156
214 15 0 166 504.04
1582 1932
215 49 27 287 82.81
311 79
216 72 36 183 212.95
746 454
217 29 134 221 186.65
515 1046
218 24 22 85 96.28
185 916
219 3 1 243 314.79
1202 208
220 19 211 276 500.21
1347 2958
221 33 11 259 149.64
575 82
222 112 26 288 16.29
63 7
223 106 118 288 56.78
209 74
224 31 51 264 108.30
161 1250
225 14 154 283 39.84
71 405
226 61 25 254 248.77
938 220
227 60 68 288 33.03
56 349
228 9 3 275 70.71
130 700
229 7 47 265 3.50
13 4
230 35 4 273 26.17
73 143
231 2 3 281 67.87
146 573
232 19 118 244 38.51
148 21
233 127 36 287 48.23
71 560
234 55 106 288 80.48
155 764
235 13 73 177 33.48
58 348
236 5 58 172 132.95
219 1435
237 16 24 288 52.54
198 47
238 66 33 185 33.57
128 23
239 13 19 224 0.88
2 7
240 29 189 287 234.38
422 2362
241 11 214 277 435.71
1662 296
242 29 0 229 11.72
25 100
243 26 68 280 9.99
19 96
244 55 5 160 1.71
4 13
245 35 38 186 297.04
1097 370
246 40 14 288 324.93
1114 806
247 13 111 246 247.71
919 289
248 34 95 287 351.39
1333 273
249 37 10 287 19.70
39 182
250 134 78 288 0.88
2 7
251 20 173 287 259.47
948 371
252 86 59 254 25.54
54 220
253 31 178 253 16.41
23 196
254 66 17 272 407.70
1382 1085
255 103 29 176 66.90
89 821
256 45 121 250 504.34
1604 1835
257 19 56 167 196.50
284 2306
258 49 1 237 96.25
145 1102
259 22 3 211 14.68
23 164
260 47 165 283 230.52
879 158
261 28 161 246 74.73
114 849
262 80 54 194 104.06
303 509
263 7 96 288 39.84
77 377
264 56 35 120 216.88
834 116
265 34 4 269 26.41
60 208
266 35 42 287 178.68
687 96
267 48 221 287 125.27
480 75
268 20 8 144 176.64
509 889
269 6 35 148 284.05
869 1194
270 56 2 174 61.72
91 716
271 138 76 284 29.15
112 16
272 13 7 161 753.21
2651 1548
273 98 1 209 47.26
179 38
274 38 46 287 38.64
69 392
275 20 86 288 75.94
167 624
276 49 48 278 176.46
651 223
277 17 32 165 247.02
423 2591
278 18 3 279 109.18
418 67
279 40 96 246 481.24
1847 274
280 3 174 268 133.82
516 65
281 78 150 287 463.98
1754 389
282 29 191 261 643.83
2292 1202
283 32 29 126 138.29
532 73
284 41 133 243 100.58
379 90
285 58 11 255 363.81
1376 302
286 34 146 239 71.39
260 106
287 30 45 185 92.42
351 70
288 14 46 288 370.65
1138 1539
289 10 42 241 126.87
202 1402
290 49 45 288 36.44
74 328
291 17 12 288 95.78
219 748
292 15 4 227 125.11
216 1304
293 62 30 259 2.69
10 3
294 64 117 286 21.81
84 11
295 36 142 248 134.88
517 80
296 11 116 183 49.57
96 468
297 132 38 244 103.86
146 1238
298 240 25 287 25.79
100 10
299 24 93 265 85.53
328 50
300 34 88 165 29.64
109 39
301 62 100 208 530.82
1927 817
302 30 169 225 163.40
619 131
303 109 147 288 107.34
415 47
304 72 9 217 96.28
143 1112
305 13 66 184 69.19
265 42
306 43 202 288 614.98
2259 823
307 50 23 182 237.64
556 1797
308 2 1 93 246.50
923 248
309 27 154 287 9.43
17 95
310 28 2 179 152.42
337 1244
311 39 0 211 37.03
65 381
312 72 93 235 52.43
195 59
313 22 209 270 134.32
329 947
314 42 8 98 583.00
2148 750
315 93 95 275 389.21
1342 930
316 115 90 288 12.27
22 124
317 60 30 192 67.69
153 537
318 52 116 287 21.23
41 201
319 50 2 128 156.96
598 110
320 7 6 255 26.61
64 193
321 20 16 202 746.53
2721 1098
322 2 35 143 8.21
31 7
323 22 108 231 127.09
487 76
324 60 29 195 415.83
1558 414
325 30 114 284 90.71
152 967
326 35 36 196 236.72
895 198
327 47 83 223 84.92
323 62
328 83 11 154 191.47
299 2143
329 105 5 199 304.22
1146 274
330 1 12 158 150.40
572 110
331 111 16 279 78.16
164 679
332 39 72 243 122.20
458 121
333 47 65 172 10.80
40 13
334 25 3 272 10.59
16 121
335 15 71 288 152.61
260 1607
336 93 32 246 75.68
118 848
337 5 84 219 138.35
526 102
338 2 213 288 148.21
564 107
339 10 55 288 28.95
48 311
340 46 16 74 340.60
977 1735
341 69 140 287 2.25
4 23
342 39 24 267 106.42
409 58
343 26 5 105 15.69
60 10
344 27 0 144 68.81
157 539
345 9 2 224 230.32
611 1405
346 106 64 200 28.64
107 30
347 42 64 144 475.83
1445 2050
348 34 15 178 5.47
12 45
349 30 164 233 108.17
411 81
350 21 83 267 37.70
70 370
351 30 123 281 272.11
1030 222
352 15 164 288 73.61
125 777
353 24 20 178 73.85
274 86
354 5 2 92 200.79
766 136
355 4 15 197 374.93
1438 218
356 35 6 222 154.38
582 137
357 8 7 241 116.83
204 1207
358 108 53 278 99.01
376 75
359 10 1 259 179.94
698 68
360 4 0 88 356.24
929 2248
361 82 164 268 201.17
436 1683
362 11 6 167 73.38
162 600
363 61 114 273 62.66
120 598
364 2 164 263 199.66
769 101
365 19 112 256 119.97
444 145
366 131 5 241 612.96
2362 305
367 52 83 277 107.54
410 74
368 20 182 287 211.65
821 80
369 14 3 196 192.46
634 598
370 31 70 266 153.23
574 153
371 61 1 167 69.62
127 694
372 32 105 256 181.49
696 106
373 6 1 281 32.09
54 341
374 28 60 180 97.96
179 975
375 3 111 234 378.71
1060 2052
376 37 70 277 28.59
50 295
377 79 51 191 311.74
1140 441
378 1 0 231 178.71
685 106
379 217 4 225 191.07
732 115
380 69 20 203 123.07
473 67
381 23 45 252 404.56
1559 201
382 141 3 261 41.31
92 334
383 20 10 239 43.20
164 33
384 26 4 102 111.09
213 1059
385 66 67 225 33.89
53 379
386 130 3 146 43.67
78 443
387 25 11 112 356.51
1181 1077
388 59 0 287 90.46
133 1051
389 23 7 211 157.56
604 93
390 52 201 288 118.65
451 88
391 51 108 288 157.65
593 146
392 51 15 115 117.44
446 89
393 55 1 267 36.71
140 25
394 2 1 282 18.78
72 11
395 28 98 275 63.42
243 38
396 33 70 218 335.98
1176 721
397 30 45 274 376.10
1331 739
398 14 149 278 52.18
107 465
399 15 176 288 0.78
2 5
400 21 45 205 11.71
20 123
401 18 10 287 67.32
120 684
402 19 6 208 178.43
671 166
403 14 88 147 130.99
223 1380
404 4 205 288 365.53
933 2401
405 7 158 286 28.01
52 275
406 6 50 275 9.18
16 95
407 29 51 260 515.80
1542 2336
408 32 34 288 358.71
954 2177
409 68 47 226 523.01
1592 2236
410 22 52 237 9.43
35 11
411 52 55 280 114.61
195 1208
412 76 14 288 132.90
507 90
413 118 94 285 207.30
468 1647
414 34 4 130 592.31
2286 278
415 28 32 216 58.13
89 659
416 22 58 286 88.73
325 123
417 58 83 233 55.14
111 501
418 14 68 222 1.35
3 11
419 1 0 53 18.29
69 16
420 101 2 288 82.34
316 47
421 34 36 220 64.23
111 669
422 56 32 233 55.70
215 26
423 39 69 272 315.06
950 1389
424 18 5 194 65.46
127 617
425 5 2 130 414.39
1530 518
426 23 117 284 10.41
38 15
427 97 12 203 116.59
208 1184
428 91 195 287 130.75
488 139
429 31 52 146 420.74
1601 304
430 60 54 169 17.88
68 13
431 54 29 205 24.96
50 228
432 59 6 154 50.47
82 550
433 35 131 264 167.17
638 112
434 57 41 286 174.40
678 59
435 20 153 182 14.48
28 137
436 86 12 110 341.20
1289 290
437 4 104 288 146.72
560 98
438 71 169 273 34.38
131 24
439 24 52 267 67.42
261 28
440 33 73 197 10.35
17 112
441 27 189 288 139.70
265 1345
442 1 75 145 201.59
770 132
443 72 56 184 9.29
34 13
444 2 0 230 184.52
699 148
445 112 63 277 78.44
133 829
446 98 9 153 227.92
864 180
447 29 31 163 20.00
40 183
448 49 94 276 360.80
1360 321
449 36 31 226 401.26
1535 252
450 88 2 288 9.27
14 106
451 67 48 262 61.09
150 429
452 15 85 226 123.03
256 1079
453 2 26 171 253.12
916 403
454 86 55 288 13.65
23 145
455 53 52 275 90.35
130 1063
456 20 88 287 68.97
262 52
457 41 94 213 373.32
1440 179
458 4 191 255 22.84
87 16
459 39 74 249 20.91
29 251
460 16 10 88 216.39
477 1773
461 81 68 276 60.34
90 695
462 29 30 190 69.43
264 51
463 27 52 272 248.92
891 442
464 34 2 207 160.75
619 82
465 2 17 101 186.40
706 150
466 20 0 94 94.46
205 789
467 59 69 274 34.36
69 313
468 34 22 203 36.85
141 23
469 43 85 191 39.38
76 373
470 23 164 264 20.20
77 14
471 21 1 26 21.70
42 205
472 10 193 269 23.77
92 10
473 14 40 288 106.69
193 1071
474 44 1 286 429.81
1644 271
475 18 0 51 99.30
378 71
476 9 62 264 57.72
121 502
477 18 201 275 676.98
2371 1446
478 13 97 175 129.54
315 924
479 2 243 277 134.32
512 93
480 133 48 288 22.98
88 14
481 12 174 274 647.43
2476 410
482 44 57 280 148.36
250 1575
483 81 112 221 4.29
8 42
484 64 5 190 73.45
116 816
485 22 163 287 166.32
646 59
486 15 76 190 196.66
761 83
487 56 227 287 182.47
444 1300
488 20 88 208 216.36
833 111
489 42 13 241 87.17
147 925
490 49 109 282 105.88
409 48
491 47 157 285 123.68
469 97
492 76 1 287 359.54
1349 349
493 47 34 283 168.60
649 87
494 83 154 269 45.71
64 546
495 27 0 124 120.06
223 1178
496 22 116 229 270.98
802 1265
497 14 170 257 52.85
97 524
498 8 5 162 354.00
1374 130
499 25 20 287 161.27
596 199
