288
0 0.03958
1 0.03958
2 0.03958
3 0.03958
4 0.03958
5 0.03958
6 0.03958
7 0.03958
8 0.03958
9 0.03958
10 0.03958
11 0.03958
12 0.03958
13 0.03958
14 0.03958
15 0.03958
16 0.03958
17 0.03958
18 0.03958
19 0.03958
20 0.03958
21 0.03958
22 0.03958
23 0.03958
24 0.03926
25 0.03926
26 0.03926
27 0.03926
28 0.03926
29 0.03926
30 0.03707
31 0.03707
32 0.03707
33 0.03707
34 0.03707
35 0.03707
36 0.03707
37 0.03707
38 0.03707
39 0.03707
40 0.03707
41 0.03707
42 0.03707
43 0.03707
44 0.03707
45 0.03707
46 0.03707
47 0.03707
48 0.03812
49 0.03812
50 0.03812
51 0.03812
52 0.03812
53 0.03812
54 0.03812
55 0.03812
56 0.03812
57 0.03812
58 0.03812
59 0.03812
60 0.03958
61 0.03958
62 0.03958
63 0.03958
64 0.03958
65 0.03958
66 0.03958
67 0.03958
68 0.03958
69 0.03958
70 0.03958
71 0.03958
72 0.04337
73 0.04337
74 0.04337
75 0.04337
76 0.04337
77 0.04337
78 0.04337
79 0.04337
80 0.04337
81 0.04337
82 0.04337
83 0.04337
84 0.04643
85 0.04643
86 0.04643
87 0.04643
88 0.04643
89 0.04643
90 0.04698
91 0.04698
92 0.04698
93 0.04698
94 0.04698
95 0.04698
96 0.04698
97 0.04698
98 0.04698
99 0.04698
100 0.04698
101 0.04698
102 0.04698
103 0.04698
104 0.04698
105 0.04698
106 0.04698
107 0.04698
108 0.04643
109 0.04643
110 0.04643
111 0.04643
112 0.04643
113 0.04643
114 0.04698
115 0.04698
116 0.04698
117 0.04698
118 0.04698
119 0.04698
120 0.04698
121 0.04698
122 0.04698
123 0.04698
124 0.04698
125 0.04698
126 0.04698
127 0.04698
128 0.04698
129 0.04698
130 0.04698
131 0.04698
132 0.04730
133 0.04730
134 0.04730
135 0.04730
136 0.04730
137 0.04730
138 0.04806
139 0.04806
140 0.04806
141 0.04806
142 0.04806
143 0.04806
144 0.04806
145 0.04806
146 0.04806
147 0.04806
148 0.04806
149 0.04806
150 0.07960
151 0.07960
152 0.07960
153 0.07960
154 0.07960
155 0.07960
156 0.07960
157 0.07960
158 0.07960
159 0.07960
160 0.07960
161 0.07960
162 0.07960
163 0.07960
164 0.07960
165 0.07960
166 0.07960
167 0.07960
168 0.08011
169 0.08011
170 0.08011
171 0.08011
172 0.08011
173 0.08011
174 0.08011
175 0.08011
176 0.08011
177 0.08011
178 0.08011
179 0.08011
180 0.08011
181 0.08011
182 0.08011
183 0.08011
184 0.08011
185 0.08011
186 0.08011
187 0.08011
188 0.08011
189 0.08011
190 0.08011
191 0.08011
192 0.08011
193 0.08011
194 0.08011
195 0.08011
196 0.08011
197 0.08011
198 0.08011
199 0.08011
200 0.08011
201 0.08011
202 0.08011
203 0.08011
204 0.09063
205 0.09063
206 0.09063
207 0.09063
208 0.09063
209 0.09063
210 0.18572
211 0.18572
212 0.18572
213 0.18572
214 0.18572
215 0.18572
216 0.11184
217 0.11184
218 0.11184
219 0.11184
220 0.11184
221 0.11184
222 0.08011
223 0.08011
224 0.08011
225 0.08011
226 0.08011
227 0.08011
228 0.08011
229 0.08011
230 0.08011
231 0.08011
232 0.08011
233 0.08011
234 0.04806
235 0.04806
236 0.04806
237 0.04806
238 0.04806
239 0.04806
240 0.04730
241 0.04730
242 0.04730
243 0.04730
244 0.04730
245 0.04730
246 0.04698
247 0.04698
248 0.04698
249 0.04698
250 0.04698
251 0.04698
252 0.04698
253 0.04698
254 0.04698
255 0.04698
256 0.04698
257 0.04698
258 0.04643
259 0.04643
260 0.04643
261 0.04643
262 0.04643
263 0.04643
264 0.04040
265 0.04040
266 0.04040
267 0.04040
268 0.04040
269 0.04040
270 0.03402
271 0.03402
272 0.03402
273 0.03402
274 0.03402
275 0.03402
276 0.03402
277 0.03402
278 0.03402
279 0.03402
280 0.03402
281 0.03402
282 0.03402
283 0.03402
284 0.03402
285 0.03402
286 0.03402
287 0.03402
