5
2
20
0 170 0.1 0.1
3250 3244
1 120 0.1 0.1
3239 3148
2 150 0.1 0.1
3153 3312
3 130 0.0 0.1
3265 3243
4 190 0.1 0.0
3264 3193
5 130 0.0 0.1
3155 3231
6 150 0.1 0.1
3292 3217
7 170 0.1 0.1
3260 3085
8 150 0.1 0.1
3192 3162
9 130 0.0 0.1
3291 3157
10 130 0.0 0.1
3347 3355
11 190 0.1 0.0
3171 3133
12 130 0.0 0.1
3276 3220
13 120 0.1 0.1
3157 3140
14 130 0.0 0.1
3306 3240
15 130 0.0 0.1
3206 3179
16 150 0.1 0.1
3270 3182
17 170 0.1 0.1
3289 3351
18 150 0.1 0.1
3236 3172
19 130 0.0 0.1
3319 3166
500
0 1 174 285 33.05
124 28
1 7 1 278 799.53
2524 2896
2 38 0 45 93.75
148 1030
3 19 30 91 82.45
158 776
4 70 63 219 184.75
360 1711
5 129 21 237 237.71
897 177
6 20 1 212 64.62
123 612
7 51 0 148 552.04
2096 351
8 23 50 138 418.63
1552 441
9 30 0 125 267.91
518 2500
10 30 50 274 224.74
777 499
11 47 58 255 283.79
1084 150
12 117 6 226 77.09
291 57
13 176 3 244 233.70
428 2292
14 13 3 193 86.01
205 622
15 65 18 197 92.60
349 71
16 12 0 152 31.65
120 21
17 154 28 213 69.41
126 686
18 126 2 154 56.26
118 482
19 7 184 272 322.34
1220 223
20 21 11 288 80.20
303 58
21 6 5 277 40.35
94 302
22 78 115 288 266.44
704 1605
23 72 54 268 239.93
901 199
24 29 1 175 97.38
371 56
25 35 1 287 542.84
2054 378
26 20 231 265 200.12
405 1783
27 54 0 270 36.47
68 352
28 32 37 165 38.72
64 412
29 23 160 288 82.40
143 845
30 11 11 210 34.09
64 327
31 40 40 243 73.32
145 669
32 11 32 236 79.29
296 74
33 6 83 287 80.22
305 49
34 106 109 263 125.84
220 1283
35 17 70 287 206.75
415 1858
36 69 79 278 36.30
137 27
37 43 15 268 344.61
1026 1537
38 19 41 148 35.65
65 351
39 11 168 285 329.33
1165 608
40 13 1 141 29.46
52 298
41 13 0 162 106.71
406 64
42 26 45 107 473.92
1733 611
43 26 155 236 468.34
1623 1022
44 16 173 273 166.57
500 724
45 51 62 251 452.78
1703 363
46 83 18 197 45.09
82 445
47 66 16 286 89.75
341 56
48 9 110 287 660.47
2375 1039
49 7 0 59 470.88
1582 1260
50 28 3 48 226.81
453 2049
51 8 231 276 442.93
1678 299
52 13 13 86 72.79
132 720
53 74 7 182 235.57
835 427
54 120 2 220 185.12
697 145
55 72 34 240 52.07
199 27
56 60 0 242 32.24
124 13
57 66 4 287 514.81
1905 559
58 60 22 273 32.27
53 345
59 89 145 266 179.74
345 1689
60 52 60 187 38.14
66 392
61 14 170 286 410.28
1559 255
62 43 139 288 23.50
47 212
63 3 146 279 28.08
53 268
64 111 27 262 31.55
57 313
65 97 20 261 288.07
1091 196
66 3 137 284 60.59
120 552
67 66 181 288 350.76
858 2434
68 118 14 191 603.19
1926 2083
69 2 66 190 343.83
1291 286
70 16 103 275 607.29
2303 399
71 51 32 134 73.28
135 715
72 46 15 205 17.89
35 165
73 83 102 282 189.98
597 701
74 116 21 273 28.95
50 298
75 30 22 174 508.53
1579 1965
76 24 142 208 59.19
113 559
77 40 209 287 228.63
863 169
78 71 23 269 30.86
59 291
79 134 4 287 174.40
657 135
80 7 25 189 274.85
1039 196
81 23 158 263 501.45
1900 337
82 24 0 53 138.88
525 99
83 22 176 287 666.68
2375 1153
84 3 0 197 125.33
236 1199
85 29 76 160 77.98
155 708
86 21 9 203 176.62
673 101
87 6 144 207 89.84
297 263
88 44 2 273 422.94
1552 520
89 22 220 287 194.67
363 1879
90 4 239 287 49.60
188 33
91 6 0 179 348.60
1328 201
92 24 24 233 30.02
60 271
93 17 64 252 70.94
270 42
94 18 95 279 176.27
437 1196
95 3 182 287 20.30
76 18
96 27 30 288 7.16
14 66
97 76 18 279 127.20
481 90
98 72 100 276 11.97
25 103
99 14 29 172 518.83
1798 1132
100 32 150 288 13.15
50 8
101 28 25 202 40.63
82 363
102 97 85 224 97.00
365 77
103 149 50 270 403.89
1533 259
104 23 239 287 73.39
276 59
105 125 26 256 310.54
694 2461
106 41 33 106 57.06
98 590
107 1 279 288 138.81
220 1521
108 33 14 230 98.12
375 51
109 12 26 99 161.62
290 1613
110 42 40 115 325.70
1233 224
111 170 15 277 113.51
428 86
112 13 12 129 131.56
235 1318
113 80 24 287 9.84
37 8
114 28 20 252 81.69
149 804
115 48 4 231 264.44
682 1671
116 115 6 224 125.80
393 475
117 188 6 288 201.50
746 217
118 100 137 288 99.27
378 58
119 16 32 288 376.61
1139 1597
120 16 0 61 121.66
240 1113
121 32 31 190 264.08
933 493
122 53 2 284 284.24
1077 191
123 9 24 262 107.42
196 1057
124 1 71 263 151.72
259 1576
125 21 129 274 112.34
291 704
126 25 59 139 46.58
87 449
127 3 29 258 540.77
1892 1096
128 17 70 267 109.11
415 66
129 52 140 211 95.27
178 918
130 17 218 285 202.17
562 1088
131 17 147 277 402.00
1532 229
132 13 152 285 65.89
248 52
133 74 80 288 15.78
28 159
134 5 28 288 91.19
343 73
135 82 162 278 628.70
2276 918
136 1 84 285 507.86
1895 478
137 18 50 278 142.98
542 95
138 12 9 185 154.90
591 85
139 6 102 238 31.27
60 294
140 59 182 281 39.32
73 381
141 177 33 269 23.97
39 258
142 79 30 198 520.24
1978 318
143 4 18 265 636.15
2373 602
144 3 70 265 451.32
1714 285
145 51 14 272 11.22
42 10
146 2 22 250 278.30
1059 166
147 14 59 224 185.72
349 1780
148 158 20 287 196.39
361 1920
149 33 0 237 332.15
1004 1411
150 96 70 288 303.04
1149 200
151 10 62 247 24.03
42 245
152 16 128 225 367.13
1391 247
153 7 97 236 578.27
1846 1999
154 7 48 282 17.04
28 182
155 6 10 288 553.21
2101 349
156 17 132 275 11.82
45 7
157 91 8 275 139.26
528 92
158 7 57 212 351.22
1070 1453
159 40 31 265 23.16
45 215
160 16 1 263 303.33
1157 168
161 46 1 271 14.93
27 148
162 120 9 225 39.46
71 393
163 13 4 227 262.30
500 2481
164 16 174 288 565.25
2062 752
165 12 16 265 555.60
2047 645
166 181 35 288 100.43
179 1008
167 24 6 265 332.84
1257 243
168 35 127 221 181.25
688 116
169 26 14 119 104.92
196 1011
170 33 149 288 350.62
1322 266
171 72 9 254 801.14
2813 1577
172 8 85 239 25.43
49 238
173 179 29 283 54.92
207 42
174 122 10 288 16.98
28 181
175 58 90 287 328.59
1248 207
176 13 4 247 132.74
215 1433
177 58 53 271 372.65
1018 2089
178 57 6 218 143.98
271 1378
179 18 0 241 26.77
50 258
180 3 0 231 41.14
156 27
181 21 1 112 519.72
1950 439
182 56 78 230 322.65
1227 196
183 5 1 280 50.92
193 34
184 39 0 278 112.44
202 1121
185 68 24 220 69.25
120 711
186 1 29 55 132.09
500 91
187 28 141 287 647.12
2300 1144
188 21 123 287 315.46
1164 358
189 41 4 264 56.84
98 586
190 46 198 287 93.89
170 930
191 125 114 288 209.63
676 693
192 16 55 287 320.27
1199 283
193 113 20 288 60.28
98 649
194 13 172 230 58.15
113 540
195 71 70 278 290.74
1100 203
196 11 17 288 82.34
197 592
197 24 83 280 169.88
642 122
198 30 16 151 371.96
1410 247
199 69 0 185 393.93
1493 263
200 61 88 275 297.30
1129 188
201 79 30 181 70.36
128 694
202 6 111 174 216.28
820 143
203 140 5 273 166.50
267 1810
204 125 18 189 80.84
157 751
205 49 88 274 86.92
176 774
206 205 27 288 147.58
256 1514
207 15 176 279 345.93
998 1692
208 1 186 256 391.86
1469 337
209 154 86 264 221.58
834 175
210 26 54 287 79.44
129 856
211 1 8 74 354.03
1344 226
212 18 160 278 128.16
281 1041
213 4 92 256 70.03
248 128
214 13 60 168 84.59
142 890
215 39 20 183 374.21
1163 1441
216 21 86 288 61.15
233 35
217 54 25 274 380.77
1141 1664
218 62 21 259 231.39
873 173
219 25 199 287 221.09
834 166
220 29 5 71 112.11
181 1213
221 83 97 267 70.23
117 743
222 104 0 287 87.99
156 887
223 84 177 287 344.17
1302 241
224 11 135 272 42.15
160 27
225 27 72 270 543.40
2050 407
226 32 9 166 715.46
2539 1283
227 5 99 279 157.71
598 104
228 6 160 256 127.75
250 1178
229 3 105 257 406.57
1538 285
230 11 71 287 155.64
592 94
231 54 5 244 196.47
396 1758
232 43 43 281 72.21
272 56
233 1 63 270 245.41
455 2381
234 87 55 288 177.60
271 1995
235 15 33 84 125.89
241 1186
236 123 0 154 95.02
360 64
237 29 3 143 25.83
39 292
238 14 80 250 365.69
1050 1812
239 18 0 232 29.89
52 306
240 20 88 288 116.81
444 72
241 9 101 187 101.85
176 1048
242 42 32 223 59.10
118 534
243 44 58 203 185.10
329 1862
244 182 29 287 262.61
996 172
245 105 66 287 59.19
101 615
246 66 16 216 178.54
327 1751
247 6 28 192 56.92
217 32
248 55 1 168 279.59
544 2593
249 25 38 95 110.89
233 948
250 107 47 288 121.44
225 1179
251 141 11 247 1.62
4 11
252 5 184 285 56.08
212 40
253 7 0 143 159.96
603 122
254 15 224 245 28.97
52 289
255 3 100 141 368.24
1150 1392
256 16 1 61 339.63
1051 1329
257 8 92 216 457.17
1704 439
258 93 90 258 171.02
645 129
259 73 139 269 306.52
681 2448
260 45 112 261 33.78
66 312
261 94 7 286 23.37
42 233
262 59 59 265 223.56
839 188
263 145 5 181 36.50
138 26
264 55 78 277 84.43
217 537
265 38 7 93 236.57
894 170
266 92 3 195 11.24
23 99
267 40 132 288 797.75
2727 1916
268 29 63 237 82.00
309 63
269 8 182 273 170.90
646 122
270 50 6 213 63.93
242 44
271 29 0 91 557.11
1925 1242
272 20 7 136 113.02
215 1071
273 121 97 267 448.78
1710 257
274 116 3 234 489.46
1855 327
275 26 89 288 354.20
1344 229
276 128 66 288 20.79
40 195
277 106 26 284 18.56
37 168
278 14 206 277 315.17
1201 180
279 34 62 288 186.55
354 1772
280 58 85 265 56.99
102 570
281 48 5 246 319.18
692 2629
282 1 92 288 24.15
44 238
283 17 49 287 202.81
377 1963
284 61 9 112 522.26
1981 341
285 47 4 216 223.51
470 1909
286 122 69 228 41.03
90 333
287 123 97 287 407.06
1544 266
288 18 30 221 157.24
300 1486
289 12 76 258 4.94
10 44
290 14 6 184 76.31
139 752
291 164 15 228 29.31
51 300
292 49 8 275 603.62
2286 411
293 3 17 253 230.30
873 153
294 7 65 276 386.92
1138 1791
295 43 5 202 23.61
44 228
296 53 32 225 486.34
1667 1147
297 106 2 229 186.41
710 108
298 74 155 287 130.72
494 94
299 43 59 137 70.12
150 587
300 19 122 253 44.30
84 421
301 43 8 187 305.16
1152 225
302 24 1 136 115.70
436 89
303 46 1 272 85.14
145 886
304 145 0 256 689.14
2581 604
305 5 55 288 14.77
27 145
306 20 23 166 238.35
901 170
307 89 7 116 75.22
133 760
308 121 65 277 54.81
93 572
309 25 58 161 236.64
896 162
310 135 4 287 65.54
117 657
311 4 7 102 369.92
976 2235
312 56 2 255 110.09
187 1148
313 4 18 123 41.72
73 425
314 21 50 288 519.79
1421 2909
315 152 21 288 260.90
988 178
316 18 63 129 95.89
360 80
317 10 0 68 503.43
1896 392
318 24 119 201 32.65
65 296
319 20 9 49 524.42
1787 1286
320 6 72 161 249.43
870 518
321 15 1 124 116.87
237 1039
322 1 139 286 24.32
92 17
323 39 2 286 321.54
1225 185
324 14 113 276 154.59
590 84
325 33 127 264 116.92
228 1082
326 53 25 199 427.51
1621 282
327 10 77 237 1.51
4 9
328 29 27 288 87.32
172 800
329 8 51 153 96.60
366 65
330 150 72 269 215.23
821 119
331 6 272 287 95.84
345 149
332 71 2 240 144.65
276 1367
333 114 26 280 39.57
149 31
334 3 95 287 35.29
133 27
335 13 4 287 42.01
78 407
336 11 89 177 500.68
1831 645
337 1 11 274 310.56
1146 352
338 144 41 241 167.85
298 1690
339 13 6 209 37.47
64 389
340 3 0 243 76.80
289 61
341 4 19 140 272.94
523 2569
342 12 43 224 2.65
10 2
343 16 0 54 32.07
61 304
344 6 111 209 131.58
249 1253
345 17 218 285 2.32
4 24
346 70 46 287 95.85
188 882
347 232 13 287 126.55
478 92
348 151 105 287 416.80
1386 1182
349 14 3 127 48.27
183 32
350 16 0 265 712.68
2683 560
351 13 47 215 32.53
54 345
352 65 118 280 83.63
318 51
353 28 17 174 27.26
50 267
354 32 80 249 156.48
471 674
355 61 17 266 23.32
42 232
356 53 26 288 532.38
1535 2608
357 13 248 280 386.83
1440 380
358 12 21 257 160.64
272 1679
359 1 8 281 33.91
59 347
360 21 129 281 306.41
1167 178
361 54 136 224 306.09
1158 214
362 6 165 249 327.08
1241 212
363 55 2 277 364.80
1327 503
364 78 5 241 86.08
327 54
365 24 60 283 48.18
95 441
366 141 63 288 33.74
68 302
367 72 38 287 191.69
719 163
368 9 0 287 266.21
1011 168
369 59 12 121 509.42
1764 1118
370 97 3 156 276.81
1051 176
371 128 32 245 207.02
787 127
372 3 0 226 77.37
162 664
373 121 10 151 102.48
204 929
374 21 64 265 30.15
47 334
375 13 15 80 744.03
2805 566
376 191 31 285 210.11
794 151
377 12 115 261 464.31
1716 514
378 109 53 288 108.51
406 97
379 46 3 64 201.52
763 138
380 40 27 242 16.05
28 164
381 124 94 286 45.97
91 419
382 87 77 287 55.23
109 505
383 11 103 256 272.89
1030 202
384 6 11 66 30.24
114 23
385 113 12 254 479.04
1784 467
386 29 27 182 191.09
725 124
387 94 149 270 23.81
45 227
388 65 63 187 52.58
93 531
389 1 57 181 150.61
260 1551
390 12 0 81 109.58
413 84
391 16 14 242 194.71
694 335
392 8 71 267 95.11
277 453
393 14 111 256 741.90
2772 681
394 7 23 285 93.09
334 150
395 32 75 229 27.55
52 263
396 12 37 239 37.28
140 31
397 14 39 166 121.93
207 1272
398 4 185 284 33.22
55 353
399 68 163 288 230.57
873 158
400 4 38 151 15.18
31 134
401 34 105 280 5.32
10 51
402 14 24 287 185.37
347 1783
403 87 138 251 79.00
297 64
404 7 153 288 476.68
1440 2029
405 68 74 210 97.18
328 253
406 9 260 280 604.51
2291 404
407 155 17 199 21.21
41 198
408 14 1 142 64.42
113 655
409 50 17 167 193.38
719 194
410 118 5 199 76.00
129 793
411 44 86 193 208.67
420 1870
412 53 2 255 300.80
1137 215
413 18 0 200 160.82
535 455
414 12 46 241 26.64
51 251
415 8 63 288 82.16
312 52
416 16 220 255 171.80
635 190
417 1 46 219 26.72
53 243
418 6 189 283 51.90
196 38
419 179 36 277 53.94
204 38
420 92 14 174 492.46
1870 312
421 101 2 195 95.60
358 84
422 154 8 288 24.97
95 15
423 5 233 279 412.08
1556 302
424 157 21 273 386.36
1433 404
425 37 0 159 714.61
2673 642
426 149 16 280 599.26
2277 373
427 36 63 171 49.45
187 35
428 6 0 158 98.72
375 62
429 133 96 288 256.54
973 168
430 16 6 127 32.24
67 279
431 71 106 198 43.33
164 30
432 1 129 287 311.88
926 1403
433 33 33 287 46.17
77 488
434 96 34 203 507.10
1751 1136
435 64 94 287 281.50
1063 206
436 9 46 267 182.96
672 222
437 22 72 138 41.06
70 427
438 231 14 287 98.96
164 1051
439 65 16 280 339.61
1238 456
440 127 54 225 203.19
359 2054
441 22 14 205 82.20
145 832
442 48 5 288 66.23
115 679
443 59 63 243 175.60
456 1095
444 19 52 194 233.55
763 726
445 17 15 230 25.86
49 246
446 98 25 150 231.12
879 140
447 69 130 273 28.10
55 259
448 10 90 244 76.55
126 817
449 31 0 131 58.42
110 559
450 128 34 273 141.48
538 86
451 11 65 247 472.24
1765 431
452 57 166 288 206.51
779 155
453 198 26 238 23.70
48 211
454 22 96 264 2.32
4 24
455 3 2 280 155.82
588 116
456 7 82 243 19.92
37 193
457 54 42 287 22.99
45 212
458 77 144 271 450.72
1354 1954
459 131 2 230 26.30
46 268
460 16 156 275 197.65
748 137
461 7 38 288 347.04
1051 1465
462 39 148 288 572.09
2126 579
463 7 39 269 52.12
196 42
464 90 12 192 15.89
31 147
465 177 44 287 148.74
249 1568
466 65 63 288 215.99
398 2107
467 37 104 287 159.98
266 1695
468 63 0 246 2.91
11 2
469 114 93 250 126.80
479 92
470 13 5 162 188.66
667 350
471 36 116 273 85.18
236 462
472 22 12 76 219.37
452 1917
473 92 117 258 259.98
985 175
474 1 232 288 58.82
106 585
475 5 124 287 394.13
1485 304
476 59 1 256 26.61
44 283
477 1 188 268 69.96
246 136
478 44 1 185 59.02
224 38
479 45 19 182 42.88
81 409
480 29 35 154 86.07
160 833
481 30 139 288 34.62
131 24
482 30 1 266 201.86
759 163
483 63 17 137 155.26
499 521
484 27 1 214 108.53
333 438
485 73 6 214 64.76
106 694
486 148 98 287 74.99
161 625
487 8 0 273 164.94
626 106
488 137 6 173 29.04
48 309
489 49 82 256 6.63
13 61
490 15 31 95 571.82
2177 336
491 22 0 44 569.15
1853 1799
492 18 29 245 269.49
635 1983
493 91 15 287 377.92
1421 305
494 43 2 73 48.02
182 32
495 5 217 288 293.63
854 1404
496 142 109 286 134.76
272 1204
497 5 143 232 44.66
169 31
498 1 4 131 34.22
63 334
499 108 3 260 308.49
1167 216
