288
0 0.04383
1 0.04383
2 0.04383
3 0.04383
4 0.04383
5 0.04383
6 0.03636
7 0.03636
8 0.03636
9 0.03636
10 0.03636
11 0.03636
12 0.03636
13 0.03636
14 0.03636
15 0.03636
16 0.03636
17 0.03636
18 0.03458
19 0.03458
20 0.03458
21 0.03458
22 0.03458
23 0.03458
24 0.03458
25 0.03458
26 0.03458
27 0.03458
28 0.03458
29 0.03458
30 0.03458
31 0.03458
32 0.03458
33 0.03458
34 0.03458
35 0.03458
36 0.03458
37 0.03458
38 0.03458
39 0.03458
40 0.03458
41 0.03458
42 0.03458
43 0.03458
44 0.03458
45 0.03458
46 0.03458
47 0.03458
48 0.03458
49 0.03458
50 0.03458
51 0.03458
52 0.03458
53 0.03458
54 0.03458
55 0.03458
56 0.03458
57 0.03458
58 0.03458
59 0.03458
60 0.03458
61 0.03458
62 0.03458
63 0.03458
64 0.03458
65 0.03458
66 0.03458
67 0.03458
68 0.03458
69 0.03458
70 0.03458
71 0.03458
72 0.05838
73 0.05838
74 0.05838
75 0.05838
76 0.05838
77 0.05838
78 0.05876
79 0.05876
80 0.05876
81 0.05876
82 0.05876
83 0.05876
84 0.06201
85 0.06201
86 0.06201
87 0.06201
88 0.06201
89 0.06201
90 0.07386
91 0.07386
92 0.07386
93 0.07386
94 0.07386
95 0.07386
96 0.06007
97 0.06007
98 0.06007
99 0.06007
100 0.06007
101 0.06007
102 0.06069
103 0.06069
104 0.06069
105 0.06069
106 0.06069
107 0.06069
108 0.06069
109 0.06069
110 0.06069
111 0.06069
112 0.06069
113 0.06069
114 0.06069
115 0.06069
116 0.06069
117 0.06069
118 0.06069
119 0.06069
120 0.06069
121 0.06069
122 0.06069
123 0.06069
124 0.06069
125 0.06069
126 0.06069
127 0.06069
128 0.06069
129 0.06069
130 0.06069
131 0.06069
132 0.06184
133 0.06184
134 0.06184
135 0.06184
136 0.06184
137 0.06184
138 0.06495
139 0.06495
140 0.06495
141 0.06495
142 0.06495
143 0.06495
144 0.06069
145 0.06069
146 0.06069
147 0.06069
148 0.06069
149 0.06069
150 0.06069
151 0.06069
152 0.06069
153 0.06069
154 0.06069
155 0.06069
156 0.06007
157 0.06007
158 0.06007
159 0.06007
160 0.06007
161 0.06007
162 0.05876
163 0.05876
164 0.05876
165 0.05876
166 0.05876
167 0.05876
168 0.05838
169 0.05838
170 0.05838
171 0.05838
172 0.05838
173 0.05838
174 0.05838
175 0.05838
176 0.05838
177 0.05838
178 0.05838
179 0.05838
180 0.05838
181 0.05838
182 0.05838
183 0.05838
184 0.05838
185 0.05838
186 0.05876
187 0.05876
188 0.05876
189 0.05876
190 0.05876
191 0.05876
192 0.05876
193 0.05876
194 0.05876
195 0.05876
196 0.05876
197 0.05876
198 0.06007
199 0.06007
200 0.06007
201 0.06007
202 0.06007
203 0.06007
204 0.06511
205 0.06511
206 0.06511
207 0.06511
208 0.06511
209 0.06511
210 0.06734
211 0.06734
212 0.06734
213 0.06734
214 0.06734
215 0.06734
216 0.07413
217 0.07413
218 0.07413
219 0.07413
220 0.07413
221 0.07413
222 0.07439
223 0.07439
224 0.07439
225 0.07439
226 0.07439
227 0.07439
228 0.07415
229 0.07415
230 0.07415
231 0.07415
232 0.07415
233 0.07415
234 0.07413
235 0.07413
236 0.07413
237 0.07413
238 0.07413
239 0.07413
240 0.07413
241 0.07413
242 0.07413
243 0.07413
244 0.07413
245 0.07413
246 0.06498
247 0.06498
248 0.06498
249 0.06498
250 0.06498
251 0.06498
252 0.06007
253 0.06007
254 0.06007
255 0.06007
256 0.06007
257 0.06007
258 0.05833
259 0.05833
260 0.05833
261 0.05833
262 0.05833
263 0.05833
264 0.05833
265 0.05833
266 0.05833
267 0.05833
268 0.05833
269 0.05833
270 0.04664
271 0.04664
272 0.04664
273 0.04664
274 0.04664
275 0.04664
276 0.05065
277 0.05065
278 0.05065
279 0.05065
280 0.05065
281 0.05065
282 0.05065
283 0.05065
284 0.05065
285 0.05065
286 0.05065
287 0.05065
