5
4
70
0 120 0.1 0.1
2086 2134 2078 2097
1 130 0.0 0.1
2206 2114 2092 2177
2 120 0.1 0.1
2146 2073 2148 2126
3 130 0.0 0.1
2199 2190 2117 2188
4 150 0.1 0.1
2107 2103 2159 2183
5 190 0.1 0.0
2195 2170 2073 2148
6 120 0.1 0.1
2058 2080 2072 2164
7 130 0.0 0.1
2139 2115 2108 2140
8 170 0.1 0.1
2171 2133 2098 2150
9 130 0.0 0.1
2183 2059 2239 2092
10 120 0.1 0.1
2104 2099 2124 2112
11 150 0.1 0.1
2118 2168 2134 2099
12 190 0.1 0.0
2193 2088 2066 2153
13 120 0.1 0.1
2158 2106 2126 2070
14 150 0.1 0.1
2010 2090 2048 2080
15 170 0.1 0.1
2136 2175 2176 2075
16 120 0.1 0.1
2124 2126 2161 2138
17 150 0.1 0.1
2062 2105 2132 2194
18 120 0.1 0.1
2158 2100 2084 2158
19 150 0.1 0.1
2119 2122 2082 2147
20 190 0.1 0.0
2119 2174 2133 2103
21 170 0.1 0.1
2126 2130 2170 2129
22 170 0.1 0.1
2143 2138 2113 2153
23 130 0.0 0.1
2126 2120 2154 2091
24 170 0.1 0.1
2123 2080 2135 2153
25 150 0.1 0.1
2104 2059 2155 2111
26 130 0.0 0.1
2146 2023 2090 2081
27 190 0.1 0.0
2096 2115 2111 2169
28 130 0.0 0.1
2104 2200 2108 2080
29 150 0.1 0.1
2166 2112 2134 2182
30 120 0.1 0.1
2112 2112 2163 2208
31 130 0.0 0.1
2108 2160 2196 2169
32 130 0.0 0.1
2107 2163 2094 2231
33 170 0.1 0.1
2099 2157 2134 2124
34 130 0.0 0.1
2157 2066 2110 2112
35 130 0.0 0.1
2176 2100 2130 2139
36 130 0.0 0.1
2118 2131 2162 2191
37 170 0.1 0.1
2145 2000 2107 2121
38 150 0.1 0.1
2130 2276 2104 2114
39 130 0.0 0.1
2161 2138 2040 2118
40 190 0.1 0.0
2099 2118 2053 2097
41 170 0.1 0.1
2105 2238 2098 2158
42 120 0.1 0.1
2119 2137 2120 2105
43 120 0.1 0.1
2063 2138 2153 2122
44 120 0.1 0.1
2096 2135 2228 2178
45 190 0.1 0.0
2114 2013 2126 2130
46 150 0.1 0.1
2149 2165 2132 2086
47 130 0.0 0.1
2082 2107 2159 2047
48 120 0.1 0.1
2112 2154 2162 2212
49 170 0.1 0.1
2091 2116 2176 2211
50 120 0.1 0.1
2109 2132 2230 2121
51 150 0.1 0.1
2077 2117 2183 2124
52 120 0.1 0.1
2118 2207 2145 2166
53 120 0.1 0.1
2174 2121 2211 2151
54 170 0.1 0.1
2126 2160 2169 2152
55 150 0.1 0.1
2146 2041 2110 2138
56 120 0.1 0.1
2178 2128 2206 2056
57 190 0.1 0.0
2060 2124 2120 2219
58 190 0.1 0.0
2114 2085 2116 2108
59 170 0.1 0.1
2117 2129 2126 2053
60 120 0.1 0.1
2068 2134 2202 2176
61 120 0.1 0.1
2093 2044 2070 2093
62 150 0.1 0.1
2158 2137 2211 2126
63 190 0.1 0.0
2124 2007 2135 2081
64 190 0.1 0.0
2086 2081 2147 2133
65 190 0.1 0.0
2089 2162 2197 2139
66 190 0.1 0.0
2145 2129 2183 2118
67 190 0.1 0.0
2153 2094 2157 2111
68 150 0.1 0.1
2123 2190 2132 2209
69 120 0.1 0.1
2158 2082 2082 2193
2000
0 3 134 211 439.21
927 1412 517 416
1 87 12 199 20.85
58 12 13 12
2 56 17 161 61.56
88 84 523 86
3 1 0 33 11.04
18 15 19 134
4 3 0 139 95.92
167 167 222 793
5 34 36 196 34.00
97 13 17 14
6 16 215 287 120.79
157 534 572 189
7 79 43 288 477.49
1238 660 335 309
8 26 193 283 38.78
46 296 37 42
9 27 32 157 136.32
382 72 74 81
10 54 34 249 38.43
105 28 26 27
11 27 30 186 521.36
925 1587 1776 892
12 53 62 258 719.52
1557 1616 1609 712
13 112 15 231 226.71
262 1242 990 260
14 14 11 113 189.32
273 1195 217 204
15 3 0 234 415.93
681 1345 1527 1052
16 2 74 154 515.47
959 1567 1519 740
17 40 150 227 106.67
133 473 555 142
18 35 26 101 656.01
1441 1558 1250 529
19 31 33 177 102.34
251 212 70 59
20 72 5 282 665.70
1304 1778 1473 1753
21 19 12 278 64.95
96 327 170 95
22 122 109 281 33.56
94 17 18 23
23 58 105 209 6.47
8 46 9 7
24 49 3 201 167.03
466 100 98 78
25 57 37 219 205.37
301 480 1056 961
26 159 51 288 10.35
17 20 19 104
27 7 11 122 442.12
665 1457 1838 1431
28 15 8 170 102.44
151 238 674 177
29 15 178 271 289.59
584 1110 252 296
30 14 0 108 156.16
434 94 101 76
31 110 6 180 52.17
146 29 27 32
32 138 26 276 81.59
101 584 102 97
33 122 81 282 77.35
133 131 123 786
34 47 11 157 64.95
121 113 91 545
35 63 5 255 129.00
244 218 178 1056
36 170 57 287 360.63
903 639 261 244
37 68 115 270 27.27
43 50 44 319
38 14 0 136 277.66
445 731 1309 758
39 20 79 116 69.30
88 92 675 87
40 3 122 218 80.55
227 41 38 46
41 3 40 220 228.90
329 1162 678 279
42 22 24 260 359.50
1015 164 177 221
43 28 8 189 37.53
55 55 309 42
44 11 17 288 95.49
208 294 96 72
45 71 213 287 17.72
26 21 149 28
46 13 1 140 112.46
180 177 751 226
47 29 158 274 287.89
401 726 1509 1424
48 55 35 286 171.01
308 818 176 149
49 55 17 191 17.18
31 26 33 152
50 45 192 246 293.82
718 612 206 186
51 10 19 150 64.64
115 107 113 590
52 57 61 182 78.81
114 101 654 142
53 18 55 203 116.86
153 620 387 190
54 90 96 283 68.13
106 110 493 95
55 181 19 257 100.88
283 52 59 51
56 112 5 246 153.45
259 249 676 796
57 57 42 288 427.58
1141 483 228 291
58 42 43 212 19.23
30 29 140 30
59 7 30 189 536.84
1092 1588 1140 481
60 17 32 188 368.87
612 1321 1273 598
61 27 172 243 382.85
1082 179 197 190
62 34 28 98 613.37
1433 1540 473 437
63 184 3 256 4.28
7 7 9 45
64 84 92 228 453.65
1214 483 281 271
65 51 64 157 21.81
34 33 163 26
66 51 48 192 87.75
142 116 527 339
67 3 17 286 79.59
224 41 44 35
68 20 207 241 514.70
931 1679 1509 783
69 55 29 288 93.40
114 584 240 141
70 34 85 134 381.81
1080 166 189 229
71 2 102 172 169.39
287 303 677 917
72 38 53 194 21.58
29 37 183 34
73 21 134 267 112.30
202 194 181 1000
74 81 81 250 79.77
119 151 420 431
75 19 88 268 350.30
984 195 174 177
76 115 142 288 190.02
216 1150 662 277
77 7 109 214 324.82
930 122 128 161
78 9 40 288 147.92
203 598 717 216
79 97 139 288 472.97
984 1397 889 354
80 52 127 288 464.71
1306 279 209 209
81 180 25 278 11.79
16 46 60 19
82 67 69 287 55.16
98 75 101 545
83 26 83 213 362.02
519 1269 1503 1305
84 20 20 173 230.76
405 321 1019 1135
85 91 0 238 464.27
1010 1283 692 356
86 47 10 288 73.16
208 30 35 37
87 27 19 288 82.39
109 113 756 124
88 57 18 270 107.54
178 183 178 1173
89 108 41 250 1.04
2 2 4 2
90 8 0 208 45.72
81 60 222 185
91 98 69 191 87.16
143 461 108 103
92 57 70 267 342.39
948 229 197 197
93 14 18 174 85.38
110 599 96 99
94 14 79 259 496.01
1239 863 380 383
95 24 131 287 12.12
21 19 19 126
96 32 10 104 55.32
153 37 31 36
97 8 12 181 202.59
558 132 135 131
98 25 69 112 38.17
58 52 305 44
99 34 38 176 254.29
374 1010 1114 312
100 52 27 257 78.95
133 157 122 778
101 67 5 288 319.07
903 136 166 177
102 59 67 278 43.86
64 69 354 53
103 25 113 256 27.42
35 194 30 33
104 61 11 143 64.31
122 94 119 505
105 18 76 287 275.26
415 478 1572 1309
106 44 242 287 0.75
1 1 7 1
107 21 41 251 85.00
212 153 67 51
108 42 138 205 1.22
2 2 8 2
109 94 46 195 95.75
216 272 75 79
110 1 0 204 675.52
1603 1436 692 572
111 20 1 129 519.64
1237 1108 485 470
112 149 107 287 85.47
149 161 132 799
113 117 102 272 26.19
50 47 43 186
114 32 15 100 95.68
142 189 568 375
115 44 16 288 68.64
195 34 29 27
116 8 27 149 524.42
1013 1562 1425 567
117 22 2 192 195.81
321 312 892 1107
118 50 8 118 382.61
582 1281 1275 1718
119 33 67 285 75.92
110 101 632 119
120 31 16 288 632.48
1347 1398 1370 1085
121 74 127 246 103.71
290 62 54 53
122 16 27 234 79.66
224 41 46 34
123 31 173 276 34.92
65 53 49 317
124 15 220 274 339.31
689 1274 323 305
125 66 20 140 125.40
180 199 867 478
126 108 14 233 1.36
2 8 2 2
127 76 210 288 35.44
46 57 314 63
128 13 3 278 12.40
35 7 5 6
129 64 12 214 408.12
1160 199 163 180
130 5 145 266 66.64
80 387 229 93
131 31 89 186 163.90
269 300 839 621
132 37 20 240 255.14
451 336 1188 1144
133 9 267 288 12.59
19 15 104 16
134 10 27 164 87.16
139 126 601 178
135 61 152 288 14.94
22 20 122 23
136 32 2 216 100.74
160 137 733 164
137 30 70 191 6.24
9 11 49 8
138 14 50 260 163.36
275 235 931 525
139 3 7 257 64.67
111 100 121 652
140 46 1 98 111.43
190 194 181 1131
141 118 40 270 38.15
108 18 18 19
142 21 44 123 30.10
85 16 14 13
143 14 191 226 13.65
21 25 94 23
144 36 60 191 156.96
249 234 846 790
145 142 40 194 19.79
33 39 35 192
146 133 106 287 103.05
142 514 361 127
147 36 131 279 75.04
155 276 65 61
148 143 6 175 25.53
71 14 16 17
149 67 111 262 4.94
8 9 9 53
150 134 34 249 18.26
28 27 138 27
151 115 84 248 265.21
403 622 1515 732
152 35 148 241 469.89
1007 1323 748 405
153 53 163 287 64.10
93 95 514 109
154 7 31 278 98.01
215 303 81 84
155 52 95 282 103.33
287 62 68 51
156 170 4 247 69.84
111 90 515 114
157 23 35 284 60.38
113 267 62 59
158 106 17 287 247.51
396 1193 525 345
159 4 189 243 170.37
283 891 223 159
160 95 39 284 75.84
130 114 154 753
161 59 71 280 13.34
19 59 52 20
162 20 83 173 148.72
258 766 141 128
163 39 92 234 18.28
30 25 129 24
164 18 194 272 4.09
5 30 5 4
165 5 162 263 106.46
131 769 117 149
166 34 0 181 629.42
1493 1351 682 428
167 30 40 288 167.53
242 496 990 263
168 21 69 285 403.98
637 1334 1389 1469
169 35 149 254 27.02
32 199 33 37
170 77 23 221 27.86
46 57 60 249
171 29 164 227 27.16
30 205 41 37
172 92 34 210 13.84
22 19 102 19
173 2 2 199 509.36
1038 1447 1169 434
174 156 61 287 93.92
268 37 40 48
175 94 9 164 24.43
43 39 42 235
176 83 113 232 88.53
119 501 243 107
177 198 4 212 34.50
60 60 63 320
178 53 69 281 123.07
168 816 145 140
179 117 1 180 53.91
90 89 227 310
180 102 19 163 131.99
235 205 363 978
181 21 97 256 451.91
1020 1299 308 411
182 66 107 257 225.53
326 365 1273 1379
183 49 16 254 461.59
703 1676 1787 1171
184 65 57 288 10.24
18 19 17 92
185 50 88 284 54.59
93 97 82 563
186 69 20 161 21.93
38 48 40 176
187 23 16 284 67.44
108 121 313 365
188 65 0 163 424.69
1210 193 170 188
189 1 9 168 189.43
298 357 944 919
190 25 121 278 11.06
18 19 23 115
191 43 6 122 394.02
614 1325 1653 867
192 3 97 196 162.89
457 96 81 74
193 49 139 244 480.10
1270 611 256 277
194 57 100 188 12.99
22 25 19 131
195 150 53 281 80.57
229 35 35 43
196 22 2 286 9.44
12 65 13 12
197 16 205 265 60.81
83 87 533 95
198 3 243 287 158.65
260 256 929 476
199 9 11 243 628.36
1310 1538 1551 646
200 172 63 284 52.52
83 88 98 610
201 34 108 276 107.75
166 139 734 370
202 90 112 284 62.13
104 84 315 302
203 8 84 235 223.46
286 950 1153 336
204 29 98 288 98.32
147 130 702 326
205 5 70 189 150.37
227 527 691 249
206 21 121 287 197.91
276 588 1268 246
207 49 76 252 71.26
202 35 31 33
208 168 61 288 29.11
83 13 12 12
209 46 23 288 60.81
82 103 518 91
210 29 22 125 469.80
1293 354 273 254
211 153 34 217 2.78
8 1 1 1
212 103 41 167 68.34
102 111 516 111
213 16 180 288 421.42
652 1393 1378 1845
214 11 1 48 387.74
647 1034 1461 1395
215 105 129 275 128.27
205 242 586 683
216 11 21 250 130.09
364 82 64 58
217 25 111 251 369.93
1034 198 205 240
218 27 115 288 407.86
1026 710 269 300
219 79 80 235 155.17
442 64 69 76
220 27 10 240 205.74
582 101 97 98
221 13 112 276 90.03
125 431 336 111
222 66 217 288 155.90
362 410 113 101
223 17 61 288 514.32
1252 1102 339 344
224 138 5 206 622.78
1527 1295 422 358
225 71 15 287 73.14
201 53 42 51
226 67 14 133 97.52
150 136 756 124
227 35 193 276 3.74
6 8 22 7
228 27 79 272 197.62
239 713 1313 287
229 1 0 273 22.92
42 41 36 191
230 52 22 257 94.69
166 464 98 112
231 14 93 281 32.10
47 110 170 36
232 107 179 287 110.13
307 70 51 70
233 23 203 236 72.08
147 257 79 76
234 14 155 261 103.75
122 767 136 128
235 125 79 262 97.35
142 182 657 289
236 5 48 227 161.69
283 225 438 1358
237 31 100 233 280.60
718 464 147 186
238 2 132 285 32.57
53 62 57 342
239 83 37 184 207.70
273 793 1158 309
240 57 60 287 94.60
150 119 639 285
241 46 32 288 343.36
980 133 150 172
242 27 150 286 349.83
828 827 287 219
243 66 196 288 74.13
210 33 39 33
244 1 26 266 367.86
1039 175 199 163
245 25 40 282 24.54
43 48 46 205
246 136 8 253 202.90
361 259 802 1187
247 83 2 151 67.80
101 89 552 96
248 62 153 259 86.08
128 256 485 128
249 55 5 268 247.16
367 739 1252 644
250 14 3 32 4.57
6 13 32 7
251 9 20 287 469.35
729 1827 1382 1494
252 132 39 288 1.98
3 3 15 3
253 62 146 287 18.12
24 74 93 26
254 34 10 152 123.57
183 228 659 687
255 3 166 287 187.29
290 305 1012 960
256 22 213 288 252.29
711 121 125 154
257 14 86 274 40.85
61 65 316 55
258 64 150 288 43.04
76 72 103 343
259 27 51 159 49.51
61 358 63 50
260 102 19 274 101.71
117 621 352 117
261 54 41 206 185.27
313 311 720 1118
262 110 7 256 9.60
15 17 19 109
263 65 70 285 23.06
30 162 22 30
264 28 119 254 312.30
864 191 206 190
265 29 36 235 36.90
53 140 182 42
266 66 29 266 186.19
264 721 891 271
267 36 191 287 21.46
37 43 38 189
268 7 18 105 34.24
97 16 15 19
269 4 138 210 31.32
35 242 41 33
270 18 153 263 84.79
235 53 50 54
271 43 47 287 28.45
51 44 52 259
272 61 3 202 4.89
14 2 2 2
273 147 69 287 27.13
45 42 41 315
274 32 8 259 117.85
196 187 200 1303
275 126 17 202 60.41
89 88 372 313
276 46 15 288 105.94
176 166 576 388
277 104 23 224 171.13
259 308 790 1142
278 29 62 245 82.13
129 126 499 308
279 7 113 245 491.31
896 1679 1416 465
280 17 1 108 57.65
101 97 100 545
281 16 85 259 6.52
10 9 50 10
282 10 52 193 91.71
229 170 60 61
283 10 117 166 97.92
135 647 104 122
284 25 49 262 206.21
281 645 1318 258
285 46 20 288 34.26
47 62 282 48
286 11 40 196 146.18
235 224 776 698
287 114 82 221 30.52
37 215 43 48
288 19 96 121 14.90
42 8 7 7
289 5 18 282 494.84
1321 557 275 313
290 43 46 280 74.81
138 124 119 637
291 24 65 230 545.27
1287 1163 637 390
292 4 45 67 33.84
97 12 15 14
293 16 2 85 54.90
94 81 266 242
294 16 56 177 474.17
1051 1250 625 436
295 27 106 239 144.39
402 83 90 79
296 56 226 287 88.74
252 37 46 40
297 39 30 206 101.38
125 714 137 142
298 12 225 288 217.56
325 492 1367 485
299 158 46 284 17.81
30 25 24 214
300 13 188 287 25.04
42 43 44 259
301 76 1 212 580.02
993 1948 1600 1702
302 5 13 239 336.11
822 679 264 210
303 24 5 101 395.20
584 1380 1391 1696
304 1 167 243 98.81
133 407 477 162
305 4 214 287 33.77
63 50 62 279
306 90 10 284 86.74
114 160 730 150
307 16 21 123 87.63
114 460 310 128
308 56 185 288 60.74
106 91 99 626
309 51 57 250 135.69
246 191 311 1127
310 8 78 122 29.82
55 47 52 252
311 23 26 72 161.45
325 620 136 179
312 24 201 252 32.64
43 116 194 49
313 44 88 282 160.82
211 601 894 289
314 171 71 280 88.06
101 655 116 131
315 4 28 284 35.96
100 20 23 22
316 95 8 281 616.71
1549 1100 415 391
317 3 9 241 281.23
443 1248 832 341
318 2 60 274 22.38
42 38 42 165
319 44 8 251 352.51
826 884 275 214
320 83 5 211 55.54
90 100 101 598
321 20 37 288 498.22
1123 1287 584 421
322 11 12 136 328.72
790 733 256 198
323 75 86 280 5.20
9 9 8 52
324 84 6 231 97.82
274 54 51 57
325 18 77 248 52.38
59 394 71 76
326 66 117 273 24.36
39 43 49 262
327 4 29 134 227.46
290 771 1381 531
328 101 42 286 98.62
139 165 790 170
329 113 17 152 382.19
1023 390 267 215
330 82 83 273 112.95
153 360 701 176
331 4 106 242 72.50
110 96 511 231
332 7 54 139 68.13
113 147 144 584
333 3 145 287 33.79
65 47 53 279
334 41 52 211 1.79
2 14 2 2
335 11 64 187 97.42
106 752 130 140
336 11 119 231 89.23
166 150 145 728
337 40 39 142 182.70
519 76 94 82
338 12 126 192 80.83
125 128 589 123
339 9 0 35 2.00
3 4 3 25
340 23 21 268 114.06
161 203 857 270
341 16 168 288 100.67
157 200 465 550
342 25 38 230 117.76
177 136 992 134
343 35 20 190 6.54
11 10 42 10
344 63 110 250 24.10
67 15 13 15
345 13 212 288 19.25
34 26 27 210
346 21 1 281 65.33
111 112 122 642
347 13 81 287 545.29
1362 1008 365 350
348 28 60 287 104.20
145 181 834 187
349 15 106 286 39.96
60 53 323 53
350 53 14 94 61.21
82 398 88 83
351 82 51 270 265.77
731 173 192 157
352 18 50 182 124.93
195 182 572 889
353 27 1 188 260.45
409 432 1356 1334
354 50 5 264 333.24
731 1044 240 315
355 5 260 287 127.07
204 156 841 394
356 19 189 266 59.63
169 26 30 30
357 19 3 125 84.74
239 45 36 48
358 18 93 247 160.40
459 64 62 74
359 125 20 236 49.44
63 341 70 56
360 24 68 195 672.67
1618 1522 447 473
361 62 195 277 263.91
351 1160 1198 425
362 61 105 254 122.84
198 232 290 1172
363 29 162 266 97.14
166 507 91 101
364 55 15 261 278.06
783 151 125 151
365 26 5 260 762.19
1564 1975 1444 1680
366 143 76 272 17.11
23 24 151 31
367 45 208 287 62.90
115 113 118 488
368 104 181 287 273.47
464 347 1299 1486
369 59 154 288 129.90
205 217 347 1305
370 69 28 230 14.99
42 8 8 9
371 34 39 179 82.48
108 577 85 92
372 24 14 258 230.29
588 377 140 143
373 142 102 246 3.53
9 4 4 4
374 66 133 288 11.86
22 20 19 98
375 33 76 280 203.98
310 551 1192 291
376 5 12 255 11.44
14 79 19 15
377 108 3 223 87.52
149 172 140 837
378 205 7 270 228.85
339 554 1209 899
379 33 5 259 447.96
812 1299 1373 1025
380 108 7 242 143.62
401 71 93 90
381 3 0 253 276.97
422 459 1445 1595
382 38 72 180 792.21
1780 1532 1659 831
383 12 89 266 267.99
406 1259 774 379
384 37 8 80 70.97
119 128 119 728
385 8 2 181 299.02
794 385 136 164
386 17 64 288 23.74
46 36 43 171
387 56 17 193 109.00
197 187 270 773
388 78 148 286 132.70
371 77 63 88
389 64 19 278 236.48
375 546 1314 533
390 36 46 283 93.80
159 185 140 925
391 26 119 273 51.70
74 110 367 97
392 107 105 288 847.26
1850 1816 1737 1182
393 1 98 191 16.92
23 22 152 27
394 14 66 222 66.08
124 125 90 517
395 13 166 250 89.12
137 531 93 90
396 11 105 226 44.73
77 70 71 471
397 73 121 288 87.82
143 163 152 937
398 66 31 197 27.98
38 185 32 38
399 3 0 55 18.99
54 9 8 8
400 112 19 283 9.48
14 56 12 15
401 32 11 223 527.85
1004 1411 1579 984
402 35 79 262 256.13
357 1017 1079 677
403 11 21 58 78.36
136 150 145 686
404 15 157 288 179.34
289 338 1081 399
405 73 12 270 70.13
91 396 222 74
406 35 144 287 22.36
31 124 59 26
407 38 180 243 99.05
132 591 230 128
408 54 182 287 158.56
281 221 378 1385
409 85 69 218 22.24
31 33 187 38
410 42 152 288 13.81
23 26 22 143
411 55 1 111 110.51
191 165 186 1155
412 15 1 207 75.04
100 129 655 92
413 10 23 104 158.51
226 678 656 226
414 47 50 287 10.52
29 7 7 6
415 14 24 272 351.43
987 169 189 231
416 10 15 259 347.50
986 154 155 191
417 69 0 146 128.67
229 214 268 1084
418 16 92 136 397.46
593 1415 1593 1157
419 23 47 156 71.26
106 138 512 106
420 93 74 272 415.34
984 1009 269 309
421 4 33 288 4.52
8 9 8 37
422 123 7 227 174.28
282 263 612 1445
423 16 183 247 321.99
919 145 121 140
424 5 52 280 230.97
351 334 1280 1339
425 52 50 284 702.56
1364 1865 1958 1248
426 45 96 218 24.38
29 176 34 34
427 36 78 263 123.50
169 501 611 157
428 18 3 124 329.22
896 306 172 184
429 3 9 287 139.15
329 321 112 120
430 15 83 189 7.91
13 11 54 13
431 67 175 287 277.35
775 159 169 121
432 110 115 245 30.10
54 51 48 274
433 97 10 287 145.26
412 65 68 74
434 121 106 285 354.94
994 202 191 179
435 44 202 287 416.97
1049 731 269 302
436 9 180 284 210.31
354 370 1009 853
437 66 64 281 54.74
67 392 70 72
438 1 190 246 169.88
213 512 1245 211
439 5 24 288 293.73
822 160 161 172
440 97 12 137 61.73
93 125 275 396
441 62 51 269 632.64
1506 1494 432 454
442 44 0 214 12.59
18 23 96 22
443 84 10 189 119.61
169 761 136 162
444 9 63 268 276.65
393 583 1586 1333
445 24 117 195 93.16
229 187 66 60
446 65 61 253 28.92
50 49 48 286
447 57 48 135 409.70
947 1098 276 306
448 3 201 282 16.43
29 27 31 149
449 1 115 287 14.80
25 26 29 143
450 26 60 276 67.73
92 454 72 84
451 52 9 248 2.71
5 4 4 25
452 12 85 251 5.48
15 4 4 3
453 105 125 267 5.15
9 10 10 43
454 7 220 288 10.14
18 19 18 86
455 51 151 248 5.41
9 7 37 9
456 24 13 90 17.70
48 14 12 14
457 52 35 234 29.42
33 232 31 30
458 123 0 233 166.98
260 281 910 793
459 27 26 150 68.95
106 101 529 85
460 18 28 188 265.63
435 1202 625 342
461 40 60 214 113.19
320 56 53 56
462 6 124 284 205.30
302 482 1364 322
463 89 54 276 8.59
11 58 13 11
464 13 255 287 602.17
1504 1160 331 391
465 6 98 283 363.97
1012 231 194 218
466 114 58 187 234.19
411 1110 295 278
467 44 49 287 95.61
170 151 195 840
468 103 13 175 72.31
134 119 127 586
469 2 188 288 762.63
1668 1441 1776 1181
470 31 19 273 488.48
1050 1610 445 338
471 29 31 252 62.10
85 373 125 80
472 47 14 282 140.21
400 56 63 64
473 37 130 255 28.52
41 179 30 41
474 10 13 172 62.48
96 106 120 753
475 21 4 282 1.51
2 10 2 2
476 2 0 283 465.82
1016 1252 729 357
477 108 51 271 117.07
146 844 125 149
478 43 1 119 27.02
76 15 12 15
479 5 215 287 50.62
141 32 28 25
480 48 4 112 226.73
384 398 978 1109
481 66 0 186 143.59
405 71 71 77
482 107 13 206 24.00
38 30 184 30
483 18 132 288 13.20
22 24 25 131
484 17 17 129 195.18
267 911 793 237
485 20 78 134 232.92
610 307 136 165
486 27 29 280 18.33
30 27 125 28
487 37 55 272 284.86
389 923 1548 794
488 69 9 251 260.81
336 1148 1244 447
489 103 25 164 79.19
124 153 168 834
490 17 67 259 31.42
54 51 46 334
491 37 219 287 95.28
128 143 839 150
492 41 95 167 224.38
634 111 110 106
493 31 14 89 54.19
90 91 96 578
494 23 6 274 414.64
1188 158 151 212
495 59 104 266 30.45
54 54 47 282
496 23 27 234 5.62
10 9 10 52
497 20 172 268 18.10
31 31 28 186
498 27 33 75 164.61
262 283 1003 472
499 57 5 227 55.56
82 87 346 260
500 33 9 89 540.72
1346 995 369 411
501 75 185 287 364.59
571 1230 1294 1221
502 71 16 101 26.71
73 18 21 17
503 11 83 269 44.12
78 74 88 385
504 67 126 233 95.12
123 447 435 109
505 2 97 141 368.75
600 1304 1404 550
506 7 123 256 250.88
391 402 1352 1277
507 132 27 287 70.83
130 135 113 559
508 91 12 185 14.21
25 22 20 148
509 112 8 271 56.48
93 100 84 630
510 26 27 240 80.34
130 124 362 498
511 53 35 278 42.31
51 309 47 63
512 55 109 274 44.78
128 18 18 21
513 63 7 200 342.61
863 584 238 249
514 18 32 281 253.23
614 540 191 163
515 30 45 268 246.19
679 141 179 175
516 41 58 191 202.42
568 115 95 115
517 28 3 196 36.31
53 43 314 44
518 176 11 242 477.94
1355 252 193 198
519 51 6 235 17.72
49 11 11 12
520 57 18 287 204.71
453 633 141 176
521 70 0 237 441.68
1082 872 340 325
522 19 13 260 232.71
386 320 1145 1235
523 27 4 102 317.10
821 460 206 189
524 153 54 265 16.17
28 24 26 171
525 63 7 262 169.48
476 92 94 74
526 48 101 266 179.17
230 1013 565 225
527 7 88 266 33.79
53 54 153 226
528 30 7 166 77.70
151 305 95 83
529 24 2 86 114.18
124 754 350 154
530 55 57 278 311.17
881 148 137 171
531 1 1 212 228.33
335 640 1282 529
532 37 118 219 164.84
280 315 488 1164
533 29 23 262 87.00
106 422 411 125
534 15 114 253 166.16
270 901 202 174
535 52 119 278 102.86
152 175 793 132
536 67 66 187 126.84
222 199 280 1125
537 28 43 245 34.97
54 52 264 46
538 24 82 288 433.89
848 1505 835 381
539 17 10 125 150.14
425 65 82 71
540 11 81 288 12.59
20 20 89 17
541 17 36 226 562.47
1355 1297 321 399
542 80 24 272 152.89
426 93 88 78
543 59 35 245 24.24
42 43 40 233
544 20 52 261 352.49
995 157 192 194
545 57 174 288 171.95
293 328 519 1183
546 104 17 196 68.86
100 414 94 96
547 14 46 287 72.20
81 553 91 93
548 11 0 63 170.04
225 1166 175 228
549 40 119 287 24.78
70 12 13 11
550 41 32 194 46.66
69 91 227 290
551 27 0 198 231.06
651 131 102 108
552 31 115 243 356.35
519 1655 1244 424
553 10 13 168 39.63
68 67 68 395
554 21 93 288 539.10
1109 1701 915 450
555 23 186 284 417.86
963 1068 361 349
556 37 0 174 293.54
435 833 1288 1309
557 33 93 288 29.27
48 64 51 278
558 26 20 214 33.39
42 235 40 46
559 6 34 287 214.83
350 611 1012 372
560 44 11 265 72.06
114 103 495 167
561 80 8 268 59.56
166 35 37 28
562 35 138 288 47.56
75 96 92 499
563 10 87 273 365.29
977 436 178 181
564 20 129 270 43.11
73 62 192 240
565 15 0 99 96.46
162 187 152 966
566 18 86 178 29.04
35 215 34 31
567 2 0 80 179.76
278 330 890 977
568 16 5 234 140.58
183 922 242 162
569 24 131 244 32.64
49 50 256 39
570 25 18 232 179.90
349 754 159 179
571 71 7 123 402.92
603 1737 1401 667
572 34 62 264 76.36
103 511 82 106
573 37 0 227 133.00
193 244 764 690
574 144 18 253 144.06
301 504 132 132
575 106 9 262 71.28
97 477 75 90
576 35 0 287 3.25
9 2 2 2
577 53 54 251 133.59
378 63 67 62
578 118 0 286 214.68
295 562 1479 349
579 158 41 288 4.71
8 8 8 48
580 30 85 281 5.39
9 8 35 9
581 126 6 234 90.58
160 181 139 788
582 53 69 247 82.86
156 135 148 636
583 22 4 283 545.20
1213 1355 790 541
584 59 8 288 727.81
1452 1732 1965 1474
585 30 15 274 64.15
112 121 120 555
586 69 109 276 34.76
60 47 204 88
587 14 78 199 172.87
271 282 649 1408
588 69 52 219 584.87
1326 1352 846 542
589 106 54 241 371.53
1051 158 209 182
590 17 136 249 237.44
301 705 1548 665
591 19 75 229 117.36
325 74 72 71
592 120 147 288 257.73
386 635 1371 901
593 14 95 278 365.95
1033 183 185 170
594 29 1 137 409.53
1093 438 286 215
595 5 99 176 502.70
1237 991 394 283
596 12 36 221 138.98
228 179 895 387
597 1 112 287 273.82
460 546 1178 1202
598 1 143 281 230.62
315 688 1272 782
599 4 58 242 26.21
74 13 14 11
600 2 24 283 451.21
1280 202 234 180
601 29 89 241 39.37
68 77 60 370
602 3 121 287 53.37
100 95 85 413
603 61 169 287 45.96
71 65 346 72
604 55 126 268 275.04
615 788 252 210
605 141 13 201 151.31
195 1069 163 167
606 46 13 157 185.06
525 91 80 81
607 26 165 262 84.69
118 537 122 92
608 60 179 282 122.20
185 207 893 196
609 43 0 205 23.67
41 43 38 227
610 105 37 274 100.69
169 172 209 979
611 55 26 268 558.94
1249 1482 712 396
612 15 134 242 31.16
46 124 133 42
613 87 27 288 424.92
1054 808 313 251
614 96 30 228 111.14
162 369 594 160
615 7 46 123 18.05
34 33 32 128
616 96 4 283 269.37
474 345 1254 1268
617 28 5 158 76.50
215 42 39 37
618 9 0 49 107.68
165 148 844 134
619 145 0 266 97.96
178 184 164 791
620 31 40 123 84.06
107 358 448 104
621 33 3 124 104.81
299 43 43 53
622 5 102 252 226.19
630 137 120 141
623 8 246 287 50.26
79 75 364 77
624 19 119 266 203.41
556 151 135 137
625 86 33 174 273.40
780 132 93 116
626 24 58 277 174.19
267 899 369 229
627 67 46 287 669.73
1653 1349 459 353
628 68 7 221 441.42
1159 543 324 255
629 33 1 225 112.15
316 62 52 52
630 55 76 237 8.64
12 54 12 13
631 26 13 287 348.49
521 1041 1436 1520
632 23 81 288 18.12
34 30 34 136
633 85 19 224 319.40
889 174 223 159
634 76 54 284 41.11
117 20 16 17
635 38 54 239 132.98
372 71 80 70
636 28 32 283 109.83
175 235 186 1140
637 23 214 288 24.76
42 40 50 244
638 18 12 287 39.58
55 47 355 61
639 43 3 283 232.10
650 125 130 128
640 113 3 163 117.00
328 61 63 71
641 16 10 265 28.43
33 213 38 31
642 15 141 267 19.11
26 126 25 20
643 65 13 253 361.90
814 1051 294 242
644 37 57 275 102.48
194 158 150 865
645 56 62 266 445.07
944 1291 670 484
646 13 153 288 756.04
1620 1534 1665 1516
647 52 94 268 183.27
273 359 889 1111
648 15 1 183 278.25
381 1143 1281 499
649 36 22 156 348.58
468 1329 1594 1086
650 1 69 248 171.74
258 905 376 219
651 23 102 230 2.94
5 4 19 5
652 105 30 251 68.67
104 90 528 136
653 68 20 164 25.04
71 11 13 11
654 23 15 288 19.96
21 161 23 25
655 82 5 265 451.30
1042 1220 327 276
656 105 20 191 175.88
252 407 1249 227
657 5 220 282 50.95
75 70 422 61
658 10 45 119 24.24
69 11 10 11
659 8 208 279 231.18
649 120 125 128
660 15 80 288 196.28
291 912 647 237
661 98 149 288 138.93
388 78 73 92
662 4 11 143 186.94
224 764 1132 252
663 7 99 288 190.54
339 269 709 1126
664 58 150 287 18.61
24 128 25 21
665 224 13 288 94.86
164 175 168 874
666 87 0 280 33.89
46 115 205 41
667 1 53 260 623.32
1253 1491 1706 1061
668 24 175 287 485.56
1175 1053 320 385
669 12 141 248 245.79
677 159 172 146
670 42 14 88 25.23
71 14 12 12
671 24 104 288 416.80
1090 551 285 229
672 19 110 204 198.12
272 527 1191 648
673 42 22 288 60.12
67 459 85 70
674 20 46 190 74.64
119 114 532 100
675 13 87 277 80.72
111 127 698 99
676 61 187 285 552.35
1260 1310 756 390
677 33 2 187 88.58
189 291 75 95
678 63 130 287 12.94
22 25 28 111
679 11 1 278 205.55
278 1207 486 250
680 34 35 242 137.50
178 260 1198 175
681 24 114 283 14.61
25 28 27 133
682 39 99 280 22.50
36 30 163 36
683 13 141 288 47.16
130 32 27 34
684 138 6 216 101.05
156 153 745 161
685 28 63 256 95.07
268 51 46 43
686 103 105 288 4.94
9 9 7 43
687 46 144 266 113.66
158 493 499 141
688 83 127 230 78.93
99 457 241 115
689 94 110 247 73.30
99 456 138 85
690 108 24 205 81.77
123 156 343 599
691 35 82 276 173.20
258 291 1190 495
692 46 5 273 410.43
984 945 288 254
693 38 41 214 180.52
288 275 744 1326
694 10 143 288 196.56
281 448 1359 357
695 46 0 234 48.95
83 83 79 511
696 23 119 213 538.89
1148 1241 1331 443
697 80 4 232 358.00
1015 174 174 133
698 17 127 262 183.88
313 979 169 157
699 143 82 287 521.24
1279 1023 407 361
700 12 26 287 52.03
77 196 235 75
701 6 1 143 136.75
381 76 83 83
702 37 13 151 12.59
16 89 16 12
703 10 112 214 118.32
327 80 74 62
704 72 150 287 169.88
289 259 649 1098
705 77 49 288 75.07
118 137 357 413
706 51 174 282 172.11
234 457 1220 227
707 29 8 238 177.06
502 82 89 72
708 21 99 221 147.64
261 218 433 1100
709 15 1 64 301.61
856 148 120 149
710 21 77 221 393.22
983 681 284 337
711 100 10 278 114.18
149 779 141 147
712 15 1 160 26.85
35 44 236 47
713 27 23 229 13.81
19 90 17 17
714 88 3 209 31.42
51 60 48 345
715 26 242 288 70.53
129 120 125 581
716 27 63 246 109.42
176 176 757 144
717 19 142 203 16.66
31 24 26 150
718 1 104 287 98.98
157 147 430 707
719 69 38 232 91.21
262 33 36 37
720 4 0 49 200.40
467 502 170 132
721 66 166 287 129.17
367 51 66 66
722 3 0 250 140.09
178 935 218 220
723 36 21 70 63.23
179 33 27 28
724 73 59 153 18.31
29 28 131 26
725 3 1 250 241.65
674 147 133 126
726 80 1 226 43.32
122 24 19 23
727 45 1 151 14.00
23 22 93 21
728 5 69 254 512.04
1351 682 245 309
729 43 10 174 62.85
102 107 112 698
730 38 14 284 48.29
133 28 34 38
731 130 140 278 140.58
201 873 182 177
732 43 2 140 21.51
61 10 10 10
733 22 110 227 300.51
853 130 136 166
734 43 5 183 722.16
1589 1314 1765 970
735 22 2 244 103.78
183 165 193 967
736 7 83 278 312.37
618 1247 286 309
737 46 13 267 385.98
606 1147 1406 1665
738 119 37 235 64.17
107 108 113 679
739 53 107 276 51.96
82 71 193 461
740 38 0 227 178.54
306 280 709 1045
741 24 49 287 194.40
295 332 1016 1103
742 165 28 217 71.99
100 113 611 98
743 17 51 268 307.17
455 1247 1260 422
744 30 6 278 21.25
59 13 13 12
745 31 13 185 223.86
631 104 129 109
746 14 184 264 175.90
213 1251 257 226
747 10 149 287 49.30
80 96 76 535
748 54 75 288 41.58
115 27 27 22
749 3 22 288 680.48
1582 1490 866 567
750 65 185 287 117.83
211 206 194 1047
751 4 0 288 96.06
272 46 44 48
752 12 131 182 114.48
319 65 66 72
753 80 0 148 83.21
131 115 619 119
754 20 161 287 442.22
1088 832 376 312
755 45 4 240 468.01
1298 315 253 265
756 31 154 212 33.98
45 229 40 47
757 1 26 214 463.37
906 1407 1160 466
758 42 72 273 72.90
131 100 216 532
759 84 79 283 352.72
722 1318 277 373
760 209 40 288 81.80
133 161 145 841
761 4 210 287 183.58
233 987 659 260
762 39 14 272 105.35
133 754 124 105
763 5 197 267 315.92
409 1340 1280 1119
764 88 112 265 686.67
1621 1402 880 520
765 49 2 223 39.06
109 20 24 26
766 158 21 287 309.83
876 169 131 133
767 37 70 287 31.72
52 54 134 190
768 14 12 237 436.48
1186 416 228 240
769 87 15 226 417.44
1187 186 186 191
770 82 0 251 305.54
616 1027 487 305
771 15 7 156 217.32
291 1268 558 241
772 50 74 287 17.60
28 25 126 29
773 5 0 22 184.80
261 915 614 226
774 45 22 281 118.37
175 202 464 1046
775 3 70 284 22.52
36 29 169 28
776 18 9 177 0.96
1 8 1 1
777 131 0 266 90.01
148 141 320 690
778 28 136 224 102.29
122 623 312 146
779 48 88 214 113.12
138 712 298 143
780 10 0 46 4.99
8 10 8 54
781 110 169 288 110.41
162 146 851 284
782 9 265 287 48.45
82 77 89 502
783 69 48 277 199.18
283 390 1001 1330
784 24 248 287 145.92
168 1001 340 166
785 5 175 285 55.28
95 92 202 339
786 41 26 133 143.64
175 720 649 196
787 1 73 194 98.18
252 155 62 55
788 59 34 273 26.87
73 22 18 18
789 32 160 287 134.93
380 67 70 73
790 7 160 287 116.08
161 756 137 137
791 4 85 258 40.59
114 22 21 21
792 92 153 288 111.28
204 527 92 108
793 19 85 247 39.91
72 61 80 345
794 49 40 280 31.93
89 18 19 19
795 17 0 190 104.11
184 167 250 847
796 185 39 270 96.15
161 174 158 994
797 64 70 288 601.01
1326 1608 792 568
798 7 0 260 23.98
39 28 175 39
799 33 26 283 100.06
121 528 407 160
800 1 129 287 212.97
334 544 1076 590
801 17 140 250 42.88
60 269 57 61
802 25 1 105 111.33
167 646 149 157
803 22 2 236 32.26
58 51 57 292
804 32 119 260 207.46
334 369 980 1073
805 39 10 256 71.33
109 107 538 108
806 16 3 45 68.36
92 437 111 84
807 16 2 53 750.02
1600 1806 1694 666
808 22 0 97 56.78
97 95 102 566
809 8 31 288 161.93
236 528 872 249
810 38 47 220 26.97
75 16 17 14
811 51 10 118 317.66
825 476 169 183
812 84 1 209 443.32
1064 975 363 292
813 22 71 247 34.76
59 48 173 161
814 7 117 285 363.74
1027 175 174 206
815 106 6 284 82.60
141 157 155 755
816 36 61 252 13.01
24 21 22 110
817 28 55 258 64.64
100 105 383 266
818 61 64 232 65.14
109 124 130 610
819 120 43 281 14.38
39 11 11 10
820 60 11 216 40.12
65 63 59 488
821 22 0 265 79.92
223 49 41 45
822 120 80 235 37.56
65 70 61 354
823 9 0 214 91.38
118 524 270 119
824 23 14 164 396.82
1050 445 282 264
825 6 49 287 721.90
1507 1560 1441 2017
826 11 4 257 526.91
1281 1141 340 354
827 46 65 288 574.63
1389 1294 355 381
828 113 8 229 16.80
29 22 29 184
829 27 3 287 92.60
167 136 182 825
830 26 3 265 585.27
1384 1354 510 413
831 137 29 202 5.39
10 10 9 41
832 11 100 286 21.30
24 158 32 31
833 30 5 72 133.15
227 216 367 1098
834 42 170 286 382.42
971 611 265 294
835 4 98 262 113.00
193 196 205 1102
836 86 175 288 85.66
142 147 163 885
837 52 134 221 77.23
218 38 40 36
838 26 99 194 17.77
50 10 8 9
839 31 64 258 68.22
101 99 556 76
840 126 29 216 71.42
120 129 284 400
841 23 145 281 354.30
797 1058 245 234
842 43 19 270 25.51
34 32 238 36
843 30 73 232 28.31
38 46 211 111
844 67 15 106 300.67
848 166 122 163
845 5 182 266 416.17
1110 467 251 242
846 6 2 287 169.27
482 80 65 75
847 125 35 241 4.87
9 8 10 37
848 54 91 244 182.42
303 334 711 1086
849 18 33 288 210.94
258 722 1469 248
850 33 53 287 405.63
1147 207 170 218
851 39 34 247 304.95
867 148 118 141
852 70 84 287 31.11
38 229 33 37
853 10 2 67 13.25
22 27 25 124
854 44 3 288 73.82
126 121 142 726
855 12 0 230 93.47
127 217 708 127
856 97 102 288 27.58
46 43 46 307
857 8 34 163 422.83
856 1516 547 342
858 22 29 260 162.80
435 178 92 110
859 90 62 287 115.97
197 180 394 842
860 25 74 250 24.38
69 12 11 12
861 56 1 109 45.70
84 74 86 372
862 57 172 283 25.96
38 35 217 32
863 17 18 195 523.00
1075 1453 1152 512
864 22 170 284 143.22
230 276 455 1128
865 158 8 248 54.71
98 96 93 479
866 22 225 271 142.42
172 940 316 192
867 40 7 265 507.50
1193 1143 496 443
868 21 6 265 355.38
768 1169 271 301
869 36 80 261 3.55
6 6 5 39
870 24 34 183 2.02
3 3 16 3
871 29 43 219 68.78
96 163 486 118
872 75 76 255 8.26
12 12 67 13
873 154 119 287 280.06
757 261 163 194
874 133 44 254 1.36
2 2 11 2
875 55 45 191 32.83
55 64 56 321
876 41 70 287 279.42
394 1091 1152 781
877 38 180 283 21.37
27 132 54 26
878 10 33 88 306.86
441 1078 1393 846
879 26 135 194 62.85
84 359 162 94
880 60 102 247 5.91
7 43 8 8
881 15 40 186 54.17
72 362 75 58
882 13 177 288 4.40
8 8 22 7
883 6 132 285 166.68
215 900 559 255
884 30 28 217 283.23
353 1334 1352 388
885 50 160 237 395.41
956 819 341 280
886 26 126 164 64.43
98 97 269 537
887 7 12 226 178.96
242 1041 449 196
888 33 44 255 182.49
509 119 88 96
889 7 29 274 129.64
232 241 218 1102
890 10 0 231 155.92
445 64 73 58
891 95 157 288 96.29
174 185 149 803
892 35 4 60 437.98
924 1241 751 451
893 1 44 239 11.62
12 97 12 11
894 56 213 287 643.49
1502 1284 935 595
895 108 4 143 131.45
285 434 97 100
896 68 39 272 170.73
276 279 705 1144
897 15 1 241 83.09
101 532 213 95
898 1 4 184 65.47
97 207 348 107
899 7 1 49 66.36
99 116 338 410
900 5 40 183 57.00
74 395 62 77
901 63 199 288 818.78
1732 1862 1673 1614
902 146 73 288 32.55
53 68 65 307
903 12 0 266 85.89
240 47 51 47
904 5 39 286 274.83
377 1044 1393 483
905 45 39 287 275.66
480 1260 456 302
906 71 65 159 22.92
27 171 28 27
907 48 41 283 28.47
37 194 37 36
908 53 94 256 40.12
71 76 59 365
909 27 2 163 393.08
784 1132 914 504
910 14 60 229 162.25
459 76 76 89
911 5 101 274 520.58
1267 1143 323 309
912 37 81 288 39.06
112 15 16 15
913 33 8 61 82.60
130 107 619 131
914 54 108 274 87.89
151 164 292 545
915 24 135 270 56.60
82 100 373 211
916 72 3 176 129.12
177 624 478 181
917 43 30 249 520.82
1310 937 318 345
918 54 53 234 10.64
19 20 18 90
919 3 0 128 94.08
259 68 59 50
920 11 20 181 55.42
65 417 64 66
921 27 224 280 7.06
13 13 12 55
922 43 1 215 539.81
877 1631 1956 1856
923 50 9 68 10.21
12 75 15 11
924 31 3 246 47.49
135 21 21 23
925 29 237 287 131.78
209 231 898 185
926 17 76 239 67.47
120 115 105 632
927 3 141 287 206.02
320 374 880 1393
928 87 190 288 1.84
3 3 3 21
929 11 30 195 47.02
61 323 56 63
930 34 10 268 57.18
70 400 80 90
931 4 104 284 379.62
1068 211 186 175
932 17 24 237 461.54
671 1841 1407 1882
933 77 121 288 103.85
157 137 724 356
934 1 61 182 7.91
9 61 9 9
935 132 3 211 33.91
49 53 216 164
936 47 18 285 159.45
262 207 948 591
937 52 114 254 18.03
27 28 139 26
938 44 13 212 187.60
266 880 666 276
939 138 39 272 389.18
1039 421 244 241
940 10 49 247 86.72
149 137 197 794
941 39 203 288 16.90
47 9 11 11
942 29 59 120 92.34
265 34 39 34
943 3 2 194 126.13
203 197 885 157
944 75 74 280 98.29
186 150 165 793
945 55 18 162 254.62
400 723 1231 589
946 30 46 240 74.46
110 154 525 112
947 77 11 221 242.38
364 616 1330 696
948 20 210 288 172.66
290 310 479 1389
949 42 36 287 477.49
1145 1056 358 377
950 27 24 212 438.95
1008 1189 332 310
951 148 21 259 119.64
341 55 51 43
952 82 27 287 122.70
350 50 53 58
953 97 174 288 130.30
235 191 202 1270
954 56 8 258 227.20
319 875 1153 258
955 14 20 277 38.10
60 54 285 47
956 79 15 225 106.77
182 203 193 994
957 35 214 287 184.47
229 828 922 305
958 9 0 215 466.90
802 1434 1749 813
959 24 83 261 75.59
136 113 136 697
960 13 23 184 168.28
476 85 72 88
961 59 5 256 38.64
60 74 194 192
962 22 3 288 56.90
84 109 410 95
963 57 1 111 133.47
206 194 948 310
964 194 17 249 33.02
94 14 14 17
965 114 132 288 258.17
441 1245 384 294
966 109 52 265 165.55
461 118 74 79
967 115 29 208 25.09
44 41 54 219
968 97 18 131 18.21
51 10 10 10
969 139 8 261 225.30
645 84 101 90
970 115 94 283 196.05
333 360 758 1073
971 1 40 288 96.18
145 289 525 140
972 50 38 261 537.08
1243 1361 505 328
973 6 46 266 85.09
151 134 143 814
974 38 111 287 396.40
988 720 292 269
975 5 15 282 18.47
26 114 27 25
976 71 20 267 45.09
60 307 51 53
977 15 94 287 45.28
126 26 28 26
978 35 91 228 23.51
28 175 26 30
979 6 0 165 112.98
198 178 219 1057
980 41 7 178 157.81
267 262 534 1114
981 22 112 219 21.72
30 35 183 32
982 13 25 189 467.54
1068 1157 548 349
983 10 48 276 60.36
170 28 35 31
984 9 113 263 85.89
243 37 47 43
985 42 32 154 9.72
13 66 10 13
986 11 2 60 86.88
249 34 36 32
987 9 21 285 178.14
253 733 803 223
988 45 212 287 65.21
109 131 126 600
989 113 57 225 1.79
2 14 2 2
990 51 4 256 0.66
1 1 1 9
991 93 21 255 270.36
757 148 161 125
992 12 7 142 27.72
79 12 12 12
993 103 132 288 6.52
11 11 39 12
994 35 40 143 109.24
307 59 57 53
995 11 179 270 35.06
56 72 73 344
996 37 63 161 162.84
452 91 100 119
997 45 63 287 28.00
33 205 40 33
998 70 11 169 89.33
129 153 707 117
999 9 20 284 342.21
798 822 314 276
1000 57 8 109 46.64
132 21 25 21
1001 60 7 258 376.63
698 1428 790 369
1002 22 136 175 157.41
210 954 335 217
1003 81 56 276 142.18
184 698 603 166
1004 25 5 254 216.66
312 621 1177 622
1005 17 170 287 81.85
229 42 52 42
1006 34 3 248 279.09
714 449 186 145
1007 2 0 279 293.80
443 1338 929 411
1008 39 0 89 678.62
1543 1366 1301 536
1009 27 0 89 554.28
1378 1064 362 346
1010 28 0 75 132.44
163 934 194 156
1011 55 62 217 34.78
54 47 258 65
1012 33 75 271 68.88
110 95 417 268
1013 15 4 199 161.13
274 302 466 1173
1014 2 239 281 105.19
150 665 125 125
1015 22 122 271 55.96
102 252 64 66
1016 1 0 282 545.81
1070 1623 1330 685
1017 32 20 215 95.02
138 134 713 278
1018 140 25 287 104.62
159 173 581 539
1019 100 5 195 163.97
466 75 77 65
1020 155 22 286 90.08
167 121 151 825
1021 14 112 259 116.13
326 62 64 57
1022 50 96 288 52.03
93 89 86 470
1023 3 0 69 60.12
125 217 56 42
1024 8 13 230 18.00
28 27 135 22
1025 27 156 287 40.40
112 22 28 27
1026 50 206 287 85.89
239 56 45 46
1027 31 33 274 465.42
1267 408 277 262
1028 71 2 266 71.80
101 177 504 98
1029 27 130 187 10.82
19 20 16 102
1030 13 1 27 249.65
640 386 175 141
1031 22 175 231 112.79
313 71 71 56
1032 3 210 262 29.13
34 221 35 29
1033 36 38 237 49.91
141 25 24 24
1034 31 111 283 152.39
236 864 194 192
1035 13 91 277 106.20
168 144 684 361
1036 46 141 282 591.95
1528 948 302 315
1037 59 28 147 14.90
42 7 8 8
1038 44 84 251 127.00
193 239 892 194
1039 112 57 269 105.05
162 164 627 450
1040 51 170 287 270.17
448 422 1198 1547
1041 25 94 260 375.57
563 1268 1611 1052
1042 150 17 276 40.73
57 60 344 65
1043 4 0 15 346.28
982 158 176 141
1044 84 10 268 115.03
215 186 185 950
1045 17 152 267 125.52
200 248 259 1272
1046 16 1 239 20.87
58 14 11 11
1047 26 4 119 83.63
151 137 142 745
1048 20 4 117 9.67
27 6 5 5
1049 19 17 187 220.90
614 136 120 143
1050 89 11 287 67.89
114 123 140 640
1051 20 81 258 200.71
227 1416 448 207
1052 71 21 248 510.27
1166 1119 796 411
1053 70 183 284 266.53
340 1214 1140 644
1054 101 0 235 252.05
721 104 102 101
1055 8 61 253 446.12
768 1671 1251 691
1056 11 1 85 70.86
196 44 45 45
1057 137 39 256 217.72
609 112 128 134
1058 13 2 218 13.65
18 88 23 18
1059 8 52 157 669.37
1419 1684 1470 587
1060 36 64 194 4.57
13 2 2 2
1061 22 107 286 73.02
105 241 400 110
1062 71 42 254 214.90
329 1203 322 273
1063 103 63 285 368.99
575 1168 1462 1202
1064 194 30 286 4.17
8 7 7 30
1065 32 49 193 239.21
359 1145 692 320
1066 18 14 218 149.43
410 100 109 92
1067 63 69 284 81.14
141 136 135 796
1068 15 122 195 17.08
31 26 27 160
1069 30 21 277 206.17
577 113 118 108
1070 163 60 287 57.16
74 85 532 74
1071 76 1 273 57.04
77 204 331 72
1072 42 18 111 94.29
262 59 52 58
1073 42 0 137 395.86
1124 202 152 176
1074 99 28 234 7.11
8 54 9 10
1075 7 0 35 183.22
297 514 931 224
1076 25 9 247 68.81
105 79 545 127
1077 7 139 267 67.73
87 116 601 110
1078 186 49 286 52.24
56 408 72 68
1079 16 0 75 466.39
1314 241 251 198
1080 39 1 200 38.50
71 62 63 330
1081 20 10 147 20.38
36 38 39 170
1082 65 66 157 56.34
95 100 98 568
1083 16 170 271 0.75
1 1 7 1
1084 140 70 275 302.32
862 121 135 146
1085 28 60 227 207.98
349 317 1089 823
1086 23 18 131 417.11
690 1358 1525 941
1087 12 1 57 200.35
330 356 867 1092
1088 31 157 267 69.91
105 183 426 100
1089 2 14 272 146.56
256 732 136 176
1090 74 10 239 625.13
1445 1393 861 434
1091 93 67 219 6.35
18 3 3 3
1092 5 58 252 327.87
442 1095 1552 1356
1093 165 63 288 166.77
459 108 111 115
1094 81 5 240 280.79
448 433 1469 1423
1095 6 2 275 63.77
97 97 471 119
1096 147 83 287 446.67
1182 542 274 259
1097 15 1 233 501.85
1118 1478 427 386
1098 2 189 255 43.44
60 61 378 67
1099 5 2 187 275.80
781 117 147 141
1100 12 33 233 89.85
133 132 620 320
1101 66 18 174 129.47
293 356 117 98
1102 52 0 131 48.41
88 69 87 444
1103 22 16 141 432.08
1220 227 211 178
1104 116 31 288 128.16
362 59 65 71
1105 15 0 168 613.53
1228 1759 1494 615
1106 33 3 249 169.81
474 95 107 81
1107 136 50 288 120.49
333 73 80 79
1108 1 0 42 173.41
308 240 659 1019
1109 43 34 288 71.99
110 145 502 80
1110 53 17 210 98.18
188 408 112 92
1111 30 30 274 364.23
561 948 1682 1416
1112 25 16 287 64.93
95 101 512 102
1113 18 56 116 44.48
124 26 26 24
1114 65 37 261 313.21
895 135 119 137
1115 23 236 269 354.23
1004 165 173 156
1116 25 126 284 33.84
94 18 22 24
1117 39 68 233 281.16
524 1299 249 217
1118 133 41 245 27.06
44 51 46 289
1119 14 7 223 57.84
165 25 24 25
1120 15 2 78 10.05
14 16 84 15
1121 58 185 272 45.72
56 225 212 60
1122 143 30 288 138.51
392 65 71 61
1123 10 181 287 15.53
43 10 9 10
1124 28 58 223 402.64
590 1528 1605 1056
1125 42 15 124 312.77
468 839 1299 1624
1126 7 1 147 10.00
12 71 14 16
1127 62 206 285 84.10
115 161 667 147
1128 124 3 277 6.94
10 12 54 11
1129 43 27 288 447.25
1098 913 313 269
1130 28 43 288 108.13
166 178 793 151
1131 39 199 287 232.03
422 1026 318 238
1132 2 0 22 382.89
1031 382 238 215
1133 59 70 189 6.94
10 9 59 10
1134 9 1 79 628.26
1364 1322 1381 874
1135 64 35 218 29.79
82 19 20 21
1136 71 36 288 587.39
1087 1604 1849 1233
1137 2 0 4 478.46
1348 252 247 210
1138 8 179 287 54.45
100 78 170 340
1139 153 9 288 283.92
800 139 150 148
1140 23 18 192 174.84
273 330 755 1108
1141 125 57 198 50.43
92 78 98 425
1142 28 121 286 547.01
1086 1294 1705 749
1143 41 1 287 136.20
384 66 75 64
1144 45 2 145 288.34
545 1097 517 298
1145 15 1 92 60.36
168 33 37 40
1146 19 1 153 46.50
86 70 79 404
1147 79 4 261 84.50
140 137 134 952
1148 17 12 126 401.88
938 1029 302 255
1149 199 54 286 46.62
131 23 27 24
1150 120 14 258 386.71
1021 471 261 204
1151 27 33 244 93.54
136 166 719 135
1152 53 21 187 15.88
25 26 34 179
1153 13 60 129 140.28
179 696 599 169
1154 44 0 175 159.10
447 92 76 75
1155 66 214 288 70.20
197 40 38 29
1156 35 123 288 183.95
331 242 672 1113
1157 23 59 287 62.69
111 97 86 647
1158 5 2 251 13.67
19 23 113 20
1159 30 0 281 111.24
164 190 761 339
1160 93 12 135 65.30
79 481 69 88
1161 46 65 284 244.81
344 1182 881 279
1162 23 105 181 239.86
385 361 1307 1106
1163 78 9 197 143.17
407 67 59 67
1164 18 9 191 90.13
251 50 57 52
1165 158 55 234 58.27
106 101 100 489
1166 80 3 279 483.78
1299 516 260 304
1167 52 35 270 180.07
313 255 619 1267
1168 68 12 181 14.57
23 22 105 21
1169 15 63 118 388.02
1091 213 175 226
1170 152 2 235 10.33
18 18 18 97
1171 47 82 208 155.27
276 227 521 1011
1172 75 0 98 73.63
132 144 132 585
1173 126 45 236 290.65
815 135 174 188
1174 13 0 253 86.10
138 167 137 952
1175 49 45 232 34.85
44 250 37 41
1176 5 10 54 148.37
422 57 78 70
1177 8 20 193 336.49
906 355 198 154
1178 20 98 199 385.67
802 1106 704 435
1179 2 0 277 11.44
14 81 16 15
1180 82 52 150 79.21
226 33 36 31
1181 29 54 141 37.02
47 57 341 62
1182 125 66 287 23.74
65 18 15 15
1183 70 45 163 22.31
35 42 40 252
1184 9 57 189 47.96
83 76 71 506
1185 73 194 288 1.36
2 2 11 2
1186 38 25 214 40.22
114 18 20 19
1187 35 44 250 111.38
315 58 49 51
1188 45 97 250 13.30
17 95 14 14
1189 17 60 174 98.44
110 757 115 142
1190 18 9 210 53.04
78 77 391 149
1191 7 15 70 273.28
754 183 186 136
1192 5 2 116 184.26
230 1031 643 231
1193 16 54 253 499.24
937 1397 1625 656
1194 25 117 245 52.22
66 379 52 54
1195 3 50 199 308.41
880 129 128 143
1196 79 45 200 462.10
825 1588 1425 473
1197 125 17 258 44.97
125 28 24 29
1198 36 34 146 99.96
181 151 193 875
1199 5 35 209 8.90
11 63 12 11
1200 34 37 198 29.46
54 54 44 246
1201 103 8 123 11.86
17 16 101 16
1202 45 158 261 13.04
23 19 23 129
1203 21 5 113 24.19
44 40 44 204
1204 30 20 93 26.38
33 40 254 31
1205 96 24 228 14.05
19 24 120 19
1206 12 148 229 39.46
74 68 58 321
1207 9 31 185 121.05
199 245 272 1079
1208 25 10 106 390.54
1029 487 258 213
1209 5 3 258 226.12
342 620 1261 439
1210 1 164 273 29.13
83 12 14 12
1211 76 40 257 254.57
391 994 1013 336
1212 83 32 245 272.60
515 1046 480 276
1213 14 104 251 196.73
554 110 93 88
1214 1 94 243 166.73
292 835 157 178
1215 40 73 170 59.49
165 37 34 39
1216 3 2 255 261.89
689 344 148 155
1217 45 81 269 69.61
96 412 142 94
1218 107 1 163 69.77
133 115 100 558
1219 31 9 110 132.65
181 622 530 177
1220 70 70 288 41.84
115 30 26 26
1221 1 123 262 11.95
21 20 16 122
1222 22 88 163 122.56
216 198 298 994
1223 12 61 174 719.48
1669 1592 917 598
1224 26 108 229 407.53
838 1254 705 414
1225 11 250 288 92.11
165 147 186 791
1226 5 100 170 140.25
201 254 1089 206
1227 20 116 213 170.09
248 817 552 201
1228 13 21 235 511.17
1131 1377 647 463
1229 64 123 239 18.54
24 27 174 23
1230 66 120 288 9.79
18 16 19 78
1231 32 104 270 306.01
749 593 245 249
1232 70 47 194 23.91
43 43 40 205
1233 108 0 171 209.48
352 356 817 1272
1234 22 90 258 60.55
71 371 190 86
1235 29 28 114 175.43
278 689 613 270
1236 21 7 49 3.37
6 14 6 5
1237 79 13 286 46.55
130 24 29 28
1238 141 1 234 82.50
133 145 152 905
1239 123 2 210 31.46
45 57 242 52
1240 79 141 288 46.48
76 75 95 496
1241 79 97 256 102.53
292 46 44 43
1242 51 101 283 406.12
1086 425 268 243
1243 5 0 70 689.82
1659 1258 860 594
1244 51 77 246 17.70
29 25 123 25
1245 44 11 85 2.45
4 4 4 28
1246 123 4 284 528.93
1266 1204 403 335
1247 18 189 277 591.60
1401 1464 384 366
1248 3 23 210 209.74
291 880 960 279
1249 89 33 287 72.83
205 35 38 44
1250 54 5 109 99.16
187 165 166 769
1251 10 5 258 56.05
66 420 61 76
1252 10 14 131 170.19
480 75 99 89
1253 17 214 268 202.02
560 131 120 112
1254 18 21 169 56.48
68 413 74 61
1255 22 104 202 74.39
110 108 523 251
1256 91 37 288 48.55
135 26 32 31
1257 1 0 239 10.90
15 16 94 17
1258 189 10 253 220.97
433 890 219 220
1259 12 46 241 581.03
1354 1130 936 473
1260 37 34 287 116.91
183 183 561 735
1261 12 56 168 2.97
5 5 5 31
1262 30 2 182 124.16
197 186 650 660
1263 3 210 284 88.72
135 297 440 109
1264 7 0 203 145.64
413 68 74 55
1265 34 53 288 64.53
85 107 559 113
1266 8 165 236 41.77
68 72 78 451
1267 44 3 209 100.74
286 49 41 48
1268 47 120 213 29.04
44 121 103 49
1269 2 0 229 422.00
1142 435 215 210
1270 15 0 227 198.57
289 816 804 336
1271 14 33 207 100.08
123 719 132 110
1272 46 48 236 416.57
1077 576 295 306
1273 32 128 207 122.93
345 55 76 77
1274 15 69 265 661.54
1423 1430 1503 894
1275 15 0 239 196.73
275 1066 500 312
1276 57 171 282 111.26
317 46 49 54
1277 70 47 244 232.76
434 1051 207 248
1278 14 42 275 466.74
1175 777 356 341
1279 5 107 259 71.16
121 130 269 402
1280 26 99 253 28.76
54 44 50 234
1281 36 18 222 868.18
1949 1761 1523 1278
1282 9 7 158 57.16
87 105 405 86
1283 19 114 278 104.98
135 724 124 151
1284 21 0 144 30.03
83 20 18 18
1285 151 119 287 72.34
129 123 109 681
1286 44 0 170 52.95
78 71 443 59
1287 25 198 287 98.74
151 163 548 497
1288 48 34 229 66.64
187 38 30 40
1289 125 30 281 10.00
28 5 6 6
1290 29 20 116 294.11
499 1384 537 286
1291 22 154 288 10.87
14 75 14 13
1292 38 46 120 217.27
363 325 1010 1156
1293 12 24 244 42.95
54 292 69 55
1294 121 26 229 22.90
37 44 44 235
1295 6 236 287 26.36
36 39 231 37
1296 33 29 286 467.37
1276 427 227 262
1297 10 86 288 192.23
251 594 1300 273
1298 28 5 125 400.66
551 1806 1433 1028
1299 76 108 287 95.73
266 53 61 63
1300 45 31 176 16.66
30 33 29 131
1301 18 4 37 32.47
92 15 17 13
1302 91 4 185 38.97
108 24 25 22
1303 45 130 235 53.96
87 93 111 574
1304 17 2 65 120.77
199 187 269 1247
1305 41 34 272 60.20
90 178 335 94
1306 7 84 246 34.78
49 56 264 96
1307 5 6 189 51.42
144 28 26 33
1308 42 83 175 212.12
561 236 149 154
1309 35 44 221 172.02
283 256 814 952
1310 41 77 288 196.56
458 476 183 147
1311 4 1 164 383.34
1081 190 190 206
1312 148 21 233 113.64
199 164 462 627
1313 31 17 194 37.04
48 245 59 49
1314 77 8 165 173.95
296 274 762 902
1315 21 9 167 102.88
125 767 104 113
1316 82 18 287 180.70
503 107 112 92
1317 14 53 240 215.56
353 590 1045 358
1318 101 41 285 259.51
734 125 130 117
1319 69 81 256 125.40
212 210 616 499
1320 57 36 262 77.14
112 121 617 113
1321 28 26 205 188.47
276 467 1232 280
1322 5 96 235 538.02
1414 738 253 347
1323 39 9 207 52.22
87 64 367 75
1324 28 3 56 330.53
480 825 1730 1391
1325 13 0 153 531.50
1338 951 322 357
1326 24 68 274 26.40
44 39 50 289
1327 27 12 231 267.87
536 1072 229 205
1328 18 143 218 298.06
523 1065 884 381
1329 47 34 250 241.58
670 159 141 127
1330 15 0 198 136.44
225 287 327 1133
1331 2 32 145 121.36
191 267 735 212
1332 20 209 288 212.12
373 350 775 1192
1333 33 156 287 139.29
389 69 87 92
1334 14 12 287 409.01
1110 348 273 251
1335 49 130 272 47.54
77 78 238 232
1336 66 18 130 30.66
51 70 52 275
1337 38 137 249 219.27
334 325 1197 1273
1338 52 41 268 383.53
886 995 278 353
1339 98 16 247 48.74
62 292 134 59
1340 65 141 284 489.42
1317 501 312 233
1341 75 44 288 8.33
24 3 3 3
1342 42 21 255 140.18
243 687 171 152
1343 25 258 288 145.41
246 249 348 1292
1344 5 9 279 83.49
115 541 111 93
1345 13 0 157 266.95
428 392 1291 1594
1346 81 50 213 317.97
901 154 132 172
1347 43 134 214 43.13
67 59 327 64
1348 38 19 66 311.71
744 726 198 256
1349 54 27 262 142.04
185 881 293 217
1350 28 29 146 97.78
146 111 804 170
1351 15 63 288 90.10
118 612 107 127
1352 19 63 217 118.93
194 172 822 178
1353 38 24 128 271.94
734 261 172 153
1354 11 15 288 538.35
931 1719 1475 1736
1355 56 45 287 217.60
616 111 90 110
1356 45 72 267 10.21
17 17 17 111
1357 17 129 187 46.17
81 83 71 437
1358 226 21 287 122.23
339 77 75 67
1359 21 48 248 120.89
201 156 761 333
1360 68 22 155 463.07
1135 931 317 361
1361 18 200 268 121.31
207 158 599 585
1362 56 87 257 172.42
297 242 602 1239
1363 2 54 63 40.43
54 262 58 60
1364 59 98 283 40.08
68 69 85 374
1365 151 29 274 139.22
229 233 701 609
1366 26 14 257 420.12
1087 628 252 247
1367 40 30 284 469.77
1044 1214 659 387
1368 3 0 40 94.60
267 43 52 49
1369 18 245 287 56.83
98 99 84 578
1370 4 54 144 484.03
1257 684 325 269
1371 50 118 258 11.93
19 22 76 23
1372 18 143 252 66.90
103 103 509 74
1373 84 56 275 56.10
93 117 104 523
1374 45 108 277 831.84
1872 1849 1525 544
1375 4 0 135 11.11
16 16 93 14
1376 189 1 224 225.23
355 333 1328 946
1377 168 19 288 25.91
73 12 15 13
1378 45 148 276 51.42
96 85 96 394
1379 17 0 212 397.27
1130 185 165 177
1380 38 65 272 296.44
467 1198 1048 369
1381 174 26 245 51.89
95 88 91 429
1382 89 4 119 179.79
288 308 842 1000
1383 138 22 216 340.54
591 1396 835 339
1384 63 27 148 280.83
788 158 154 120
1385 78 14 287 71.80
123 123 108 744
1386 77 15 260 365.03
586 1074 1497 1092
1387 244 17 286 19.11
35 33 26 171
1388 42 30 141 11.15
14 15 108 17
1389 8 40 164 335.10
702 1162 321 284
1390 41 13 191 483.66
1220 865 278 322
1391 22 109 229 296.44
393 975 1627 916
1392 10 31 75 57.42
72 407 70 71
1393 127 11 234 25.39
70 17 15 18
1394 13 0 66 86.86
245 44 42 45
1395 35 62 189 1.76
3 3 3 18
1396 17 45 276 50.92
143 30 24 24
1397 6 204 288 321.36
808 567 216 211
1398 15 0 49 66.88
108 102 125 774
1399 111 2 286 543.01
1372 941 327 390
1400 64 91 244 27.46
38 32 251 37
1401 17 3 112 746.11
1629 1599 1756 591
1402 14 133 287 101.33
127 568 343 138
1403 33 4 206 632.43
1431 1507 921 478
1404 10 7 231 288.46
807 145 171 183
1405 2 187 228 203.95
570 110 119 119
1406 88 2 244 13.30
23 25 23 122
1407 110 59 271 76.67
140 126 154 612
1408 22 151 223 247.14
606 508 168 158
1409 48 7 114 62.83
109 101 103 635
1410 172 3 271 5.37
8 10 39 8
1411 16 20 244 86.10
137 126 392 579
1412 24 2 258 88.43
165 142 140 742
1413 39 105 288 47.79
77 81 211 288
1414 98 36 288 14.68
41 9 8 7
1415 45 5 218 100.72
173 177 149 1029
1416 58 71 280 23.32
45 35 41 174
1417 112 38 232 31.93
46 55 251 46
1418 13 1 253 75.09
118 177 451 106
1419 23 56 251 408.97
1159 200 193 167
1420 2 16 183 72.06
97 439 148 91
1421 16 5 238 48.26
135 28 25 27
1422 16 81 288 511.14
1322 722 369 309
1423 58 117 283 412.29
972 1020 270 312
1424 32 14 214 18.85
34 27 28 188
1425 10 19 288 592.00
1460 1240 335 327
1426 7 0 187 768.28
1635 1681 1818 1079
1427 19 3 85 887.35
1953 2075 1528 1085
1428 22 71 277 192.78
271 384 1419 408
1429 6 101 226 375.08
786 1216 456 375
1430 93 73 288 12.35
22 20 21 115
1431 11 20 172 40.73
114 20 24 27
1432 46 18 287 34.38
56 60 145 207
1433 16 63 192 108.70
270 211 68 70
1434 10 0 199 250.45
616 493 169 202
1435 1 0 281 25.46
34 40 221 44
1436 45 75 246 253.47
714 141 107 138
1437 15 13 234 47.75
61 329 61 66
1438 16 160 285 255.44
350 779 1458 702
1439 8 28 229 95.54
117 679 141 103
1440 102 43 206 115.76
169 166 941 173
1441 3 45 143 300.18
424 1024 1517 714
1442 24 21 259 252.78
718 110 109 142
1443 170 1 276 63.33
116 119 101 508
1444 34 107 287 222.85
479 734 184 194
1445 3 157 282 107.97
162 149 817 239
1446 29 2 33 9.25
15 15 16 106
1447 20 53 171 13.55
23 28 27 116
1448 123 2 215 168.89
225 802 698 225
1449 37 11 87 61.30
175 24 28 27
1450 27 46 288 121.76
149 715 379 185
1451 3 73 186 140.70
394 78 73 83
1452 46 25 239 103.49
155 167 804 119
1453 26 20 106 662.72
1386 1757 1411 665
1454 53 177 254 11.27
18 21 20 124
1455 129 9 189 4.99
9 8 9 44
1456 25 12 155 202.73
330 1048 319 213
1457 33 8 241 72.76
109 110 412 412
1458 46 0 281 408.59
1162 195 174 162
1459 5 135 283 26.21
42 45 42 307
1460 42 21 241 111.12
310 68 60 58
1461 96 8 177 371.86
1052 197 171 141
1462 5 68 283 157.17
232 295 792 962
1463 109 37 285 156.16
367 399 97 107
1464 10 1 268 11.08
31 6 6 7
1465 32 249 287 37.60
107 15 20 15
1466 105 1 271 14.45
24 18 100 24
1467 21 21 189 14.54
26 25 45 89
1468 37 63 267 1.22
2 2 8 2
1469 69 144 287 63.16
82 114 540 114
1470 1 115 178 132.02
287 402 123 140
1471 28 0 151 2.78
8 1 1 1
1472 89 35 176 13.81
17 100 17 15
1473 62 62 287 12.33
22 19 20 119
1474 28 138 288 304.91
764 489 260 274
1475 64 161 288 70.97
130 114 136 582
1476 140 11 191 24.07
39 49 75 180
1477 22 98 288 162.91
209 782 720 211
1478 13 14 287 316.37
892 175 135 161
1479 16 6 273 78.60
113 116 646 118
1480 25 8 88 158.94
180 1200 224 186
1481 12 4 167 32.76
47 48 269 52
1482 52 59 161 102.95
292 44 57 41
1483 18 3 268 11.06
16 15 92 17
1484 32 24 267 178.42
274 289 934 1011
1485 37 41 284 139.66
201 183 1187 198
1486 10 242 273 46.81
87 75 69 408
1487 68 163 253 75.96
213 45 37 37
1488 71 42 287 491.00
1068 1471 562 376
1489 78 41 235 3.25
5 4 26 4
1490 2 0 219 182.77
216 1105 575 278
1491 54 5 150 457.14
1249 407 254 211
1492 62 145 219 433.72
1024 1057 312 300
1493 30 8 158 108.60
175 593 121 144
1494 7 57 167 4.99
8 7 36 7
1495 79 8 88 131.76
193 564 517 171
1496 41 0 166 171.62
476 100 116 97
1497 79 117 270 4.14
7 7 7 43
1498 20 40 254 107.52
171 198 215 1151
1499 71 129 277 244.85
380 641 1226 710
1500 149 52 258 3.69
5 5 33 6
1501 202 11 245 12.73
36 6 6 7
1502 76 170 287 92.67
260 53 44 51
1503 50 193 287 103.75
133 701 144 156
1504 49 1 104 47.51
133 27 26 24
1505 21 44 140 212.31
410 899 207 171
1506 14 3 213 124.27
187 200 944 175
1507 6 204 270 277.12
420 747 1403 849
1508 48 29 284 164.56
245 364 1139 193
1509 18 187 287 121.26
191 232 800 183
1510 59 47 265 172.49
298 288 629 1036
1511 5 94 191 341.12
772 1006 218 234
1512 36 0 234 31.06
88 14 16 14
1513 18 74 186 20.80
30 33 169 27
1514 37 131 240 133.45
371 74 91 73
1515 145 17 288 31.20
57 54 49 268
1516 25 57 185 33.37
47 56 270 52
1517 42 26 276 7.29
12 12 12 82
1518 40 8 202 186.07
310 262 927 927
1519 65 72 253 158.35
228 389 1061 248
1520 40 0 77 1.93
2 16 2 2
1521 4 9 288 458.43
605 1874 1872 1645
1522 40 1 175 22.52
37 42 34 245
1523 51 23 263 164.00
210 1043 361 178
1524 118 0 155 17.25
29 31 26 182
1525 71 183 288 149.92
190 825 518 200
1526 58 26 124 33.16
60 53 62 286
1527 92 91 288 4.82
8 8 7 55
1528 8 0 268 49.94
86 81 210 255
1529 91 92 285 43.11
72 57 295 63
1530 41 50 245 134.77
231 247 378 996
1531 78 192 288 40.17
48 297 44 56
1532 79 163 288 30.07
40 195 43 47
1533 25 0 147 379.32
1068 177 227 182
1534 16 11 172 136.84
179 600 664 181
1535 44 26 231 83.92
143 164 148 776
1536 50 138 284 4.99
9 9 8 43
1537 8 164 182 134.06
208 268 472 1037
1538 109 26 268 13.15
20 20 101 17
1539 112 50 224 470.60
1302 368 221 224
1540 10 117 287 740.87
1760 1315 1127 644
1541 34 55 288 41.49
71 76 75 391
1542 47 9 269 93.63
220 222 81 71
1543 30 100 199 390.02
653 1111 1334 1431
1544 68 136 288 20.94
33 27 158 31
1545 2 15 155 364.61
1045 136 136 184
1546 16 48 156 67.18
92 88 594 115
1547 14 22 132 120.49
178 159 963 225
1548 13 17 230 125.78
199 197 634 700
1549 38 14 268 95.12
146 136 719 152
1550 41 39 278 48.83
81 88 211 255
1551 16 45 95 76.83
104 378 278 119
1552 202 57 273 105.52
303 38 38 52
1553 48 85 252 28.29
32 220 30 34
1554 34 0 266 384.63
1084 201 189 188
1555 2 92 268 603.93
1434 1365 527 439
1556 16 135 200 137.40
249 226 238 1199
1557 7 27 246 413.49
618 1254 1680 1797
1558 95 4 183 111.17
208 497 102 117
1559 73 60 273 85.09
237 49 53 45
1560 38 65 184 561.76
1449 866 358 272
1561 7 11 243 293.05
829 133 142 164
1562 16 49 268 125.78
172 519 624 132
1563 9 35 224 196.92
316 341 776 1369
1564 71 92 276 336.51
954 145 179 151
1565 98 49 231 230.10
344 1076 718 298
1566 58 72 264 19.77
28 125 24 25
1567 15 84 203 118.08
199 140 652 508
1568 11 1 74 374.99
890 923 230 246
1569 17 29 185 10.52
13 76 12 13
1570 46 33 257 175.29
503 67 70 66
1571 106 82 288 76.62
94 565 81 83
1572 9 35 248 66.67
116 95 115 694
1573 62 16 179 49.82
88 81 82 478
1574 8 187 220 155.85
235 260 1020 513
1575 108 19 251 489.24
1358 336 281 208
1576 15 34 287 28.19
50 55 49 235
1577 56 44 257 1.86
2 15 2 2
1578 56 56 230 11.11
20 17 23 95
1579 1 95 288 87.42
154 143 172 786
1580 7 191 275 185.93
291 1084 184 207
1581 10 15 144 167.13
244 241 1225 513
1582 24 85 253 321.78
626 1166 547 318
1583 2 91 288 49.86
93 77 94 398
1584 73 15 222 187.93
535 80 82 92
1585 22 28 283 25.81
45 51 51 212
1586 38 5 89 298.69
455 1417 836 400
1587 32 1 274 188.89
264 993 540 272
1588 34 92 204 144.58
203 705 505 177
1589 2 73 198 21.06
26 32 200 35
1590 31 31 179 67.70
192 28 36 33
1591 92 16 160 27.51
78 11 15 14
1592 8 103 258 143.59
219 299 566 1007
1593 7 231 286 100.74
167 153 199 1086
1594 16 1 147 105.14
299 45 49 49
1595 23 101 253 50.78
59 364 79 82
1596 64 168 288 32.57
58 56 51 302
1597 67 109 287 135.29
231 241 232 1328
1598 28 8 118 184.89
318 243 885 906
1599 88 28 188 35.39
46 251 36 35
1600 76 24 275 11.22
20 18 19 105
1601 13 23 90 6.07
10 13 11 57
1602 9 211 285 230.43
369 484 1172 830
1603 50 60 207 76.50
137 142 129 649
1604 63 135 252 32.47
91 16 20 18
1605 5 4 102 381.76
767 1170 811 353
1606 140 12 230 101.73
133 175 891 154
1607 30 3 228 131.87
207 175 949 283
1608 43 20 201 12.83
19 26 54 93
1609 17 147 278 108.58
179 220 178 1092
1610 6 0 184 87.82
154 151 161 801
1611 44 178 288 459.77
1150 818 333 318
1612 82 174 287 66.41
109 97 125 755
1613 82 1 137 233.09
402 357 1138 930
1614 22 25 149 487.82
1181 1012 389 382
1615 76 73 280 12.80
35 10 8 8
1616 20 160 267 632.88
1518 1205 744 539
1617 91 23 288 5.11
8 9 9 60
1618 56 16 271 707.52
1651 1630 751 560
1619 3 0 254 60.60
173 27 25 22
1620 30 131 244 219.46
510 553 171 185
1621 8 48 261 230.99
413 359 937 1083
1622 12 1 240 122.18
142 911 162 147
1623 80 4 102 273.63
388 1250 1053 340
1624 53 17 254 97.61
275 53 49 41
1625 55 61 129 25.44
43 47 45 248
1626 11 15 171 6.38
11 12 13 55
1627 16 151 241 269.02
762 145 106 117
1628 124 10 268 24.05
38 43 113 135
1629 3 0 215 83.14
126 159 160 972
1630 52 13 287 37.32
64 64 62 374
1631 26 76 252 10.42
14 17 91 14
1632 146 9 286 45.04
76 60 237 196
1633 32 140 288 119.80
158 805 144 176
1634 7 18 288 186.16
312 275 839 1040
1635 1 281 287 110.46
153 292 754 168
1636 148 31 190 11.65
12 96 13 13
1637 13 248 280 589.20
1345 1594 498 430
1638 88 24 212 39.79
112 20 21 21
1639 94 64 232 250.52
413 415 1206 1207
1640 18 24 288 46.59
88 77 77 363
1641 6 11 215 59.49
168 32 25 30
1642 20 2 201 91.02
257 42 50 44
1643 27 130 221 22.99
41 34 42 217
1644 4 49 247 344.79
982 141 157 167
1645 42 211 288 283.07
379 1525 913 322
1646 57 168 269 233.96
592 421 128 135
1647 32 8 252 296.95
602 1125 289 238
1648 36 22 136 114.18
168 175 742 491
1649 18 137 271 56.52
94 78 304 244
1650 30 6 273 178.09
235 532 1164 354
1651 1 14 237 84.41
124 170 404 533
1652 2 43 272 125.94
226 191 246 1123
1653 1 205 288 589.58
1491 1016 373 386
1654 82 56 239 8.26
13 13 59 12
1655 60 11 249 194.26
302 320 1045 977
1656 183 35 285 39.96
70 78 63 358
1657 183 23 238 81.56
96 499 267 91
1658 3 257 287 324.98
911 185 176 149
1659 31 11 128 60.78
172 30 27 31
1660 73 184 288 40.43
115 16 21 18
1661 33 1 202 58.41
100 289 72 71
1662 42 126 268 77.47
130 106 379 396
1663 11 59 287 391.95
1106 201 185 199
1664 41 0 75 73.19
109 94 568 166
1665 82 11 136 116.46
182 187 723 394
1666 152 35 230 43.11
122 21 21 19
1667 34 58 276 126.44
219 237 209 1178
1668 88 30 168 23.84
36 40 75 239
1669 6 38 287 625.09
1398 1306 1231 611
1670 48 17 253 104.51
290 61 66 66
1671 4 123 258 49.75
62 337 79 77
1672 1 92 287 334.02
946 157 156 167
1673 9 182 287 160.61
195 1058 333 255
1674 45 6 244 198.28
273 901 816 269
1675 13 6 106 297.97
478 1399 726 321
1676 47 3 220 555.43
1356 1125 445 354
1677 27 121 275 56.52
89 83 414 79
1678 32 90 288 594.42
1444 1314 357 388
1679 20 80 265 276.06
470 1223 588 306
1680 30 85 170 99.42
134 461 401 164
1681 3 3 203 403.86
1139 207 183 229
1682 74 6 157 3.34
5 5 26 5
1683 41 5 198 19.13
33 28 36 195
1684 40 14 203 108.30
308 46 50 52
1685 36 94 217 6.71
19 3 3 4
1686 10 1 211 50.24
142 22 26 29
1687 18 220 277 43.11
66 66 323 64
1688 55 37 285 544.44
1355 1019 354 401
1689 1 51 258 494.72
1212 959 383 412
1690 10 2 195 222.05
321 583 1232 729
1691 29 59 268 136.04
212 262 375 1277
1692 132 18 161 653.11
1514 1455 814 565
1693 90 1 253 15.84
43 11 13 12
1694 17 46 247 137.62
226 252 357 1214
1695 48 61 165 118.79
148 842 148 154
1696 36 54 214 62.97
92 340 140 88
1697 141 64 279 52.97
85 64 393 83
1698 3 191 239 4.66
9 8 8 32
1699 38 87 288 28.76
48 49 45 313
1700 17 216 268 66.67
109 120 114 719
1701 8 35 287 49.70
72 74 403 76
1702 17 13 280 11.67
20 21 20 113
1703 35 173 260 279.85
438 920 1129 742
1704 107 13 288 264.76
404 386 1416 1605
1705 115 94 288 256.20
723 119 146 116
1706 32 0 143 421.89
1201 178 194 192
1707 21 210 288 3.86
4 31 5 5
1708 188 90 288 113.94
195 159 187 1261
1709 12 42 222 42.83
48 330 55 48
1710 9 51 285 192.59
280 527 1126 431
1711 58 9 144 364.54
1019 207 215 174
1712 60 26 287 61.28
84 84 531 114
1713 46 9 217 387.32
541 1328 1711 1479
1714 58 207 287 64.67
104 89 462 101
1715 51 1 79 53.02
149 26 30 29
1716 152 5 223 61.70
135 191 55 49
1717 43 47 287 51.32
68 356 53 55
1718 48 2 132 15.79
21 101 25 24
1719 56 70 285 127.00
358 72 53 63
1720 54 127 282 79.23
109 106 713 97
1721 95 17 145 18.05
26 32 138 31
1722 39 165 278 34.50
99 12 16 12
1723 66 30 182 164.33
195 1153 297 200
1724 140 7 249 31.79
88 18 23 19
1725 10 134 239 276.55
467 1383 374 317
1726 100 8 197 10.85
15 68 15 17
1727 33 3 221 363.95
658 1291 979 423
1728 5 1 81 216.76
354 376 984 1159
1729 11 87 104 18.78
24 31 169 31
1730 85 26 189 465.23
1293 354 198 210
1731 63 63 287 676.11
1406 1768 1452 839
1732 18 131 244 197.95
320 313 825 1343
1733 7 113 275 83.09
128 144 456 395
1734 121 37 258 120.37
335 75 67 66
1735 36 75 287 344.63
968 176 183 199
1736 12 89 257 272.22
435 1462 395 302
1737 66 1 287 44.76
71 88 95 454
1738 22 7 34 494.86
1364 392 261 235
1739 136 32 267 236.33
529 674 223 169
1740 3 226 269 313.71
872 189 182 192
1741 1 113 258 89.07
161 162 234 577
1742 6 0 191 19.48
25 135 24 25
1743 34 127 260 277.00
410 1331 847 344
1744 23 9 108 71.42
98 424 149 93
1745 25 203 286 95.14
266 56 52 47
1746 19 117 228 56.38
99 95 97 531
1747 41 13 190 167.88
472 90 83 90
1748 20 105 180 74.03
111 437 88 105
1749 12 37 238 28.52
81 13 12 15
1750 111 13 200 3.55
6 17 5 6
1751 61 3 288 29.44
46 64 58 299
1752 26 26 165 544.30
1333 1136 344 372
1753 69 12 192 44.92
79 61 84 452
1754 2 38 224 173.20
215 928 663 240
1755 13 81 288 115.40
136 590 538 154
1756 49 45 204 85.42
111 381 390 153
1757 22 9 158 128.65
287 371 109 118
1758 10 53 155 329.73
933 166 148 156
1759 12 58 193 99.31
283 44 43 40
1760 28 0 232 12.80
23 23 67 19
1761 92 47 213 7.46
12 14 48 11
1762 78 11 288 4.35
8 8 9 31
1763 12 6 119 71.47
104 435 97 82
1764 50 87 179 514.32
1102 1256 1064 532
1765 88 90 272 24.45
38 35 186 30
1766 23 46 246 132.13
221 205 660 586
1767 28 115 262 159.74
221 492 981 256
1768 12 138 286 5.20
10 8 8 41
1769 14 1 204 419.74
656 1363 1591 1382
1770 21 70 164 133.15
374 71 72 65
1771 81 16 207 436.22
773 1348 1486 699
1772 8 97 266 144.75
203 808 347 191
1773 195 12 288 1.13
2 2 2 10
1774 123 22 243 20.85
32 67 105 27
1775 40 0 101 149.10
195 942 272 236
1776 6 126 288 104.46
148 182 832 157
1777 5 6 268 537.26
963 1718 1665 865
1778 8 202 273 11.13
19 21 17 110
1779 39 2 218 190.89
324 272 684 1392
1780 22 31 170 553.53
1341 1205 408 317
1781 50 11 205 483.59
1038 1392 689 464
1782 112 72 250 153.10
185 1021 317 219
1783 9 0 11 75.44
110 101 635 93
1784 9 222 287 165.24
269 230 582 1402
1785 58 67 205 32.50
52 68 71 307
1786 8 0 144 623.28
1323 1526 1343 700
1787 5 3 162 38.50
44 294 44 50
1788 16 23 280 146.39
224 229 1002 394
1789 23 0 239 766.19
1668 1836 1576 547
1790 5 162 281 140.91
223 225 376 1439
1791 3 18 205 13.55
21 24 25 160
1792 7 0 177 129.95
218 228 233 1320
1793 51 218 288 240.97
447 1094 214 272
1794 129 20 207 5.15
9 8 8 53
1795 20 67 287 90.72
126 585 107 122
1796 41 39 240 272.97
413 1414 624 328
1797 2 49 245 26.07
49 44 44 202
1798 17 99 221 516.72
833 1781 1777 1399
1799 79 6 264 68.13
114 122 113 707
1800 26 78 269 398.17
1122 206 208 178
1801 44 55 198 21.04
58 14 13 14
1802 31 153 199 357.05
863 732 301 293
1803 2 58 287 755.27
1668 1485 1798 692
1804 16 14 235 436.45
1112 734 246 285
1805 29 211 275 106.25
173 210 175 1113
1806 149 2 239 104.51
164 199 168 1212
1807 115 102 285 293.07
822 174 142 140
1808 44 84 258 200.17
315 591 1008 307
1809 84 25 174 163.03
233 245 1023 885
1810 14 41 230 3.44
5 6 26 6
1811 19 56 260 21.34
32 28 172 31
1812 73 159 287 15.06
21 23 126 25
1813 90 146 273 34.50
64 61 64 259
1814 19 8 72 50.92
83 86 237 270
1815 98 147 286 5.74
9 8 42 10
1816 7 78 209 87.89
126 149 701 122
1817 56 114 243 34.07
62 61 53 291
1818 2 55 209 74.69
116 105 437 361
1819 12 65 288 140.23
178 415 995 232
1820 39 173 246 169.01
196 1125 438 187
1821 5 61 270 14.07
39 9 8 9
1822 24 41 174 603.04
1492 1158 430 404
1823 84 40 287 490.15
849 1401 1741 1258
1824 8 1 219 862.60
1930 1526 2061 936
1825 119 10 201 78.01
129 136 161 779
1826 26 111 287 9.95
15 18 20 119
1827 18 4 202 547.45
1224 1597 464 409
1828 14 9 111 147.50
414 85 70 77
1829 36 71 239 50.83
86 87 141 413
1830 31 179 275 185.01
235 868 847 274
1831 23 106 278 264.38
340 1221 1177 458
1832 27 147 287 63.96
102 93 387 237
1833 44 47 262 25.39
42 44 52 255
1834 106 26 236 16.47
24 100 22 20
1835 38 62 275 482.65
1034 1440 658 398
1836 6 58 260 39.93
62 59 295 62
1837 27 79 282 27.11
36 183 31 37
1838 29 77 270 1.08
2 2 5 2
1839 6 81 288 345.17
952 204 244 240
1840 19 1 148 530.18
1234 1360 413 348
1841 62 62 236 131.71
192 738 257 181
1842 145 38 251 37.89
64 69 77 353
1843 14 7 272 217.89
620 92 94 115
1844 6 55 288 52.01
81 94 108 578
1845 69 4 287 87.45
126 414 291 128
1846 1 21 139 4.89
14 2 2 2
1847 58 26 287 330.51
505 811 1508 1526
1848 7 67 270 13.32
24 24 26 106
1849 3 0 248 46.69
86 79 82 379
1850 84 125 288 289.05
737 468 187 187
1851 28 27 235 586.00
1106 1795 1592 849
1852 38 39 178 85.40
102 621 109 120
1853 38 0 101 174.16
261 486 1034 221
1854 37 198 288 467.94
1326 210 250 191
1855 31 8 93 56.85
161 26 28 28
1856 43 48 200 99.14
281 43 48 54
1857 75 15 283 276.25
785 129 127 108
1858 47 15 271 85.78
122 317 436 114
1859 132 31 198 28.43
49 55 51 255
1860 67 34 248 239.49
401 356 1130 1235
1861 92 115 288 680.72
1648 1257 830 424
1862 27 12 238 144.98
176 956 315 199
1863 120 99 233 216.54
345 1162 315 256
1864 42 190 288 263.00
402 829 1193 675
1865 20 17 228 235.39
326 604 1491 645
1866 30 126 287 70.08
114 140 167 628
1867 49 51 231 40.85
76 75 90 267
1868 112 98 288 6.12
9 8 50 10
1869 32 78 282 107.47
300 64 62 51
1870 65 201 288 265.42
743 133 156 166
1871 62 1 269 118.93
175 172 861 366
1872 24 4 254 198.52
548 128 128 124
1873 22 8 197 92.93
176 172 129 711
1874 15 74 102 63.96
98 89 378 323
1875 10 9 261 446.55
1206 442 259 248
1876 64 85 201 117.50
197 188 586 499
1877 97 5 190 210.31
596 104 94 93
1878 214 57 284 126.91
355 72 69 69
1879 52 23 110 1.11
2 2 2 9
1880 3 0 258 25.96
46 41 70 196
1881 83 26 237 48.22
68 72 409 63
1882 36 27 212 36.95
59 65 72 405
1883 25 45 155 79.19
124 114 389 509
1884 23 0 57 30.40
44 49 243 43
1885 21 221 268 6.09
16 6 6 5
1886 71 17 172 268.74
358 976 1469 542
1887 55 17 250 331.08
435 1244 1413 1421
1888 57 4 122 132.63
371 73 71 81
1889 6 1 193 47.63
133 28 26 26
1890 96 7 146 150.87
419 93 89 88
1891 49 0 191 264.01
746 127 133 128
1892 6 18 149 0.64
1 1 1 8
1893 8 210 288 449.25
1056 1076 345 389
1894 23 12 232 264.13
350 956 1344 768
1895 90 50 254 6.33
11 9 10 68
1896 27 121 284 3.08
5 6 5 33
1897 83 81 287 202.26
309 298 999 1377
1898 35 83 286 46.34
81 89 80 408
1899 23 3 189 733.19
1699 1667 938 494
1900 48 25 235 431.65
680 1767 1303 916
1901 45 5 109 430.17
1088 728 279 306
1902 35 6 55 189.88
420 554 172 183
1903 36 138 287 124.30
216 205 246 1151
1904 6 14 97 406.45
1079 452 281 248
1905 53 23 252 108.08
308 45 47 52
1906 26 121 275 264.41
429 389 1304 1455
1907 53 6 240 352.14
766 1093 333 295
1908 19 73 238 314.60
526 516 1510 1437
1909 44 227 288 6.78
18 6 6 6
1910 51 1 234 429.65
966 1284 279 324
1911 23 61 246 124.65
194 213 720 502
1912 4 0 69 82.67
115 139 680 126
1913 33 153 287 3.46
9 3 4 4
1914 9 1 117 4.12
7 8 8 37
1915 84 7 231 9.34
11 68 14 11
1916 21 230 283 212.94
366 314 1051 881
1917 6 173 288 273.80
367 926 1547 625
1918 222 7 283 12.33
18 15 106 15
1919 7 110 230 49.44
67 261 164 52
1920 23 40 240 41.18
74 65 75 369
1921 30 60 259 18.92
53 10 11 10
1922 6 49 250 379.48
542 1258 1616 1532
1923 50 49 267 92.29
127 139 808 111
1924 42 62 269 69.73
109 114 491 113
1925 107 109 278 121.19
198 209 798 155
1926 19 81 196 422.87
1062 710 320 332
1927 25 8 101 176.00
499 78 87 85
1928 100 9 238 42.92
62 263 51 65
1929 150 44 279 12.52
22 20 21 122
1930 56 104 224 349.05
926 411 229 178
1931 36 27 224 459.30
945 1417 762 513
1932 93 41 254 440.52
1210 328 264 268
1933 125 35 256 44.05
78 69 88 397
1934 22 135 242 43.11
121 21 24 27
1935 13 202 287 7.72
14 14 12 66
1936 18 34 99 118.48
331 72 64 57
1937 50 72 140 88.62
118 345 483 113
1938 64 6 190 4.31
8 9 7 30
1939 32 37 136 185.72
274 782 736 238
1940 3 174 288 452.60
1277 239 209 220
1941 32 4 118 126.56
354 77 58 75
1942 90 16 235 32.40
58 58 108 175
1943 3 44 261 22.47
62 14 15 15
1944 30 132 276 93.75
173 125 137 913
1945 8 180 219 427.75
1111 615 263 252
1946 67 24 141 72.93
126 129 98 752
1947 124 48 269 372.52
1044 204 206 190
1948 59 22 267 27.23
44 41 85 248
1949 24 5 113 28.64
44 44 54 361
1950 126 23 221 3.18
5 5 23 4
1951 33 38 207 126.56
354 79 62 61
1952 97 10 202 29.56
49 52 47 320
1953 1 0 278 577.53
1311 1233 998 493
1954 11 8 129 66.15
87 387 179 74
1955 9 1 156 224.85
327 366 1360 1159
1956 3 180 288 848.01
1981 1548 1408 842
1957 20 43 207 17.41
25 107 22 25
1958 17 3 206 12.12
34 7 6 6
1959 41 37 226 31.72
41 49 293 41
1960 13 47 262 26.83
41 38 206 40
1961 141 8 234 127.19
353 79 78 70
1962 26 87 272 157.83
250 903 156 186
1963 87 37 286 30.47
46 55 58 370
1964 52 77 278 10.07
12 75 11 13
1965 56 1 205 115.80
174 152 902 225
1966 85 29 271 202.71
570 104 107 108
1967 96 0 134 92.06
169 157 164 747
1968 2 74 230 234.24
319 1041 1025 315
1969 193 18 279 160.91
454 88 70 78
1970 35 203 282 385.27
552 1352 1658 1272
1971 31 53 185 156.00
233 712 526 179
1972 27 3 254 73.00
120 96 496 142
1973 46 158 283 134.96
215 240 362 1281
1974 50 14 288 189.01
312 278 703 1424
1975 90 65 273 109.75
162 179 856 147
1976 18 78 287 256.83
409 1218 607 320
1977 32 40 189 29.96
34 233 34 30
1978 26 96 265 84.97
129 512 94 81
1979 1 0 214 63.80
102 135 105 668
1980 13 238 288 635.75
1572 1298 379 356
1981 160 48 288 388.38
1092 205 199 203
1982 17 24 126 141.43
210 198 1047 382
1983 19 20 175 45.06
56 314 58 73
1984 137 3 229 403.77
1027 597 354 281
1985 44 150 276 36.76
70 56 56 302
1986 11 78 184 118.11
173 181 835 384
1987 66 47 288 195.46
547 104 107 122
1988 46 91 232 476.29
1206 852 261 278
1989 20 1 155 243.37
377 404 1258 1336
1990 17 17 189 173.39
490 86 78 94
1991 77 85 261 17.67
32 29 32 152
1992 111 46 243 33.75
47 52 281 58
1993 30 23 81 17.32
29 30 35 170
1994 22 17 225 235.93
364 340 1494 922
1995 67 5 259 527.59
1378 737 290 337
1996 14 108 287 44.90
59 303 59 55
1997 9 114 287 19.60
26 31 176 24
1998 17 81 148 143.99
241 270 438 1059
1999 48 7 283 63.09
85 405 91 94
