288
0 0.04751
1 0.04751
2 0.04751
3 0.04751
4 0.04751
5 0.04751
6 0.04609
7 0.04609
8 0.04609
9 0.04609
10 0.04609
11 0.04609
12 0.04609
13 0.04609
14 0.04609
15 0.04609
16 0.04609
17 0.04609
18 0.04475
19 0.04475
20 0.04475
21 0.04475
22 0.04475
23 0.04475
24 0.04475
25 0.04475
26 0.04475
27 0.04475
28 0.04475
29 0.04475
30 0.04431
31 0.04431
32 0.04431
33 0.04431
34 0.04431
35 0.04431
36 0.04431
37 0.04431
38 0.04431
39 0.04431
40 0.04431
41 0.04431
42 0.04431
43 0.04431
44 0.04431
45 0.04431
46 0.04431
47 0.04431
48 0.04404
49 0.04404
50 0.04404
51 0.04404
52 0.04404
53 0.04404
54 0.04431
55 0.04431
56 0.04431
57 0.04431
58 0.04431
59 0.04431
60 0.04388
61 0.04388
62 0.04388
63 0.04388
64 0.04388
65 0.04388
66 0.04475
67 0.04475
68 0.04475
69 0.04475
70 0.04475
71 0.04475
72 0.03400
73 0.03400
74 0.03400
75 0.03400
76 0.03400
77 0.03400
78 0.04000
79 0.04000
80 0.04000
81 0.04000
82 0.04000
83 0.04000
84 0.04335
85 0.04335
86 0.04335
87 0.04335
88 0.04335
89 0.04335
90 0.04335
91 0.04335
92 0.04335
93 0.04335
94 0.04335
95 0.04335
96 0.04303
97 0.04303
98 0.04303
99 0.04303
100 0.04303
101 0.04303
102 0.04335
103 0.04335
104 0.04335
105 0.04335
106 0.04335
107 0.04335
108 0.04399
109 0.04399
110 0.04399
111 0.04399
112 0.04399
113 0.04399
114 0.04399
115 0.04399
116 0.04399
117 0.04399
118 0.04399
119 0.04399
120 0.04399
121 0.04399
122 0.04399
123 0.04399
124 0.04399
125 0.04399
126 0.04399
127 0.04399
128 0.04399
129 0.04399
130 0.04399
131 0.04399
132 0.04339
133 0.04339
134 0.04339
135 0.04339
136 0.04339
137 0.04339
138 0.04399
139 0.04399
140 0.04399
141 0.04399
142 0.04399
143 0.04399
144 0.04339
145 0.04339
146 0.04339
147 0.04339
148 0.04339
149 0.04339
150 0.04339
151 0.04339
152 0.04339
153 0.04339
154 0.04339
155 0.04339
156 0.04339
157 0.04339
158 0.04339
159 0.04339
160 0.04339
161 0.04339
162 0.04335
163 0.04335
164 0.04335
165 0.04335
166 0.04335
167 0.04335
168 0.04335
169 0.04335
170 0.04335
171 0.04335
172 0.04335
173 0.04335
174 0.04335
175 0.04335
176 0.04335
177 0.04335
178 0.04335
179 0.04335
180 0.04339
181 0.04339
182 0.04339
183 0.04339
184 0.04339
185 0.04339
186 0.04399
187 0.04399
188 0.04399
189 0.04399
190 0.04399
191 0.04399
192 0.04399
193 0.04399
194 0.04399
195 0.04399
196 0.04399
197 0.04399
198 0.11617
199 0.11617
200 0.11617
201 0.11617
202 0.11617
203 0.11617
204 0.11617
205 0.11617
206 0.11617
207 0.11617
208 0.11617
209 0.11617
210 0.11617
211 0.11617
212 0.11617
213 0.11617
214 0.11617
215 0.11617
216 0.11617
217 0.11617
218 0.11617
219 0.11617
220 0.11617
221 0.11617
222 0.11617
223 0.11617
224 0.11617
225 0.11617
226 0.11617
227 0.11617
228 0.29438
229 0.29438
230 0.29438
231 0.29438
232 0.29438
233 0.29438
234 0.11617
235 0.11617
236 0.11617
237 0.11617
238 0.11617
239 0.11617
240 0.11617
241 0.11617
242 0.11617
243 0.11617
244 0.11617
245 0.11617
246 0.11617
247 0.11617
248 0.11617
249 0.11617
250 0.11617
251 0.11617
252 0.11617
253 0.11617
254 0.11617
255 0.11617
256 0.11617
257 0.11617
258 0.11617
259 0.11617
260 0.11617
261 0.11617
262 0.11617
263 0.11617
264 0.04399
265 0.04399
266 0.04399
267 0.04399
268 0.04399
269 0.04399
270 0.04335
271 0.04335
272 0.04335
273 0.04335
274 0.04335
275 0.04335
276 0.04335
277 0.04335
278 0.04335
279 0.04335
280 0.04335
281 0.04335
282 0.04200
283 0.04200
284 0.04200
285 0.04200
286 0.04200
287 0.04200
