288
0 0.04675
1 0.04675
2 0.04675
3 0.04675
4 0.04675
5 0.04675
6 0.04675
7 0.04675
8 0.04675
9 0.04675
10 0.04675
11 0.04675
12 0.04675
13 0.04675
14 0.04675
15 0.04675
16 0.04675
17 0.04675
18 0.04413
19 0.04413
20 0.04413
21 0.04413
22 0.04413
23 0.04413
24 0.04413
25 0.04413
26 0.04413
27 0.04413
28 0.04413
29 0.04413
30 0.04413
31 0.04413
32 0.04413
33 0.04413
34 0.04413
35 0.04413
36 0.04413
37 0.04413
38 0.04413
39 0.04413
40 0.04413
41 0.04413
42 0.04413
43 0.04413
44 0.04413
45 0.04413
46 0.04413
47 0.04413
48 0.04413
49 0.04413
50 0.04413
51 0.04413
52 0.04413
53 0.04413
54 0.04413
55 0.04413
56 0.04413
57 0.04413
58 0.04413
59 0.04413
60 0.04413
61 0.04413
62 0.04413
63 0.04413
64 0.04413
65 0.04413
66 0.04438
67 0.04438
68 0.04438
69 0.04438
70 0.04438
71 0.04438
72 0.03761
73 0.03761
74 0.03761
75 0.03761
76 0.03761
77 0.03761
78 0.04239
79 0.04239
80 0.04239
81 0.04239
82 0.04239
83 0.04239
84 0.04244
85 0.04244
86 0.04244
87 0.04244
88 0.04244
89 0.04244
90 0.04584
91 0.04584
92 0.04584
93 0.04584
94 0.04584
95 0.04584
96 0.04424
97 0.04424
98 0.04424
99 0.04424
100 0.04424
101 0.04424
102 0.04395
103 0.04395
104 0.04395
105 0.04395
106 0.04395
107 0.04395
108 0.04583
109 0.04583
110 0.04583
111 0.04583
112 0.04583
113 0.04583
114 0.04634
115 0.04634
116 0.04634
117 0.04634
118 0.04634
119 0.04634
120 0.04634
121 0.04634
122 0.04634
123 0.04634
124 0.04634
125 0.04634
126 0.06078
127 0.06078
128 0.06078
129 0.06078
130 0.06078
131 0.06078
132 0.06078
133 0.06078
134 0.06078
135 0.06078
136 0.06078
137 0.06078
138 0.06078
139 0.06078
140 0.06078
141 0.06078
142 0.06078
143 0.06078
144 0.04633
145 0.04633
146 0.04633
147 0.04633
148 0.04633
149 0.04633
150 0.04633
151 0.04633
152 0.04633
153 0.04633
154 0.04633
155 0.04633
156 0.04625
157 0.04625
158 0.04625
159 0.04625
160 0.04625
161 0.04625
162 0.04579
163 0.04579
164 0.04579
165 0.04579
166 0.04579
167 0.04579
168 0.04564
169 0.04564
170 0.04564
171 0.04564
172 0.04564
173 0.04564
174 0.04424
175 0.04424
176 0.04424
177 0.04424
178 0.04424
179 0.04424
180 0.04577
181 0.04577
182 0.04577
183 0.04577
184 0.04577
185 0.04577
186 0.04601
187 0.04601
188 0.04601
189 0.04601
190 0.04601
191 0.04601
192 0.04395
193 0.04395
194 0.04395
195 0.04395
196 0.04395
197 0.04395
198 0.04584
199 0.04584
200 0.04584
201 0.04584
202 0.04584
203 0.04584
204 0.04632
205 0.04632
206 0.04632
207 0.04632
208 0.04632
209 0.04632
210 0.06077
211 0.06077
212 0.06077
213 0.06077
214 0.06077
215 0.06077
216 0.11315
217 0.11315
218 0.11315
219 0.11315
220 0.11315
221 0.11315
222 0.15627
223 0.15627
224 0.15627
225 0.15627
226 0.15627
227 0.15627
228 0.17240
229 0.17240
230 0.17240
231 0.17240
232 0.17240
233 0.17240
234 0.11315
235 0.11315
236 0.11315
237 0.11315
238 0.11315
239 0.11315
240 0.06077
241 0.06077
242 0.06077
243 0.06077
244 0.06077
245 0.06077
246 0.06077
247 0.06077
248 0.06077
249 0.06077
250 0.06077
251 0.06077
252 0.06076
253 0.06076
254 0.06076
255 0.06076
256 0.06076
257 0.06076
258 0.06076
259 0.06076
260 0.06076
261 0.06076
262 0.06076
263 0.06076
264 0.04614
265 0.04614
266 0.04614
267 0.04614
268 0.04614
269 0.04614
270 0.04395
271 0.04395
272 0.04395
273 0.04395
274 0.04395
275 0.04395
276 0.04580
277 0.04580
278 0.04580
279 0.04580
280 0.04580
281 0.04580
282 0.04577
283 0.04577
284 0.04577
285 0.04577
286 0.04577
287 0.04577
