5
3
60
0 170 0.1 0.1
2423 2521 2517
1 150 0.1 0.1
2456 2453 2524
2 170 0.1 0.1
2483 2521 2544
3 150 0.1 0.1
2543 2476 2430
4 190 0.1 0.0
2544 2491 2360
5 120 0.1 0.1
2552 2507 2583
6 120 0.1 0.1
2508 2532 2558
7 170 0.1 0.1
2623 2463 2490
8 120 0.1 0.1
2452 2512 2515
9 130 0.0 0.1
2429 2574 2507
10 150 0.1 0.1
2526 2444 2583
11 120 0.1 0.1
2433 2438 2569
12 130 0.0 0.1
2438 2560 2587
13 120 0.1 0.1
2530 2423 2506
14 190 0.1 0.0
2420 2524 2542
15 190 0.1 0.0
2385 2483 2545
16 190 0.1 0.0
2536 2517 2473
17 170 0.1 0.1
2438 2506 2471
18 130 0.0 0.1
2400 2459 2471
19 120 0.1 0.1
2504 2485 2473
20 190 0.1 0.0
2583 2549 2408
21 130 0.0 0.1
2565 2515 2508
22 150 0.1 0.1
2396 2431 2397
23 130 0.0 0.1
2520 2545 2414
24 150 0.1 0.1
2447 2440 2517
25 170 0.1 0.1
2563 2513 2487
26 190 0.1 0.0
2469 2451 2533
27 150 0.1 0.1
2450 2446 2599
28 170 0.1 0.1
2497 2613 2497
29 190 0.1 0.0
2459 2360 2511
30 130 0.0 0.1
2460 2546 2526
31 190 0.1 0.0
2528 2472 2539
32 130 0.0 0.1
2531 2653 2489
33 190 0.1 0.0
2403 2543 2460
34 190 0.1 0.0
2475 2495 2458
35 170 0.1 0.1
2473 2513 2415
36 150 0.1 0.1
2463 2477 2557
37 120 0.1 0.1
2473 2489 2483
38 130 0.0 0.1
2516 2512 2492
39 130 0.0 0.1
2473 2507 2461
40 170 0.1 0.1
2574 2479 2559
41 130 0.0 0.1
2551 2510 2513
42 190 0.1 0.0
2514 2538 2514
43 190 0.1 0.0
2533 2459 2435
44 170 0.1 0.1
2434 2465 2558
45 130 0.0 0.1
2540 2552 2540
46 130 0.0 0.1
2503 2509 2446
47 130 0.0 0.1
2475 2523 2407
48 120 0.1 0.1
2446 2564 2600
49 170 0.1 0.1
2517 2438 2551
50 130 0.0 0.1
2504 2442 2486
51 120 0.1 0.1
2487 2501 2525
52 130 0.0 0.1
2501 2490 2517
53 190 0.1 0.0
2536 2478 2488
54 190 0.1 0.0
2433 2547 2501
55 130 0.0 0.1
2623 2533 2482
56 190 0.1 0.0
2460 2521 2498
57 130 0.0 0.1
2439 2439 2511
58 120 0.1 0.1
2578 2540 2528
59 190 0.1 0.0
2568 2517 2481
1000
0 8 0 219 55.77
90 403 87
1 119 50 245 176.31
556 118 109
2 24 0 122 83.41
125 657 116
3 42 82 218 158.80
506 88 89
4 10 100 158 102.97
325 70 60
5 7 9 111 506.10
1264 1854 364
6 45 95 185 31.69
101 16 20
7 1 186 287 716.27
1882 2029 756
8 93 138 287 214.99
342 1433 551
9 1 4 272 348.38
799 1501 411
10 2 43 236 12.03
19 92 14
11 2 9 184 611.85
1651 1582 569
12 52 1 287 719.37
1888 2144 615
13 2 1 171 159.26
260 298 1507
14 32 29 256 124.26
396 67 72
15 137 5 265 6.44
12 11 52
16 21 21 109 325.38
893 773 300
17 19 57 288 636.41
1674 1832 615
18 22 0 29 111.64
210 169 922
19 76 14 232 209.50
669 107 121
20 8 8 36 3.71
6 6 37
21 6 18 277 353.31
583 1885 1464
22 69 10 287 152.04
285 284 1182
23 21 5 160 541.65
1586 899 385
24 51 188 286 233.34
568 869 250
25 15 4 42 114.30
194 429 707
26 33 70 222 552.83
1759 327 297
27 118 29 253 516.29
1625 399 261
28 171 32 207 21.06
67 12 12
29 19 43 271 12.68
22 21 115
30 30 64 287 295.27
506 1242 1592
31 20 101 198 212.14
682 100 103
32 59 112 257 190.45
603 132 94
33 63 87 285 7.05
11 52 12
34 110 17 240 225.41
390 559 1773
35 185 3 280 7.51
24 4 4
36 13 19 98 629.02
1726 1532 526
37 9 0 22 434.38
1316 485 354
38 115 26 195 13.00
26 26 87
39 28 3 198 278.81
384 1654 1438
40 84 14 288 31.54
49 57 319
41 19 224 288 675.93
1752 2065 656
42 20 85 286 46.76
82 70 429
43 4 53 252 204.29
343 942 1027
44 193 5 214 6.82
11 49 11
45 55 1 238 122.40
156 1089 175
46 20 12 263 133.62
203 1049 172
47 2 214 262 11.18
35 8 8
48 124 23 287 1.01
2 2 7
49 85 188 288 575.20
1753 639 401
50 81 6 170 759.02
1964 2129 1045
51 17 53 287 52.81
169 29 25
52 19 141 261 51.21
86 85 484
53 34 94 184 24.62
43 55 200
54 49 36 145 68.03
128 106 557
55 67 66 224 252.33
377 1775 678
56 41 39 285 150.21
260 333 1240
57 75 13 156 81.09
201 287 84
58 36 1 95 502.00
1598 302 257
59 68 4 270 280.56
429 1809 932
60 5 60 285 69.12
220 38 41
61 80 62 287 287.69
920 133 178
62 24 27 141 227.35
730 109 114
63 52 5 276 169.45
249 803 1068
64 49 122 286 253.87
431 1544 683
65 7 0 188 57.26
103 104 480
66 19 2 283 99.63
315 66 57
67 103 23 204 209.48
668 112 120
68 71 102 258 28.57
92 14 12
69 4 0 265 294.00
638 1484 275
70 64 61 284 129.74
174 1079 238
71 1 211 279 76.47
135 114 696
72 120 113 280 8.99
13 70 17
73 84 22 282 524.48
1467 1153 430
74 43 1 92 3.04
5 6 28
75 9 169 261 226.86
337 1428 875
76 8 2 144 3.59
6 6 34
77 113 41 213 88.32
134 674 144
78 22 43 172 43.55
65 142 364
79 157 4 241 544.69
1641 745 303
80 122 9 194 34.86
59 50 338
81 59 103 287 127.93
192 253 1308
82 12 62 149 41.52
63 120 363
83 127 6 183 74.59
91 685 103
84 142 49 287 88.79
166 146 723
85 22 45 129 205.76
272 1346 953
86 19 179 288 128.58
410 74 66
87 22 63 180 244.00
418 1016 1332
88 5 1 205 524.62
1475 1146 388
89 10 262 287 119.36
188 209 1199
90 67 48 272 616.51
1840 909 366
91 26 18 119 324.07
581 1789 929
92 81 144 287 233.68
413 785 1469
93 72 196 288 479.58
1335 1069 416
94 123 7 258 70.83
133 111 581
95 56 50 279 696.78
2033 1243 416
96 83 2 118 442.78
1049 1837 394
97 50 120 287 142.91
389 371 107
98 1 0 93 26.59
37 188 89
99 82 30 272 33.51
58 46 319
100 97 7 143 170.13
301 313 1455
101 66 126 287 218.32
501 981 195
102 49 81 288 136.45
219 261 1309
103 45 15 106 98.01
138 817 131
104 32 3 287 65.47
208 35 43
105 3 0 173 141.68
206 293 1476
106 125 7 201 139.38
235 224 1322
107 48 24 246 392.88
1236 288 226
108 87 6 232 41.00
128 31 29
109 28 0 222 14.64
24 28 137
110 134 34 240 96.76
131 836 122
111 126 61 285 125.97
187 202 1373
112 9 44 280 102.82
328 59 52
113 186 79 287 31.50
50 49 323
114 4 21 184 242.90
773 144 129
115 52 15 269 20.36
32 39 200
116 27 19 221 228.87
711 185 169
117 35 0 87 695.85
1977 1417 525
118 106 5 271 328.16
939 649 230
119 57 115 288 168.21
425 558 174
120 84 37 287 72.63
94 636 109
121 70 49 287 24.12
27 233 33
122 53 1 270 513.90
1302 1776 400
123 20 219 285 249.27
400 1070 1502
124 29 2 72 48.59
75 71 520
125 30 80 156 37.58
59 235 125
126 79 1 258 30.91
56 51 264
127 146 36 262 578.79
1702 963 357
128 44 37 288 444.02
1434 188 202
129 56 13 73 343.67
564 1498 1949
130 38 4 240 122.82
213 217 1094
131 18 56 288 275.58
877 161 150
132 12 136 253 93.13
150 128 965
133 70 83 177 73.36
107 609 76
134 187 5 275 23.65
37 35 249
135 57 108 277 6.39
10 13 62
136 71 22 145 519.45
1669 259 238
137 108 0 230 63.30
98 266 415
138 82 41 284 113.60
173 672 473
139 107 51 216 3.95
5 35 6
140 16 3 145 112.44
161 207 1227
141 22 92 133 715.83
1686 2200 1861
142 105 11 264 72.92
118 118 725
143 150 25 288 514.52
1651 265 238
144 32 97 287 163.69
311 1012 184
145 17 7 253 253.24
422 1330 1052
146 17 158 211 93.37
133 755 149
147 119 143 288 95.75
169 282 663
148 62 8 268 34.22
107 22 29
149 59 84 288 552.45
1723 455 348
150 51 171 287 180.25
277 1313 363
151 180 66 267 74.46
129 115 689
152 60 124 288 179.09
574 90 91
153 16 214 271 56.27
84 93 606
154 131 87 287 75.54
234 60 62
155 52 27 285 60.41
110 97 516
156 48 5 81 73.30
121 128 698
157 1 37 277 354.96
1130 209 188
158 15 0 222 806.66
2148 2187 799
159 11 2 72 584.40
1277 1929 2016
160 74 173 288 70.81
92 622 101
161 52 68 260 28.34
34 261 42
162 96 10 270 300.90
686 1339 320
163 38 20 241 47.50
82 81 430
164 177 15 287 191.42
312 372 1794
165 21 220 288 242.90
381 832 1841
166 123 14 257 38.53
63 66 373
167 90 0 256 389.04
1232 236 241
168 38 122 276 340.38
856 1142 361
169 33 147 275 46.44
60 411 64
170 18 161 287 557.54
1647 816 459
171 89 13 232 28.08
39 235 40
172 38 117 173 339.94
657 1777 791
173 32 35 127 46.50
147 32 25
174 26 62 287 794.07
1994 1900 2009
175 11 7 222 152.80
275 226 1357
176 22 83 287 62.88
111 110 548
177 63 82 287 413.32
1319 229 218
178 29 93 288 141.49
443 98 105
179 16 44 147 246.06
790 110 136
180 230 4 264 51.42
161 35 39
181 33 73 270 66.53
108 121 639
182 32 4 254 0.40
1 1 1
183 102 6 286 24.07
76 15 16
184 10 0 281 51.50
88 199 306
185 49 50 234 80.54
254 47 60
186 183 2 287 81.40
117 146 891
187 40 168 288 503.25
1067 1697 1911
188 55 61 136 79.23
252 45 46
189 134 50 222 33.63
51 54 359
190 48 67 276 212.88
678 119 120
191 17 104 287 0.40
1 1 1
192 124 8 226 80.79
149 145 654
193 220 39 277 0.40
1 1 1
194 23 225 287 122.69
197 177 1263
195 65 210 288 201.54
646 102 101
196 29 94 242 40.36
95 165 44
197 3 108 229 600.90
1783 913 389
198 208 8 288 210.91
676 104 110
199 96 32 263 726.46
2047 1552 558
200 120 16 236 109.70
194 205 934
201 32 2 176 36.50
64 56 333
202 213 48 288 3.54
7 6 26
203 81 113 202 173.86
274 1238 345
204 48 121 182 7.95
12 15 82
205 30 197 260 267.06
859 137 110
206 37 2 102 83.37
126 647 123
207 36 112 288 91.78
291 50 63
208 65 97 229 617.80
1824 956 438
209 44 119 287 660.23
1565 2103 1536
210 31 55 287 322.83
503 1432 1981
211 3 23 224 47.90
70 376 81
212 14 0 44 130.42
218 207 1254
213 51 9 259 249.10
396 958 1694
214 42 16 208 142.25
418 240 85
215 67 26 161 98.49
152 196 976
216 74 41 256 50.07
88 81 449
217 2 136 287 299.78
474 1454 1605
218 14 29 243 82.44
125 159 840
219 107 38 287 45.15
73 64 463
220 3 106 212 521.14
1445 1167 484
221 2 39 218 12.60
19 99 17
222 17 16 256 272.65
466 1352 1171
223 92 134 275 202.79
286 1629 360
224 26 44 282 427.12
1350 275 259
225 24 75 201 530.49
1596 702 346
226 36 84 220 154.85
485 113 105
227 21 199 265 356.59
649 1802 1204
228 38 113 220 311.16
985 181 207
229 89 46 259 6.94
12 11 64
230 91 0 253 26.71
47 48 232
231 82 48 250 372.64
948 1217 369
232 20 16 124 392.79
1203 398 290
233 82 1 165 135.67
232 268 1189
234 28 0 70 240.75
335 972 1902
235 37 24 171 238.11
336 1379 1222
236 29 225 287 506.31
954 2206 2011
237 1 33 212 525.74
1378 1471 606
238 15 32 256 144.36
461 78 77
239 87 39 206 87.33
131 685 125
240 69 55 150 42.47
76 173 215
241 200 20 274 56.69
93 97 547
242 48 13 81 71.25
104 569 107
243 71 19 190 57.05
97 118 496
244 27 0 287 259.27
465 958 1452
245 2 71 288 458.37
1317 874 332
246 16 148 282 355.78
546 1908 1747
247 47 0 121 308.90
482 1608 1534
248 60 44 285 154.47
376 567 178
249 3 101 107 32.16
49 50 344
250 110 5 226 232.67
732 167 139
251 2 19 226 66.84
99 332 393
252 24 31 238 45.68
65 375 65
253 101 35 224 530.66
1517 1064 360
254 10 2 122 381.53
1219 196 214
255 199 2 255 43.04
71 252 145
256 16 0 80 21.54
37 81 130
257 16 139 216 10.49
17 77 14
258 170 37 285 68.43
215 49 43
259 30 7 148 461.13
1022 1927 883
260 171 34 288 152.93
487 80 95
261 29 111 213 233.97
744 141 125
262 12 74 243 158.40
340 807 163
263 5 105 262 107.95
343 62 64
264 6 117 287 388.64
728 1935 1211
265 18 18 286 67.98
100 128 719
266 100 61 288 10.78
18 17 104
267 28 14 181 31.67
46 251 52
268 1 25 283 56.82
176 47 44
269 4 41 218 109.95
194 203 943
270 49 18 266 395.13
1260 221 212
271 79 71 203 91.87
133 698 199
272 114 75 287 564.10
1527 1511 412
273 10 0 82 65.85
95 517 120
274 66 32 238 417.25
1319 267 254
275 124 26 153 134.19
422 96 82
276 87 92 279 0.40
1 1 1
277 78 9 266 65.24
105 116 637
278 67 4 217 9.98
32 5 5
279 16 78 283 95.50
153 150 967
280 57 6 228 66.21
119 124 550
281 52 2 204 667.43
1803 1604 789
282 120 8 248 98.09
312 61 49
283 33 11 193 457.76
1138 1581 510
284 11 34 231 333.27
1070 155 175
285 38 18 236 56.63
80 460 92
286 11 3 253 44.04
71 91 410
287 136 61 286 338.46
1030 379 242
288 2 0 29 11.73
20 20 108
289 173 15 285 303.12
953 224 176
290 11 1 263 136.94
388 292 91
291 17 44 155 91.45
286 64 69
292 71 2 89 23.42
40 36 221
293 23 91 288 622.17
1458 2039 1479
294 78 57 242 712.85
1808 2153 1007
295 22 178 285 402.54
1250 344 273
296 65 64 246 69.95
131 105 583
297 11 6 167 3.92
7 6 35
298 86 156 287 251.85
418 978 1575
299 15 126 226 20.19
29 163 31
300 37 4 86 162.17
253 240 1712
301 39 18 76 201.48
630 143 150
302 84 138 277 260.94
429 917 1805
303 147 4 251 61.34
107 93 565
304 20 17 149 118.81
180 913 186
305 47 5 133 430.62
1151 1209 334
306 31 223 288 137.55
212 273 1366
307 50 94 288 282.65
576 1600 266
308 57 4 230 69.31
121 111 629
309 26 145 288 362.73
1116 381 212
310 112 85 287 669.66
1651 1948 1390
311 72 51 254 72.69
110 323 468
312 101 4 158 67.58
104 115 701
313 20 3 41 94.86
132 800 124
314 60 37 185 37.90
64 64 354
315 48 197 288 50.89
85 90 476
316 73 70 258 41.86
61 334 64
317 140 65 288 51.27
101 76 394
318 100 4 276 59.08
187 34 40
319 46 19 234 5.27
10 10 40
320 18 175 273 208.11
332 571 1751
321 1 191 287 170.38
293 269 1583
322 89 114 246 247.84
792 142 116
323 67 11 287 6.94
11 11 71
324 38 178 270 456.72
1437 288 332
325 17 0 232 126.07
204 223 1225
326 51 12 201 28.61
47 96 205
327 102 2 288 58.93
83 487 85
328 148 130 288 123.67
204 225 1165
329 51 74 257 354.75
576 1885 1547
330 32 78 287 386.91
1215 263 269
331 7 87 261 86.09
143 122 856
332 48 29 174 221.10
311 1787 382
333 148 0 267 27.73
50 50 232
334 10 0 149 56.02
83 101 595
335 19 3 156 236.99
376 780 1814
336 43 84 288 26.78
41 53 268
337 111 79 219 49.61
158 25 32
338 72 8 85 82.23
121 625 164
339 4 20 244 21.18
29 174 38
340 53 98 288 354.64
1144 152 168
341 152 0 162 293.83
470 1176 1909
342 107 41 173 95.77
144 171 1005
343 52 4 92 224.82
714 133 130
344 7 0 68 511.50
1525 754 315
345 71 35 218 42.09
63 331 60
346 117 3 185 201.54
634 152 110
347 63 9 135 700.07
1856 2039 539
348 65 1 151 557.24
1665 770 395
349 108 30 283 118.50
176 948 154
350 8 15 280 19.83
36 34 167
351 44 103 287 51.17
59 483 75
352 18 42 223 509.83
1356 1453 410
353 53 4 250 18.53
36 36 133
354 14 20 94 583.89
1655 1203 447
355 22 216 288 99.44
157 147 1037
356 138 96 287 82.90
265 39 51
357 42 120 287 539.75
1655 561 364
358 91 53 275 29.60
52 49 264
359 81 88 287 10.13
18 18 87
360 93 15 250 802.02
2097 1851 1550
361 31 161 275 134.93
242 243 1139
362 8 79 197 12.30
18 99 17
363 2 12 134 56.00
180 26 28
364 184 6 252 153.23
290 924 215
365 31 20 88 61.29
195 35 35
366 96 4 105 201.52
640 115 123
367 27 93 239 8.67
16 15 71
368 85 3 156 29.29
53 56 239
369 75 24 287 366.99
1171 213 180
370 41 59 235 80.47
132 106 824
371 7 249 287 635.50
1643 1661 1067
372 92 139 288 70.92
113 127 699
373 39 49 158 289.19
926 150 146
374 21 198 230 152.55
251 284 1432
375 32 17 287 33.25
60 64 272
376 166 55 262 19.48
35 27 176
377 48 5 254 86.30
161 148 696
378 43 47 135 169.58
543 93 78
379 46 196 284 1.24
2 9 2
380 83 36 208 116.41
198 231 1026
381 134 30 251 71.04
110 115 741
382 11 161 205 632.40
1847 1040 497
383 45 1 206 123.16
394 67 60
384 34 226 287 163.99
251 278 1712
385 3 104 187 242.08
398 915 1578
386 6 29 259 143.08
242 225 1359
387 19 60 141 265.24
381 1549 1295
388 22 136 288 125.75
180 696 676
389 1 53 186 166.20
524 99 122
390 9 3 287 683.25
1731 2120 894
391 62 137 253 77.86
126 370 408
392 58 0 177 39.65
125 27 24
393 56 27 143 438.41
1202 1022 442
394 144 6 153 25.19
40 184 41
395 74 2 267 296.73
949 145 171
396 1 90 286 406.84
830 1712 1263
397 27 0 254 238.85
440 1536 276
398 35 130 277 87.23
142 156 839
399 40 4 288 738.45
1955 2160 574
400 14 135 255 7.79
14 13 67
401 1 0 132 257.31
484 1621 278
402 78 120 287 539.27
1706 382 264
403 66 3 138 327.55
1050 174 151
404 10 2 52 51.50
87 65 514
405 54 1 139 355.85
1071 507 175
406 53 0 252 210.13
328 841 1422
407 41 100 275 50.09
160 26 28
408 13 2 230 38.55
74 53 316
409 2 285 288 99.34
164 142 993
410 71 55 263 20.55
65 14 11
411 20 176 266 187.28
431 814 200
412 54 5 216 71.87
123 138 635
413 56 27 175 85.29
127 658 145
414 82 12 98 92.04
120 812 123
415 23 109 258 191.63
307 636 1438
416 86 39 279 143.71
261 213 1259
417 45 1 48 198.40
631 111 118
418 6 83 159 33.40
59 49 305
419 150 1 262 62.81
98 115 630
420 70 75 288 706.74
1914 1841 588
421 235 16 278 76.89
139 102 696
422 22 165 287 307.57
521 1415 1519
423 178 3 278 103.83
327 63 77
424 7 0 281 405.33
1272 256 317
425 68 97 288 215.66
688 123 110
426 133 94 287 158.44
504 91 90
427 40 67 230 333.73
718 1667 382
428 43 22 138 687.20
1870 1837 439
429 91 186 287 140.82
225 224 1426
430 132 111 287 69.78
226 29 28
431 17 263 288 77.77
244 56 51
432 30 28 240 152.57
269 203 1428
433 15 159 260 97.14
139 784 153
434 12 53 285 774.02
2060 1862 1129
435 77 8 252 91.87
151 144 904
436 70 12 198 10.19
14 85 16
437 15 18 81 51.61
164 30 30
438 24 84 278 185.91
267 1219 708
439 89 69 288 28.61
55 50 218
440 68 66 236 483.73
1454 598 388
441 84 13 174 151.45
484 70 96
442 107 105 287 19.83
33 34 188
443 24 71 147 493.97
1104 1863 1183
444 24 6 286 602.14
1655 1490 449
445 72 6 265 383.53
626 2049 1633
446 5 87 191 141.92
454 76 71
447 35 42 164 403.85
1297 192 203
448 52 48 178 54.18
96 104 456
449 59 161 288 154.24
242 246 1592
450 16 0 67 99.57
137 825 163
451 5 2 200 225.05
368 1386 678
452 62 47 206 27.01
40 216 36
453 124 1 170 3.69
6 5 38
454 74 128 287 31.61
54 52 293
455 42 135 257 36.19
59 63 350
456 67 16 287 100.46
186 153 849
457 232 6 286 69.33
218 44 51
458 4 0 201 189.96
274 1173 824
459 105 36 255 149.18
473 80 104
460 37 110 249 70.45
122 117 640
461 32 73 241 53.34
134 182 53
462 21 47 235 80.16
227 169 57
463 16 0 212 49.56
77 105 478
464 26 39 158 18.25
29 45 162
465 122 74 283 354.07
897 1207 301
466 17 256 288 769.97
1933 1916 1841
467 17 1 248 64.19
93 274 459
468 14 127 288 0.65
1 5 1
469 100 1 277 49.82
73 85 542
470 7 7 218 58.38
92 441 78
471 24 197 248 610.06
1632 1681 511
472 32 35 257 281.96
422 1861 936
473 18 1 143 680.57
1715 2093 983
474 8 176 211 140.19
442 94 87
475 77 19 105 120.90
217 270 941
476 64 1 122 437.59
1314 531 375
477 26 62 123 47.77
85 74 426
478 15 212 287 226.78
353 740 1793
479 145 53 272 3.78
8 7 23
480 55 112 244 122.95
331 325 109
481 27 4 184 220.81
701 137 120
482 81 26 238 89.59
133 278 775
483 14 95 278 624.74
1676 1627 632
484 118 26 228 24.33
38 43 246
485 81 6 137 196.29
622 117 122
486 78 15 102 33.38
107 16 18
487 117 24 195 69.19
119 99 658
488 28 12 178 540.32
1366 1800 542
489 11 36 152 312.82
996 164 195
490 31 32 240 23.13
74 12 12
491 92 10 127 546.42
1434 1581 539
492 42 122 203 706.04
2040 1358 414
493 62 62 175 765.62
1815 2242 2075
494 125 13 155 642.02
1627 1636 1371
495 160 34 262 104.44
332 66 52
496 51 30 147 566.65
1750 576 314
497 57 63 249 172.03
413 683 161
498 8 50 257 116.20
195 195 1096
499 109 80 287 61.78
108 104 552
500 77 62 280 715.22
1950 1583 924
501 70 2 89 531.76
1543 960 360
502 30 61 274 425.24
1366 188 233
503 22 4 99 60.30
109 92 528
504 200 82 287 301.24
962 167 154
505 23 88 248 39.33
60 240 152
506 24 68 203 485.40
1416 829 347
507 116 160 287 107.02
342 54 61
508 23 69 287 30.64
50 56 292
509 72 9 99 134.57
223 198 1331
510 5 179 264 160.76
512 81 104
511 110 2 157 398.05
860 1667 912
512 8 81 288 99.40
148 565 472
513 44 221 287 57.14
96 98 535
514 18 191 269 207.94
286 1263 1031
515 27 11 165 51.84
75 415 81
516 14 64 239 81.36
165 452 95
517 24 6 138 115.06
365 67 71
518 38 58 288 226.99
726 120 117
519 48 107 198 79.38
176 378 82
520 25 96 212 69.57
132 111 558
521 159 13 279 55.39
80 443 88
522 50 12 122 351.63
550 1797 1787
523 252 10 269 19.69
31 29 206
524 168 109 288 88.11
276 62 63
525 87 79 251 191.12
540 414 128
526 80 106 287 5.93
11 9 50
527 64 125 287 62.03
195 42 42
528 44 131 266 235.89
744 148 160
529 8 4 55 490.42
1548 325 298
530 67 13 225 516.99
1045 1922 2053
531 76 33 267 276.60
867 187 205
532 177 28 281 24.58
41 79 177
533 16 0 40 92.67
137 178 970
534 18 4 264 42.03
133 24 29
535 23 138 244 322.32
1021 210 176
536 6 0 25 204.33
337 928 1091
537 145 33 288 618.37
1634 1751 589
538 74 2 269 154.05
245 909 572
539 26 73 271 598.83
1688 1257 489
540 96 68 272 123.81
229 226 992
541 36 170 288 501.27
1316 1485 439
542 1 0 176 164.87
525 92 94
543 48 15 218 159.70
253 653 1034
544 163 85 287 47.28
87 65 414
545 98 91 288 129.26
221 198 1219
546 63 28 251 144.64
252 245 1296
547 45 75 243 134.55
235 229 1200
548 83 33 134 587.73
1741 917 365
549 29 256 287 164.96
395 666 145
550 16 239 288 53.28
93 95 469
551 41 104 277 171.75
466 436 154
552 83 9 242 97.90
173 154 878
553 3 0 10 5.38
8 11 55
554 67 140 288 8.40
27 4 4
555 46 143 288 244.57
731 317 203
556 41 0 158 3.90
7 7 33
557 91 37 242 10.66
20 17 87
558 119 2 267 104.40
161 554 516
559 19 21 135 396.42
592 2128 2058
560 95 22 288 331.18
1029 254 264
561 124 0 200 148.77
244 231 1471
562 48 10 167 69.08
121 116 616
563 6 64 214 34.16
49 61 375
564 56 18 287 33.02
104 21 23
565 92 49 285 1.46
3 3 9
566 73 127 279 48.26
74 371 69
567 172 4 240 525.97
1370 1584 498
568 90 9 163 81.78
145 134 722
569 11 57 284 558.59
1306 2182 822
570 30 27 212 115.94
202 167 1083
571 31 136 288 29.33
49 56 268
572 37 139 285 66.99
210 49 44
573 131 7 269 100.03
188 175 792
574 41 113 288 45.83
69 90 468
575 108 87 282 39.29
124 24 27
576 3 8 263 24.75
35 203 37
577 38 14 242 479.32
1183 1789 394
578 230 1 277 71.59
126 117 639
579 1 9 194 603.85
1381 1761 2001
580 39 2 135 129.26
194 670 700
581 150 28 287 47.28
81 215 231
582 21 31 102 162.13
299 278 1332
583 133 32 287 403.85
760 1838 1493
584 1 36 157 156.58
279 235 1405
585 117 47 288 661.73
1962 1050 372
586 12 133 254 27.30
51 44 224
587 2 111 253 233.09
742 131 133
588 57 12 261 29.08
46 72 259
589 84 96 237 26.27
38 201 55
590 66 21 195 538.15
1555 937 462
591 11 138 221 2.53
3 24 3
592 3 89 275 15.99
30 32 121
593 22 14 288 464.95
1023 1838 1100
594 30 220 287 351.88
1103 239 259
595 3 0 224 251.11
789 185 150
596 94 44 288 60.81
197 24 26
597 166 1 261 537.83
1669 494 321
598 31 1 274 308.46
525 1417 1509
599 47 16 271 48.82
79 352 76
600 80 46 274 658.61
1982 878 416
601 64 3 175 71.57
124 130 633
602 58 161 282 595.31
1722 1036 499
603 114 40 288 89.19
154 143 821
604 107 5 288 34.24
54 61 342
605 17 69 226 580.26
1756 711 392
606 29 32 231 106.07
179 511 494
607 46 15 288 562.24
1671 805 419
608 106 54 235 171.90
292 1077 414
609 105 1 210 100.01
152 586 427
610 50 41 243 150.25
248 219 1496
611 23 58 245 343.69
887 1119 257
612 3 0 164 30.11
48 51 301
613 34 0 278 60.39
97 98 605
614 95 32 148 0.40
1 1 1
615 29 8 233 110.69
164 722 392
616 13 91 237 490.17
1159 1797 807
617 145 15 287 364.37
626 1741 1641
618 49 0 131 302.46
965 175 150
619 48 9 256 217.71
343 834 1507
620 1 219 256 85.75
148 118 819
621 1 1 113 149.34
243 250 1463
622 13 166 287 670.93
1700 1962 1056
623 1 0 83 417.86
1029 1506 440
624 25 28 284 162.40
516 101 85
625 27 24 220 748.07
1883 1722 1963
626 16 105 288 642.53
1489 1886 1974
627 17 8 79 69.57
223 37 32
628 101 32 287 453.83
1359 583 367
629 42 57 265 22.91
73 12 14
630 118 53 252 29.71
49 48 289
631 29 78 158 1.05
2 2 8
632 32 8 57 84.86
115 702 153
633 149 59 276 31.27
45 56 342
634 25 110 246 157.17
254 673 937
635 93 28 218 29.92
39 260 46
636 30 0 109 511.84
1232 2062 412
637 118 58 287 143.41
231 269 1378
638 117 1 225 108.73
158 581 599
639 101 174 287 160.55
248 803 864
640 16 144 287 48.80
156 25 27
641 124 12 282 55.81
95 111 491
642 10 6 64 38.32
58 300 52
643 15 85 229 84.12
110 729 130
644 24 86 263 183.80
317 345 1619
645 77 2 251 24.43
46 40 197
646 48 1 111 115.77
181 181 1205
647 102 35 232 22.53
30 112 156
648 1 86 262 694.46
1974 1415 516
649 42 101 200 80.81
144 148 685
650 48 12 243 143.75
235 631 815
651 6 0 183 187.68
257 1467 448
652 31 175 259 484.64
908 2181 1857
653 112 72 264 163.10
517 106 87
654 66 21 287 148.96
207 1028 539
655 62 2 212 116.47
173 902 196
656 10 2 202 619.49
1913 620 359
657 17 0 284 658.69
1783 1776 464
658 3 61 263 21.69
28 192 30
659 105 87 286 46.95
72 71 502
660 1 187 288 173.33
274 707 1129
661 15 48 288 30.34
47 50 315
662 181 23 287 120.94
388 58 63
663 155 29 230 50.89
84 92 480
664 70 29 125 58.09
106 113 465
665 16 48 259 242.79
777 125 127
666 67 7 288 166.05
241 322 1765
667 46 74 240 262.33
831 161 158
668 143 22 287 26.94
48 41 241
669 64 1 169 174.83
274 986 746
670 33 99 224 360.40
892 1325 309
671 137 1 144 237.25
756 134 129
672 9 30 284 79.29
136 126 738
673 27 101 280 21.52
35 38 208
674 10 0 105 51.42
88 85 475
675 39 43 203 160.97
432 443 126
676 7 3 24 498.25
1463 770 411
677 34 215 287 79.57
132 151 735
678 13 30 261 27.41
40 201 68
679 265 1 277 231.23
737 117 145
680 177 20 232 29.48
44 49 317
681 63 28 240 53.23
85 83 542
682 231 33 287 79.40
133 533 151
683 26 8 202 91.64
148 199 837
684 16 115 219 10.55
16 82 15
685 4 0 221 90.90
157 154 824
686 55 12 138 260.79
826 160 158
687 158 27 273 24.16
76 15 18
688 81 5 219 586.83
1270 2060 1926
689 56 2 127 4.07
6 33 5
690 11 1 104 177.91
291 346 1660
691 2 137 212 556.93
1211 1855 1938
692 8 23 278 149.85
479 76 84
693 58 91 287 210.34
322 861 1439
694 53 2 234 305.04
507 1583 1305
695 189 21 251 63.13
116 110 519
696 56 20 276 94.95
144 710 177
697 41 1 156 24.05
43 38 212
698 2 37 159 393.36
924 1637 398
699 15 42 165 94.91
168 398 476
700 65 109 263 429.99
1340 343 295
701 75 52 287 679.14
1658 2217 1162
702 63 25 201 126.09
198 964 156
703 8 6 108 123.18
169 1030 191
704 32 4 205 47.50
80 83 441
705 6 13 287 69.95
220 51 41
706 139 124 284 270.92
858 160 174
707 36 33 275 84.72
145 121 811
708 51 46 248 85.16
268 56 58
709 61 76 276 167.79
261 1268 247
710 160 68 263 310.59
933 384 253
711 86 45 281 14.37
19 123 23
712 3 64 172 433.77
1086 1480 457
713 17 3 89 203.40
306 1626 239
714 50 4 262 34.88
58 57 335
715 55 10 95 111.43
182 257 981
716 3 79 199 294.13
483 1324 1603
717 28 231 288 148.52
230 283 1485
718 15 171 288 0.59
1 4 1
719 26 13 224 202.64
635 142 144
720 68 14 112 11.29
14 101 18
721 171 90 288 52.43
169 25 22
722 21 0 248 74.17
136 135 603
723 126 31 211 226.06
354 780 1709
724 25 66 275 162.59
257 1122 371
725 16 23 266 38.84
52 331 60
726 69 65 195 119.61
199 257 1056
727 106 77 255 86.78
276 47 54
728 110 90 288 53.19
83 85 552
729 14 18 86 20.57
36 45 168
730 165 5 247 101.09
178 151 923
731 16 150 194 412.84
1290 344 237
732 67 21 262 604.57
1868 627 310
733 169 41 267 77.12
109 623 130
734 34 28 287 20.72
66 12 11
735 13 52 161 43.82
79 69 382
736 33 80 243 50.01
70 412 77
737 18 200 288 662.28
1803 1720 493
738 91 1 142 283.75
897 184 169
739 163 1 173 117.29
376 55 65
740 8 111 259 60.09
119 94 450
741 73 116 287 67.56
99 290 473
742 80 121 230 582.61
1687 1092 359
743 27 115 247 388.97
962 1379 415
744 113 147 285 216.50
314 1493 693
745 30 180 231 240.71
769 134 120
746 112 60 236 337.79
1032 403 176
747 69 26 261 112.78
358 67 66
748 12 111 251 119.21
382 64 55
749 4 138 249 38.40
70 70 315
750 128 63 288 120.90
189 214 1221
751 11 1 76 480.80
1222 1597 444
752 31 169 287 45.17
144 25 25
753 88 175 287 74.95
129 126 684
754 135 92 288 142.49
457 69 74
755 12 3 212 169.75
271 765 978
756 151 17 287 99.21
309 76 74
757 201 5 246 46.04
86 82 366
758 61 53 226 1.33
3 3 6
759 13 46 152 220.18
567 707 188
760 50 186 278 532.26
1567 854 363
761 50 0 118 676.10
1671 1945 1407
762 31 40 282 271.34
446 1046 1739
763 150 17 244 275.25
680 1029 219
764 142 15 212 107.69
343 56 67
765 4 59 288 186.75
285 1159 692
766 46 6 200 120.12
377 83 83
767 1 0 189 32.56
105 13 17
768 7 1 173 91.02
157 606 149
769 96 114 256 238.28
745 177 166
770 22 28 217 12.32
19 90 24
771 73 151 288 479.55
1335 1076 405
772 42 59 287 4.03
8 7 29
773 32 17 232 143.77
221 256 1476
774 2 63 288 37.81
56 60 414
775 103 17 287 51.27
91 94 437
776 58 56 288 249.15
434 1440 706
777 51 2 278 633.56
1607 1643 1300
778 9 20 197 21.31
33 164 28
779 30 68 270 75.81
127 115 735
780 30 6 115 71.19
106 566 96
781 22 82 207 343.21
618 1554 1476
782 68 26 193 44.90
77 84 399
783 99 90 288 387.60
903 1630 419
784 87 22 287 42.24
70 78 394
785 23 140 249 60.54
93 97 638
786 82 12 109 529.41
1490 1113 446
787 53 5 59 872.35
2197 2178 2026
788 12 0 166 63.24
96 479 108
789 8 68 286 262.44
821 186 193
790 85 23 227 337.38
1071 204 192
791 188 4 215 445.63
1409 272 289
792 42 7 288 150.10
244 268 1447
793 52 15 221 34.37
54 67 336
794 74 13 146 160.99
273 356 1370
795 40 5 119 15.38
26 27 142
796 126 3 259 11.69
37 8 6
797 58 175 287 99.06
313 65 59
798 11 12 279 7.64
11 60 14
799 158 20 278 120.69
379 74 96
800 35 32 288 183.91
582 124 98
801 30 11 143 43.47
72 82 403
802 60 84 288 178.59
298 882 823
803 111 100 252 405.18
1304 187 193
804 84 57 235 493.35
1393 1030 395
805 33 2 54 71.21
108 541 120
806 144 78 264 122.29
204 218 1143
807 23 258 287 47.35
148 38 29
808 82 6 232 156.22
498 94 75
809 17 85 288 38.11
60 70 378
810 44 73 235 399.99
638 2045 1945
811 7 177 287 266.85
838 179 189
812 46 15 77 631.62
1749 1525 437
813 28 33 230 420.71
1336 239 259
814 12 63 204 370.47
846 1674 346
815 91 48 283 93.58
177 145 761
816 4 155 275 77.20
129 119 748
817 10 22 265 179.35
302 696 1092
818 59 121 287 305.67
543 1349 1419
819 67 37 197 2.47
3 23 3
820 14 0 242 175.80
559 98 106
821 195 8 280 442.10
1406 275 222
822 15 102 273 110.10
352 56 61
823 46 54 288 62.50
111 116 530
824 112 5 212 24.94
44 44 217
825 12 20 217 412.88
1175 826 320
826 174 28 288 163.02
271 308 1504
827 24 0 50 72.01
128 105 653
828 29 88 201 593.09
1616 1507 482
829 74 101 288 9.16
29 6 5
830 136 2 267 1.24
2 9 2
831 41 42 287 19.39
33 31 182
832 17 3 154 335.34
604 1915 846
833 67 200 288 616.56
1771 1173 454
834 41 57 274 77.41
135 123 705
835 28 35 213 290.42
909 204 213
836 3 0 72 135.10
429 77 83
837 69 149 287 279.32
642 1200 325
838 14 107 288 0.40
1 1 1
839 103 3 275 127.93
223 197 1175
840 78 94 273 119.87
180 235 1228
841 141 38 262 68.49
104 476 181
842 198 7 266 76.70
246 37 40
843 10 61 249 11.06
34 10 9
844 15 4 253 63.28
85 497 159
845 8 87 217 68.43
118 113 626
846 13 3 68 489.85
1540 360 288
847 58 37 216 201.48
292 1651 254
848 16 4 193 520.80
1644 389 250
849 63 40 287 26.06
83 15 14
850 17 96 274 131.45
417 74 85
851 153 46 281 102.69
171 215 914
852 2 0 20 152.68
255 250 1458
853 32 169 287 236.78
354 1512 865
854 47 17 247 165.49
269 1045 471
855 48 1 162 739.29
2007 1764 824
856 135 0 204 43.87
71 91 406
857 142 23 248 9.60
14 77 14
858 21 2 132 41.00
69 69 385
859 9 263 287 397.05
1277 178 203
860 40 10 88 80.73
121 144 850
861 129 113 285 330.57
1055 175 186
862 27 98 250 684.90
1765 2042 812
863 87 1 273 534.06
1714 279 239
864 81 6 256 546.04
1626 773 398
865 43 0 192 65.54
107 108 642
866 33 45 246 172.91
555 87 82
867 41 8 154 1.33
3 3 6
868 1 0 274 627.15
1664 1581 842
869 130 7 288 71.95
118 132 681
870 41 3 84 20.80
36 46 172
871 22 199 288 79.50
129 110 816
872 30 7 219 281.85
885 216 160
873 100 161 287 27.26
43 48 273
874 34 21 287 0.40
1 1 1
875 30 199 278 217.73
296 1391 1001
876 91 24 133 67.98
126 118 552
877 86 97 252 46.57
71 79 488
878 19 3 76 117.95
167 978 159
879 16 23 287 753.24
2133 1625 481
880 67 170 288 120.52
382 70 77
881 14 16 139 3.14
6 5 25
882 128 24 224 64.94
100 502 86
883 45 81 288 628.22
1754 1374 548
884 4 34 71 504.18
1207 1729 905
885 7 0 281 108.49
178 264 929
886 68 7 286 2.87
4 24 4
887 112 49 276 167.00
257 597 1263
888 9 0 115 53.00
80 414 75
889 53 34 268 377.39
709 1628 1538
890 23 8 160 34.33
58 53 328
891 1 0 15 12.45
23 22 101
892 59 49 240 149.98
478 78 91
893 36 99 287 176.39
567 88 79
894 81 15 285 185.17
281 1004 915
895 78 12 287 469.28
1424 529 359
896 59 37 169 188.59
267 998 1103
897 35 97 288 108.24
338 82 76
898 41 15 207 47.28
76 347 68
899 21 49 273 0.40
1 1 1
900 60 61 288 161.77
294 259 1387
901 3 116 281 614.19
1473 1793 1554
902 25 0 43 250.98
798 151 135
903 50 205 288 21.31
32 166 32
904 6 9 135 582.65
1551 1602 547
905 64 0 207 214.04
322 832 1570
906 7 147 288 81.34
148 139 683
907 137 77 288 133.71
238 199 1204
908 35 1 127 749.08
1888 2188 1253
909 27 199 288 146.31
371 492 132
910 20 135 270 62.24
198 32 41
911 96 42 245 403.13
1297 190 189
912 92 45 287 159.41
215 1383 198
913 14 57 287 132.02
421 65 84
914 21 1 147 127.23
400 92 77
915 2 111 276 494.35
1073 1975 1241
916 129 0 143 86.51
271 64 57
917 224 4 287 43.85
68 66 464
918 239 18 286 39.10
71 71 323
919 132 37 276 51.57
96 78 433
920 146 130 283 484.34
1025 1945 1385
921 7 107 262 48.17
78 95 453
922 102 76 288 85.71
141 132 846
923 146 3 257 16.20
50 14 13
924 47 56 231 24.22
40 34 243
925 108 56 287 357.47
606 1460 2039
926 127 8 174 639.98
1909 959 364
927 46 220 288 849.58
2125 2171 2001
928 18 4 211 8.63
15 17 74
929 34 95 287 147.32
252 838 470
930 89 173 287 94.15
153 128 968
931 31 81 275 125.56
217 589 573
932 12 0 215 175.25
248 1156 683
933 81 57 181 45.68
80 71 416
934 138 56 287 78.17
249 47 39
935 78 65 288 261.87
455 1443 856
936 9 1 194 25.89
40 195 41
937 157 8 287 10.74
17 19 107
938 52 95 280 146.18
238 238 1441
939 55 0 148 188.80
295 468 1707
940 21 33 197 34.41
47 231 140
941 103 56 230 115.16
362 74 84
942 59 34 287 43.76
138 26 32
943 21 5 39 448.62
1207 1176 418
944 87 57 248 344.16
501 1875 1836
945 150 40 251 29.65
45 87 257
946 14 11 261 52.12
166 30 28
947 22 47 165 496.03
1273 1595 451
948 30 155 288 388.34
1199 353 280
949 16 215 262 4.14
8 8 30
950 101 5 106 5.38
9 11 48
951 23 16 212 542.22
1633 680 398
952 44 9 91 165.74
266 463 1371
953 96 121 288 767.97
1886 2249 1623
954 27 58 117 135.90
228 935 222
955 106 35 288 195.45
300 1159 793
956 54 11 263 482.13
1155 1876 526
957 20 5 284 348.23
1097 232 225
958 94 118 226 674.83
1616 1865 1882
959 7 54 107 543.53
1726 330 303
960 93 164 288 12.91
24 20 108
961 67 160 288 51.27
67 450 71
962 2 67 210 159.77
510 88 84
963 141 41 239 237.50
314 1570 1075
964 51 34 108 16.56
31 23 141
965 21 4 287 100.27
179 668 121
966 72 105 288 194.98
331 1389 220
967 186 33 287 162.64
248 294 1677
968 116 13 283 618.31
1611 1616 951
969 152 104 266 108.62
226 580 122
970 31 22 287 671.90
1487 2112 2345
971 46 87 265 329.07
603 1538 1270
972 10 199 265 401.59
1079 1057 378
973 213 27 286 542.37
1493 1313 432
974 31 162 287 346.37
538 1666 1943
975 44 4 197 32.39
105 13 13
976 29 138 227 634.60
1481 2094 1530
977 90 24 287 606.32
1856 658 389
978 206 31 287 193.23
614 106 122
979 14 152 288 14.71
23 55 105
980 59 69 204 75.62
122 138 731
981 65 4 239 84.61
144 166 748
982 97 8 202 80.33
147 509 111
983 130 78 241 10.91
35 5 6
984 44 29 173 70.47
118 310 379
985 34 111 202 627.57
1558 2013 946
986 75 169 287 602.46
1568 1751 674
987 134 81 275 66.51
106 118 657
988 12 23 288 108.39
180 225 971
989 27 3 182 226.44
725 118 114
990 48 82 288 413.91
1311 249 258
991 78 38 218 541.36
1561 967 451
992 15 1 223 689.69
1964 1355 563
993 105 179 287 433.37
1382 247 225
994 14 10 287 25.07
80 14 13
995 44 15 260 3.19
4 29 4
996 39 31 288 677.17
1820 1710 742
997 182 0 271 744.23
2076 1684 578
998 52 38 232 699.67
1887 1806 662
999 100 69 288 126.56
192 830 410
