288
0 0.04410
1 0.04410
2 0.04410
3 0.04410
4 0.04410
5 0.04410
6 0.04361
7 0.04361
8 0.04361
9 0.04361
10 0.04361
11 0.04361
12 0.04263
13 0.04263
14 0.04263
15 0.04263
16 0.04263
17 0.04263
18 0.04259
19 0.04259
20 0.04259
21 0.04259
22 0.04259
23 0.04259
24 0.04259
25 0.04259
26 0.04259
27 0.04259
28 0.04259
29 0.04259
30 0.04259
31 0.04259
32 0.04259
33 0.04259
34 0.04259
35 0.04259
36 0.04259
37 0.04259
38 0.04259
39 0.04259
40 0.04259
41 0.04259
42 0.04259
43 0.04259
44 0.04259
45 0.04259
46 0.04259
47 0.04259
48 0.04259
49 0.04259
50 0.04259
51 0.04259
52 0.04259
53 0.04259
54 0.04259
55 0.04259
56 0.04259
57 0.04259
58 0.04259
59 0.04259
60 0.04259
61 0.04259
62 0.04259
63 0.04259
64 0.04259
65 0.04259
66 0.04259
67 0.04259
68 0.04259
69 0.04259
70 0.04259
71 0.04259
72 0.05285
73 0.05285
74 0.05285
75 0.05285
76 0.05285
77 0.05285
78 0.05316
79 0.05316
80 0.05316
81 0.05316
82 0.05316
83 0.05316
84 0.05771
85 0.05771
86 0.05771
87 0.05771
88 0.05771
89 0.05771
90 0.06020
91 0.06020
92 0.06020
93 0.06020
94 0.06020
95 0.06020
96 0.06020
97 0.06020
98 0.06020
99 0.06020
100 0.06020
101 0.06020
102 0.06020
103 0.06020
104 0.06020
105 0.06020
106 0.06020
107 0.06020
108 0.06020
109 0.06020
110 0.06020
111 0.06020
112 0.06020
113 0.06020
114 0.06020
115 0.06020
116 0.06020
117 0.06020
118 0.06020
119 0.06020
120 0.06020
121 0.06020
122 0.06020
123 0.06020
124 0.06020
125 0.06020
126 0.05826
127 0.05826
128 0.05826
129 0.05826
130 0.05826
131 0.05826
132 0.05723
133 0.05723
134 0.05723
135 0.05723
136 0.05723
137 0.05723
138 0.05704
139 0.05704
140 0.05704
141 0.05704
142 0.05704
143 0.05704
144 0.05618
145 0.05618
146 0.05618
147 0.05618
148 0.05618
149 0.05618
150 0.05518
151 0.05518
152 0.05518
153 0.05518
154 0.05518
155 0.05518
156 0.05432
157 0.05432
158 0.05432
159 0.05432
160 0.05432
161 0.05432
162 0.05221
163 0.05221
164 0.05221
165 0.05221
166 0.05221
167 0.05221
168 0.05216
169 0.05216
170 0.05216
171 0.05216
172 0.05216
173 0.05216
174 0.05216
175 0.05216
176 0.05216
177 0.05216
178 0.05216
179 0.05216
180 0.05216
181 0.05216
182 0.05216
183 0.05216
184 0.05216
185 0.05216
186 0.05216
187 0.05216
188 0.05216
189 0.05216
190 0.05216
191 0.05216
192 0.05216
193 0.05216
194 0.05216
195 0.05216
196 0.05216
197 0.05216
198 0.05316
199 0.05316
200 0.05316
201 0.05316
202 0.05316
203 0.05316
204 0.05419
205 0.05419
206 0.05419
207 0.05419
208 0.05419
209 0.05419
210 0.05449
211 0.05449
212 0.05449
213 0.05449
214 0.05449
215 0.05449
216 0.05825
217 0.05825
218 0.05825
219 0.05825
220 0.05825
221 0.05825
222 0.06020
223 0.06020
224 0.06020
225 0.06020
226 0.06020
227 0.06020
228 0.06020
229 0.06020
230 0.06020
231 0.06020
232 0.06020
233 0.06020
234 0.06020
235 0.06020
236 0.06020
237 0.06020
238 0.06020
239 0.06020
240 0.06020
241 0.06020
242 0.06020
243 0.06020
244 0.06020
245 0.06020
246 0.05784
247 0.05784
248 0.05784
249 0.05784
250 0.05784
251 0.05784
252 0.06020
253 0.06020
254 0.06020
255 0.06020
256 0.06020
257 0.06020
258 0.05681
259 0.05681
260 0.05681
261 0.05681
262 0.05681
263 0.05681
264 0.05321
265 0.05321
266 0.05321
267 0.05321
268 0.05321
269 0.05321
270 0.04803
271 0.04803
272 0.04803
273 0.04803
274 0.04803
275 0.04803
276 0.05122
277 0.05122
278 0.05122
279 0.05122
280 0.05122
281 0.05122
282 0.05404
283 0.05404
284 0.05404
285 0.05404
286 0.05404
287 0.05404
