288
0 0.04431
1 0.04431
2 0.04431
3 0.04431
4 0.04431
5 0.04431
6 0.04431
7 0.04431
8 0.04431
9 0.04431
10 0.04431
11 0.04431
12 0.04431
13 0.04431
14 0.04431
15 0.04431
16 0.04431
17 0.04431
18 0.04430
19 0.04430
20 0.04430
21 0.04430
22 0.04430
23 0.04430
24 0.04395
25 0.04395
26 0.04395
27 0.04395
28 0.04395
29 0.04395
30 0.04395
31 0.04395
32 0.04395
33 0.04395
34 0.04395
35 0.04395
36 0.04395
37 0.04395
38 0.04395
39 0.04395
40 0.04395
41 0.04395
42 0.04465
43 0.04465
44 0.04465
45 0.04465
46 0.04465
47 0.04465
48 0.04431
49 0.04431
50 0.04431
51 0.04431
52 0.04431
53 0.04431
54 0.04502
55 0.04502
56 0.04502
57 0.04502
58 0.04502
59 0.04502
60 0.04502
61 0.04502
62 0.04502
63 0.04502
64 0.04502
65 0.04502
66 0.04624
67 0.04624
68 0.04624
69 0.04624
70 0.04624
71 0.04624
72 0.04600
73 0.04600
74 0.04600
75 0.04600
76 0.04600
77 0.04600
78 0.04604
79 0.04604
80 0.04604
81 0.04604
82 0.04604
83 0.04604
84 0.04740
85 0.04740
86 0.04740
87 0.04740
88 0.04740
89 0.04740
90 0.04804
91 0.04804
92 0.04804
93 0.04804
94 0.04804
95 0.04804
96 0.04804
97 0.04804
98 0.04804
99 0.04804
100 0.04804
101 0.04804
102 0.04804
103 0.04804
104 0.04804
105 0.04804
106 0.04804
107 0.04804
108 0.05528
109 0.05528
110 0.05528
111 0.05528
112 0.05528
113 0.05528
114 0.06461
115 0.06461
116 0.06461
117 0.06461
118 0.06461
119 0.06461
120 0.06572
121 0.06572
122 0.06572
123 0.06572
124 0.06572
125 0.06572
126 0.06222
127 0.06222
128 0.06222
129 0.06222
130 0.06222
131 0.06222
132 0.06842
133 0.06842
134 0.06842
135 0.06842
136 0.06842
137 0.06842
138 0.06696
139 0.06696
140 0.06696
141 0.06696
142 0.06696
143 0.06696
144 0.06836
145 0.06836
146 0.06836
147 0.06836
148 0.06836
149 0.06836
150 0.06836
151 0.06836
152 0.06836
153 0.06836
154 0.06836
155 0.06836
156 0.06556
157 0.06556
158 0.06556
159 0.06556
160 0.06556
161 0.06556
162 0.06084
163 0.06084
164 0.06084
165 0.06084
166 0.06084
167 0.06084
168 0.05970
169 0.05970
170 0.05970
171 0.05970
172 0.05970
173 0.05970
174 0.05970
175 0.05970
176 0.05970
177 0.05970
178 0.05970
179 0.05970
180 0.06485
181 0.06485
182 0.06485
183 0.06485
184 0.06485
185 0.06485
186 0.06738
187 0.06738
188 0.06738
189 0.06738
190 0.06738
191 0.06738
192 0.06836
193 0.06836
194 0.06836
195 0.06836
196 0.06836
197 0.06836
198 0.06836
199 0.06836
200 0.06836
201 0.06836
202 0.06836
203 0.06836
204 0.06837
205 0.06837
206 0.06837
207 0.06837
208 0.06837
209 0.06837
210 0.20084
211 0.20084
212 0.20084
213 0.20084
214 0.20084
215 0.20084
216 0.13460
217 0.13460
218 0.13460
219 0.13460
220 0.13460
221 0.13460
222 0.06837
223 0.06837
224 0.06837
225 0.06837
226 0.06837
227 0.06837
228 0.06836
229 0.06836
230 0.06836
231 0.06836
232 0.06836
233 0.06836
234 0.06836
235 0.06836
236 0.06836
237 0.06836
238 0.06836
239 0.06836
240 0.06836
241 0.06836
242 0.06836
243 0.06836
244 0.06836
245 0.06836
246 0.05557
247 0.05557
248 0.05557
249 0.05557
250 0.05557
251 0.05557
252 0.04774
253 0.04774
254 0.04774
255 0.04774
256 0.04774
257 0.04774
258 0.04740
259 0.04740
260 0.04740
261 0.04740
262 0.04740
263 0.04740
264 0.04713
265 0.04713
266 0.04713
267 0.04713
268 0.04713
269 0.04713
270 0.03445
271 0.03445
272 0.03445
273 0.03445
274 0.03445
275 0.03445
276 0.03600
277 0.03600
278 0.03600
279 0.03600
280 0.03600
281 0.03600
282 0.03600
283 0.03600
284 0.03600
285 0.03600
286 0.03600
287 0.03600
