5
3
5
0 120 0.1 0.1
2544 2510 2528
1 190 0.1 0.0
2506 2576 2532
2 170 0.1 0.1
2566 2519 2601
3 170 0.1 0.1
2595 2444 2454
4 150 0.1 0.1
2570 2512 2472
250
0 13 1 194 27.26
44 206 42
1 103 131 288 111.98
365 59 64
2 75 110 224 7.63
12 59 12
3 76 60 207 86.48
280 54 50
4 67 27 245 176.50
398 843 217
5 54 3 284 92.56
146 612 298
6 29 92 264 34.74
60 62 327
7 37 0 256 264.80
362 1959 930
8 51 44 145 92.98
302 52 56
9 10 81 274 404.87
1308 246 264
10 35 133 264 181.36
283 1102 751
11 21 107 234 66.59
217 38 34
12 51 44 155 74.43
240 47 49
13 39 128 226 96.76
177 245 733
14 191 1 264 150.16
270 255 1358
15 2 257 276 699.99
1839 1907 1191
16 30 37 191 23.12
36 38 250
17 14 68 236 167.51
270 962 717
18 1 0 125 21.73
36 43 209
19 9 60 92 39.66
78 234 62
20 9 126 184 36.48
62 68 346
21 88 1 239 8.91
16 15 81
22 46 107 288 75.83
244 49 52
23 7 85 164 41.88
73 63 407
24 85 43 218 13.36
24 24 119
25 85 68 248 37.08
67 61 336
26 52 95 275 7.32
12 54 12
27 92 3 284 31.10
52 52 310
28 10 220 288 236.22
764 135 161
29 35 7 209 65.12
211 39 39
30 82 161 283 269.58
882 136 140
31 6 147 287 275.66
403 1690 1309
32 8 50 287 421.95
1353 306 272
33 51 2 146 5.67
10 10 52
34 27 248 287 28.46
61 150 36
35 55 57 288 68.66
224 38 35
36 11 8 238 147.84
482 81 79
37 53 35 122 251.30
817 146 138
38 19 0 252 253.24
609 1074 249
39 128 24 287 103.25
192 667 152
40 6 16 117 39.89
130 21 23
41 64 122 288 68.70
118 116 661
42 15 14 147 21.09
35 36 211
43 110 165 288 61.83
99 112 634
44 3 134 261 177.08
502 401 166
45 80 64 178 156.21
250 1198 230
46 41 236 287 76.91
141 135 670
47 17 40 186 54.02
82 426 93
48 25 156 288 75.07
124 192 659
49 3 201 246 146.10
475 83 83
50 30 1 124 401.52
1308 208 240
51 3 251 282 68.74
113 198 574
52 134 28 287 109.29
171 847 175
53 4 12 61 278.68
414 1470 1635
54 25 123 226 172.43
383 848 216
55 11 147 275 748.03
2116 1766 625
56 108 9 260 118.54
206 222 1091
57 39 47 177 675.11
1989 1252 522
58 92 67 239 27.36
42 219 39
59 40 43 198 128.15
411 87 91
60 43 71 194 32.72
59 56 294
61 45 26 211 172.51
464 522 140
62 1 117 287 29.32
52 52 267
63 6 22 133 111.28
331 197 78
64 4 110 257 74.12
139 130 624
65 7 29 151 55.34
179 38 28
66 33 25 116 46.98
154 22 25
67 44 54 206 154.06
268 446 1180
68 67 4 184 39.68
130 19 21
69 88 66 256 61.23
92 499 88
70 14 160 288 127.82
209 701 576
71 4 67 253 68.80
104 559 97
72 14 71 274 28.70
39 254 40
73 15 14 287 563.59
1673 1041 354
74 24 87 287 39.91
63 60 434
75 81 49 269 143.72
467 86 77
76 17 0 208 74.03
103 620 139
77 115 128 279 137.09
224 619 818
78 47 20 146 50.05
91 80 453
79 8 29 161 148.38
224 927 629
80 125 95 281 494.56
1541 529 377
81 7 144 191 53.85
78 454 75
82 4 42 286 31.78
53 57 312
83 1 0 217 159.34
276 233 1571
84 22 186 251 81.23
263 48 51
85 25 213 279 182.68
270 1504 271
86 82 14 270 43.18
91 234 56
87 29 0 240 465.79
1512 286 249
88 70 2 143 91.32
143 596 313
89 31 16 259 190.19
308 421 1811
90 18 31 246 17.47
30 33 163
91 40 229 288 2.87
5 5 27
92 15 67 287 698.42
1860 1825 1129
93 27 0 127 42.83
140 23 21
94 6 37 237 111.07
179 485 705
95 52 30 183 132.93
198 904 472
96 17 1 232 344.55
1118 191 218
97 78 7 175 34.25
111 20 21
98 16 65 226 3.58
5 31 5
99 129 45 286 119.88
185 927 213
100 112 9 242 41.24
74 64 383
101 6 11 207 159.63
270 407 1359
102 74 18 280 535.27
1741 316 281
103 1 7 223 35.59
59 59 359
104 70 52 193 197.91
646 104 107
105 38 39 256 209.61
688 102 99
106 21 82 123 174.50
308 380 1493
107 48 48 285 51.43
88 91 491
108 54 0 230 49.11
91 85 423
109 9 205 284 26.72
40 216 42
110 6 14 213 122.78
194 957 175
111 31 29 182 36.69
57 66 389
112 34 15 257 35.61
57 272 54
113 48 3 165 67.21
216 44 47
114 38 159 254 400.98
1107 1088 314
115 48 118 275 46.47
153 21 21
116 65 208 287 156.11
505 101 88
117 43 0 232 555.56
1658 969 373
118 57 1 92 25.52
41 194 39
119 9 15 201 22.58
39 42 210
120 101 16 227 101.25
297 192 81
121 37 85 210 188.56
269 1316 702
122 32 249 287 90.54
163 158 811
123 105 124 287 130.45
232 308 1068
124 50 31 185 38.20
65 75 356
125 33 228 276 299.13
878 569 233
126 14 120 225 54.47
79 454 83
127 22 31 213 466.20
1518 260 256
128 47 67 264 17.16
33 28 142
129 67 101 257 2.71
5 5 23
130 39 3 286 17.54
25 150 24
131 48 98 212 244.56
795 136 144
132 15 29 120 283.81
475 1302 1584
133 25 2 257 53.60
174 32 30
134 9 86 242 105.09
199 668 146
135 132 5 202 13.81
25 26 120
136 38 126 266 272.68
887 156 150
137 8 37 142 93.43
301 62 59
138 18 174 282 108.69
354 58 63
139 92 60 207 181.36
594 88 95
140 3 145 281 188.33
277 1581 243
141 23 34 153 334.50
552 1647 1753
142 28 28 236 251.07
807 169 168
143 16 26 233 59.99
191 47 43
144 18 0 243 36.27
54 294 58
145 36 97 224 189.98
314 1151 669
146 74 36 277 136.90
192 1170 211
147 13 14 287 132.97
431 80 78
148 72 10 288 213.64
690 127 145
149 1 38 68 260.88
413 1257 1531
150 2 33 154 43.92
145 18 20
151 24 156 196 148.05
427 321 109
152 38 4 146 72.13
108 564 142
153 23 4 115 109.23
320 214 80
154 56 72 266 3.39
11 2 2
155 31 27 279 19.79
27 177 24
156 34 12 61 38.38
60 298 61
157 9 69 251 105.53
155 869 163
158 10 24 288 417.13
1340 315 233
159 35 4 179 195.55
348 388 1710
160 80 6 284 32.47
55 52 322
161 15 71 233 1.63
3 3 14
162 38 70 126 358.90
1160 231 211
163 48 64 180 101.02
327 65 56
164 45 3 158 265.28
868 138 131
165 92 141 288 82.84
268 48 55
166 105 4 157 5.19
9 9 49
167 1 32 196 92.52
160 248 745
168 88 1 196 14.77
28 28 119
169 125 21 277 141.99
462 80 79
170 15 228 287 97.11
140 812 150
171 34 0 237 89.25
127 730 174
172 12 43 266 75.23
126 146 718
173 28 164 285 85.84
147 139 838
174 1 101 283 135.00
441 70 72
175 34 36 258 21.65
39 33 201
176 2 50 138 298.80
970 169 181
177 72 12 258 112.75
188 496 666
178 15 62 254 605.32
1793 1109 421
179 41 11 251 168.54
297 518 1219
180 6 14 248 13.81
24 26 127
181 30 22 224 59.56
104 104 556
182 48 13 232 73.48
236 49 51
183 9 39 272 188.99
457 785 193
184 34 134 276 67.23
100 559 87
185 22 14 271 120.77
175 1002 192
186 31 2 256 374.43
1214 214 234
187 10 237 287 28.21
44 220 44
188 1 126 282 202.00
583 442 140
189 4 97 274 675.63
1817 1941 705
190 34 11 252 114.44
341 200 80
191 71 42 262 30.40
64 170 32
192 83 36 246 8.79
16 15 78
193 38 24 172 3.39
11 2 2
194 31 155 248 193.27
629 102 117
195 13 0 160 120.05
180 981 171
196 58 8 246 265.14
636 1117 283
197 3 63 207 213.44
350 1625 273
198 40 30 254 50.67
69 442 79
199 5 53 288 30.75
52 59 291
200 28 32 239 51.49
87 90 501
201 37 35 189 150.82
489 91 87
202 36 139 218 36.19
53 304 48
203 75 6 146 58.28
107 102 507
204 21 12 146 162.79
482 302 109
205 5 81 280 6.99
13 12 60
206 36 85 280 22.04
37 38 217
207 9 5 66 115.10
176 906 192
208 14 122 242 54.12
86 89 573
209 18 122 261 20.35
34 36 200
210 3 122 201 1.59
3 3 13
211 10 250 288 471.91
1154 1870 527
212 61 22 231 338.86
1102 200 179
213 18 226 276 98.27
149 792 145
214 5 41 268 177.04
464 585 155
215 8 74 272 132.62
428 83 86
216 40 58 229 34.54
112 20 21
217 31 0 47 334.87
515 1723 1907
218 5 96 273 679.45
1749 2066 1086
219 60 41 244 38.92
125 28 24
220 8 7 53 473.63
1541 253 285
221 2 263 270 6.64
13 11 53
222 13 254 287 120.36
394 60 62
223 45 53 256 142.26
462 81 84
224 89 133 251 52.69
89 90 516
225 54 86 285 88.90
151 159 854
226 11 1 48 240.30
776 156 144
227 13 209 288 454.19
1403 555 328
228 105 146 288 37.68
65 68 354
229 15 51 288 1.84
3 3 19
230 41 72 145 38.44
125 23 20
231 47 133 261 109.81
357 62 63
232 75 153 282 41.30
68 71 416
233 49 8 178 88.74
288 51 53
234 6 119 288 146.02
249 245 1420
235 70 39 250 118.16
387 56 64
236 11 0 85 87.85
284 52 58
237 70 3 203 116.36
189 875 178
238 42 229 288 98.50
147 783 178
239 8 41 129 41.42
134 27 23
240 47 89 215 51.41
87 84 508
241 7 154 236 129.15
194 1051 188
242 45 32 252 179.07
579 109 113
243 28 100 287 517.28
1683 276 312
244 59 2 94 133.90
205 1087 172
245 27 4 226 155.70
459 295 109
246 3 41 174 177.64
302 356 1647
247 6 240 287 77.78
125 121 824
248 98 97 281 71.28
121 129 683
249 4 8 268 48.72
86 88 444
