288
0 0.03742
1 0.03742
2 0.03742
3 0.03742
4 0.03742
5 0.03742
6 0.03742
7 0.03742
8 0.03742
9 0.03742
10 0.03742
11 0.03742
12 0.03507
13 0.03507
14 0.03507
15 0.03507
16 0.03507
17 0.03507
18 0.03507
19 0.03507
20 0.03507
21 0.03507
22 0.03507
23 0.03507
24 0.03507
25 0.03507
26 0.03507
27 0.03507
28 0.03507
29 0.03507
30 0.03507
31 0.03507
32 0.03507
33 0.03507
34 0.03507
35 0.03507
36 0.03507
37 0.03507
38 0.03507
39 0.03507
40 0.03507
41 0.03507
42 0.03507
43 0.03507
44 0.03507
45 0.03507
46 0.03507
47 0.03507
48 0.03507
49 0.03507
50 0.03507
51 0.03507
52 0.03507
53 0.03507
54 0.03507
55 0.03507
56 0.03507
57 0.03507
58 0.03507
59 0.03507
60 0.03507
61 0.03507
62 0.03507
63 0.03507
64 0.03507
65 0.03507
66 0.03742
67 0.03742
68 0.03742
69 0.03742
70 0.03742
71 0.03742
72 0.04516
73 0.04516
74 0.04516
75 0.04516
76 0.04516
77 0.04516
78 0.04540
79 0.04540
80 0.04540
81 0.04540
82 0.04540
83 0.04540
84 0.04712
85 0.04712
86 0.04712
87 0.04712
88 0.04712
89 0.04712
90 0.06451
91 0.06451
92 0.06451
93 0.06451
94 0.06451
95 0.06451
96 0.06451
97 0.06451
98 0.06451
99 0.06451
100 0.06451
101 0.06451
102 0.06451
103 0.06451
104 0.06451
105 0.06451
106 0.06451
107 0.06451
108 0.04780
109 0.04780
110 0.04780
111 0.04780
112 0.04780
113 0.04780
114 0.04780
115 0.04780
116 0.04780
117 0.04780
118 0.04780
119 0.04780
120 0.06451
121 0.06451
122 0.06451
123 0.06451
124 0.06451
125 0.06451
126 0.04780
127 0.04780
128 0.04780
129 0.04780
130 0.04780
131 0.04780
132 0.05319
133 0.05319
134 0.05319
135 0.05319
136 0.05319
137 0.05319
138 0.04780
139 0.04780
140 0.04780
141 0.04780
142 0.04780
143 0.04780
144 0.04780
145 0.04780
146 0.04780
147 0.04780
148 0.04780
149 0.04780
150 0.04780
151 0.04780
152 0.04780
153 0.04780
154 0.04780
155 0.04780
156 0.04712
157 0.04712
158 0.04712
159 0.04712
160 0.04712
161 0.04712
162 0.04661
163 0.04661
164 0.04661
165 0.04661
166 0.04661
167 0.04661
168 0.04629
169 0.04629
170 0.04629
171 0.04629
172 0.04629
173 0.04629
174 0.04629
175 0.04629
176 0.04629
177 0.04629
178 0.04629
179 0.04629
180 0.04629
181 0.04629
182 0.04629
183 0.04629
184 0.04629
185 0.04629
186 0.04629
187 0.04629
188 0.04629
189 0.04629
190 0.04629
191 0.04629
192 0.04712
193 0.04712
194 0.04712
195 0.04712
196 0.04712
197 0.04712
198 0.04791
199 0.04791
200 0.04791
201 0.04791
202 0.04791
203 0.04791
204 0.07777
205 0.07777
206 0.07777
207 0.07777
208 0.07777
209 0.07777
210 0.08856
211 0.08856
212 0.08856
213 0.08856
214 0.08856
215 0.08856
216 0.11065
217 0.11065
218 0.11065
219 0.11065
220 0.11065
221 0.11065
222 0.11065
223 0.11065
224 0.11065
225 0.11065
226 0.11065
227 0.11065
228 0.09281
229 0.09281
230 0.09281
231 0.09281
232 0.09281
233 0.09281
234 0.09281
235 0.09281
236 0.09281
237 0.09281
238 0.09281
239 0.09281
240 0.08190
241 0.08190
242 0.08190
243 0.08190
244 0.08190
245 0.08190
246 0.06506
247 0.06506
248 0.06506
249 0.06506
250 0.06506
251 0.06506
252 0.06462
253 0.06462
254 0.06462
255 0.06462
256 0.06462
257 0.06462
258 0.04780
259 0.04780
260 0.04780
261 0.04780
262 0.04780
263 0.04780
264 0.04712
265 0.04712
266 0.04712
267 0.04712
268 0.04712
269 0.04712
270 0.04712
271 0.04712
272 0.04712
273 0.04712
274 0.04712
275 0.04712
276 0.04712
277 0.04712
278 0.04712
279 0.04712
280 0.04712
281 0.04712
282 0.04852
283 0.04852
284 0.04852
285 0.04852
286 0.04852
287 0.04852
