5
3
40
0 150 0.1 0.1
2474 2497 2614
1 120 0.1 0.1
2450 2513 2469
2 190 0.1 0.0
2413 2568 2481
3 130 0.0 0.1
2342 2445 2616
4 120 0.1 0.1
2434 2546 2489
5 170 0.1 0.1
2431 2560 2563
6 170 0.1 0.1
2573 2468 2524
7 170 0.1 0.1
2522 2440 2575
8 120 0.1 0.1
2509 2502 2500
9 150 0.1 0.1
2465 2539 2538
10 190 0.1 0.0
2442 2519 2452
11 130 0.0 0.1
2526 2512 2540
12 190 0.1 0.0
2549 2502 2483
13 190 0.1 0.0
2501 2536 2507
14 170 0.1 0.1
2539 2521 2493
15 170 0.1 0.1
2462 2546 2441
16 190 0.1 0.0
2559 2588 2500
17 130 0.0 0.1
2491 2478 2531
18 170 0.1 0.1
2400 2496 2485
19 190 0.1 0.0
2537 2412 2565
20 120 0.1 0.1
2468 2524 2418
21 130 0.0 0.1
2464 2507 2506
22 170 0.1 0.1
2601 2515 2450
23 190 0.1 0.0
2470 2467 2454
24 130 0.0 0.1
2437 2478 2452
25 170 0.1 0.1
2505 2456 2656
26 120 0.1 0.1
2534 2542 2415
27 150 0.1 0.1
2471 2436 2456
28 170 0.1 0.1
2508 2494 2423
29 170 0.1 0.1
2431 2575 2478
30 120 0.1 0.1
2510 2542 2462
31 150 0.1 0.1
2465 2562 2536
32 190 0.1 0.0
2542 2515 2470
33 120 0.1 0.1
2474 2513 2495
34 190 0.1 0.0
2421 2486 2498
35 150 0.1 0.1
2550 2511 2515
36 190 0.1 0.0
2506 2471 2451
37 120 0.1 0.1
2502 2507 2482
38 170 0.1 0.1
2431 2420 2485
39 170 0.1 0.1
2501 2557 2494
500
0 61 26 143 78.90
122 228 670
1 26 67 288 165.88
217 1274 493
2 71 39 209 12.56
18 20 141
3 47 13 79 150.59
483 71 74
4 16 41 176 172.66
415 667 178
5 9 1 198 548.54
1668 728 205
6 66 162 287 130.93
198 411 1094
7 140 18 288 595.67
1900 401 186
8 5 69 288 27.97
47 45 265
9 26 165 287 423.66
1259 589 323
10 33 24 221 573.47
1679 853 530
11 54 48 202 484.23
1543 236 297
12 9 2 91 67.38
123 397 137
13 17 86 145 162.11
252 480 1350
14 98 131 287 70.38
226 35 30
15 42 175 288 455.37
1464 245 154
16 138 41 288 148.92
313 266 932
17 25 0 288 514.65
1656 243 215
18 47 4 287 141.33
206 1131 204
19 74 147 273 392.28
1226 299 247
20 99 2 185 56.15
69 112 677
21 10 25 238 26.62
53 47 188
22 31 36 232 324.04
561 1961 795
23 11 6 178 534.63
1471 1400 247
24 123 152 287 107.99
158 572 590
25 80 0 96 351.86
1121 167 224
26 161 58 288 399.96
1270 216 245
27 84 3 263 24.25
46 35 199
28 51 10 144 71.69
141 135 506
29 109 35 179 233.66
441 788 1257
30 110 9 287 134.84
416 128 85
31 55 9 153 11.50
20 20 102
32 117 151 287 210.11
431 854 671
33 39 24 245 228.84
470 1074 511
34 89 78 205 310.02
803 974 250
35 33 2 278 17.27
27 125 32
36 97 7 269 9.37
19 13 69
37 94 5 139 211.06
389 947 848
38 118 26 265 87.34
149 521 241
39 29 206 288 514.67
1587 546 244
40 90 41 247 219.22
342 879 1472
41 23 77 248 675.35
1908 1502 363
42 61 42 287 291.14
512 925 1914
43 59 10 195 234.52
748 141 99
44 74 92 288 16.91
27 22 178
45 20 5 75 505.98
1247 1125 1550
46 150 44 257 24.65
79 12 12
47 62 34 211 6.83
11 15 62
48 62 98 288 174.69
275 325 1719
49 10 45 169 299.64
549 1153 1514
50 58 7 280 460.82
1289 965 428
51 30 1 127 296.38
931 223 158
52 91 25 180 47.36
147 36 37
53 35 96 282 215.01
663 196 150
54 21 3 239 43.23
65 121 386
55 18 8 163 330.89
1035 211 264
56 165 1 259 163.68
500 156 137
57 41 103 260 64.16
117 61 607
58 78 19 202 276.96
494 1466 893
59 18 54 254 30.30
40 57 351
60 175 34 288 159.89
286 1037 224
61 22 8 128 71.06
100 173 721
62 43 82 285 137.38
223 454 1007
63 86 16 208 289.20
313 2029 1605
64 68 61 287 108.46
227 178 709
65 17 4 112 157.17
498 92 93
66 21 50 138 7.02
11 10 74
67 58 29 131 4.88
8 9 46
68 178 91 288 147.51
482 43 50
69 222 2 230 88.44
190 133 562
70 85 117 213 11.99
22 19 101
71 3 2 45 179.66
370 384 1083
72 17 106 287 242.09
597 883 222
73 98 50 206 64.02
124 264 250
74 88 1 288 417.57
1020 1333 736
75 181 24 262 344.48
613 1368 1804
76 4 20 223 208.98
675 85 90
77 57 159 288 203.91
647 129 100
78 170 49 288 17.21
26 28 183
79 121 0 201 18.56
30 24 193
80 31 40 280 207.57
291 1414 751
81 89 131 287 86.22
266 70 72
82 52 39 268 397.38
1051 1130 346
83 54 8 240 85.69
138 131 864
84 49 64 276 56.57
175 52 35
85 7 238 288 8.18
13 19 74
86 1 0 16 269.92
311 1667 1706
87 15 24 278 24.84
39 151 88
88 35 22 131 18.79
60 9 11
89 32 18 208 184.00
590 81 100
90 102 21 286 719.85
1932 1939 592
91 33 10 174 399.70
1255 278 251
92 22 22 137 388.71
673 1890 1647
93 137 80 288 27.82
57 50 184
94 12 10 247 226.91
706 181 153
95 6 19 245 113.11
208 160 979
96 54 48 278 557.55
1647 952 229
97 23 44 285 358.35
790 1524 659
98 43 194 287 163.68
289 640 888
99 93 19 244 23.42
31 38 280
100 31 23 209 242.58
460 892 1179
101 46 64 235 395.83
983 1529 187
102 87 12 279 296.26
510 1061 1845
103 111 17 264 387.97
1154 501 346
104 119 94 277 76.70
111 138 830
105 77 106 243 583.53
1539 1261 1136
106 9 1 220 390.21
970 1353 409
107 139 111 288 257.76
815 188 109
108 120 8 197 239.05
750 129 210
109 9 177 288 6.36
10 45 13
110 41 65 180 74.48
125 141 675
111 43 9 258 32.92
100 35 26
112 23 48 237 195.26
598 188 150
113 72 23 254 316.74
699 1312 630
114 51 62 288 242.60
507 1269 285
115 45 143 288 7.74
11 64 10
116 8 111 288 176.64
330 537 1062
117 41 24 164 79.75
120 102 893
118 57 131 271 342.41
750 1222 1015
119 23 171 280 206.19
665 79 103
120 66 6 139 81.84
265 33 31
121 30 6 256 421.52
997 1146 1271
122 89 139 272 82.24
131 156 794
123 23 0 134 216.24
666 180 182
124 45 39 201 86.79
95 575 525
125 32 205 287 649.36
1513 1647 2296
126 17 181 271 201.10
365 1268 299
127 24 50 169 176.26
353 433 1048
128 9 0 115 476.98
1082 1137 2001
129 18 5 208 28.56
50 67 225
130 153 1 287 10.61
17 32 84
131 25 45 237 55.45
65 343 342
132 66 154 264 76.53
105 644 109
133 27 4 204 82.18
256 69 48
134 60 12 277 203.32
365 549 1430
135 141 23 203 28.99
48 45 282
136 75 24 251 202.81
646 113 105
137 11 6 56 491.33
1225 1688 513
138 36 182 258 430.04
1370 277 165
139 115 2 177 17.59
34 36 124
140 18 78 277 303.04
961 166 191
141 42 133 288 21.80
38 35 197
142 26 109 213 108.73
144 955 131
143 61 37 212 3.85
7 4 36
144 77 91 225 22.98
29 53 261
145 75 170 270 8.67
16 16 69
146 26 3 36 59.09
103 57 591
147 71 36 288 465.50
1482 226 296
148 59 213 287 70.36
90 634 83
149 32 200 267 73.09
237 25 32
150 141 71 287 89.92
129 227 883
151 32 232 288 52.28
90 69 503
152 15 68 246 183.68
592 70 95
153 88 84 288 337.89
1095 96 182
154 1 0 136 252.96
274 1503 1810
155 71 90 287 404.04
1296 205 176
156 60 26 98 569.01
1700 822 324
157 39 13 242 16.77
28 25 163
158 71 84 177 506.38
1538 584 334
159 46 228 288 542.11
1414 1074 1312
160 23 2 233 652.39
1850 1336 475
161 139 49 237 39.09
120 27 44
162 18 21 265 20.57
36 25 197
163 35 40 287 270.06
496 1014 1394
164 73 73 287 141.10
207 1150 163
165 14 10 48 234.02
301 1391 1341
166 127 2 212 100.76
179 200 830
167 189 19 250 177.19
578 57 59
168 63 53 266 222.62
695 134 199
169 123 18 220 435.52
1215 884 469
170 33 49 267 98.52
207 130 686
171 15 6 186 477.57
951 2075 1525
172 18 262 287 3.26
5 6 33
173 15 35 280 59.51
66 583 71
174 8 46 264 197.15
383 633 1032
175 37 74 255 40.57
128 25 26
176 26 61 234 282.52
887 131 276
177 21 2 222 406.53
885 1641 958
178 40 35 206 90.97
183 499 122
179 66 80 288 39.05
71 239 68
180 52 63 283 7.40
15 42 7
181 10 41 288 28.41
54 58 207
182 4 148 191 85.58
162 172 632
183 56 6 66 768.16
2008 1736 1507
184 46 64 284 71.27
124 231 471
185 171 7 230 165.71
276 228 1645
186 36 166 287 526.70
1264 1681 1087
187 61 85 287 31.99
54 221 47
188 13 1 157 17.80
29 34 167
189 47 194 287 534.02
1364 1717 506
190 31 219 287 44.10
77 114 333
191 41 190 288 600.44
1687 1031 845
192 12 6 184 176.66
576 50 71
193 33 73 253 46.38
85 270 97
194 99 90 284 439.89
1165 1201 447
195 21 86 287 87.91
160 90 824
196 27 91 277 259.34
814 137 230
197 38 31 216 103.95
212 373 415
198 123 22 262 257.65
467 951 1398
199 100 2 148 28.16
54 32 240
200 112 25 237 295.35
701 1202 275
201 77 0 244 367.97
890 1377 407
202 48 121 270 63.53
90 155 640
203 10 134 287 157.95
299 839 384
204 4 0 94 679.87
1702 2148 943
205 15 5 222 302.43
699 1349 236
206 82 36 240 593.61
1673 1292 390
207 21 34 231 167.55
291 737 820
208 151 85 287 37.97
73 58 300
209 20 13 213 139.28
432 88 138
210 97 26 288 385.71
1237 192 175
211 111 31 263 136.19
213 472 1022
212 61 155 287 19.81
29 161 24
213 40 152 288 691.37
2095 822 453
214 38 2 241 37.21
64 40 372
215 104 11 288 15.86
21 34 177
216 24 1 35 456.68
1465 229 202
217 28 211 271 127.70
203 706 540
218 68 53 206 143.17
460 60 76
219 27 97 288 72.83
231 39 47
220 9 108 225 239.66
432 1496 400
221 84 69 279 390.70
861 1162 1470
222 85 147 281 2.28
4 6 17
223 52 15 287 57.44
175 63 39
224 40 12 194 183.23
566 169 118
225 45 148 265 11.37
22 14 94
226 2 14 77 128.79
401 112 71
227 40 16 234 146.62
288 215 1129
228 16 84 179 131.59
182 822 605
229 45 147 287 403.85
1306 148 187
230 34 20 75 67.91
110 178 569
231 66 52 267 68.60
126 407 130
232 76 82 287 521.54
1241 1953 718
233 23 173 282 29.20
92 19 18
234 11 71 197 18.37
29 135 29
235 73 85 288 526.34
1505 1032 365
236 18 108 156 97.86
149 241 910
237 119 57 280 17.12
31 32 140
238 3 20 169 67.97
214 41 48
239 31 30 288 711.99
1918 1503 1158
240 188 28 287 413.59
724 1809 2000
241 47 41 256 295.75
486 1365 1545
242 24 63 242 276.28
641 1212 229
243 8 1 99 72.71
85 679 106
244 122 19 287 142.58
247 976 179
245 119 16 231 57.27
133 229 80
246 77 29 119 61.48
199 18 34
247 4 1 129 103.17
147 842 148
248 24 170 287 594.80
1782 754 462
249 97 34 257 294.84
948 142 124
250 12 2 253 39.81
128 21 14
251 127 16 264 25.69
81 15 18
252 40 31 184 254.25
326 1044 2165
253 37 4 284 228.52
737 81 124
254 65 50 156 164.69
519 96 118
255 6 0 150 36.83
74 70 248
256 21 10 41 17.00
37 84 17
257 3 112 267 39.73
73 55 346
258 200 6 231 12.77
39 10 14
259 24 19 287 47.59
57 423 92
260 5 71 278 29.20
43 233 40
261 29 25 249 108.14
185 215 940
262 129 134 284 28.67
47 58 262
263 75 64 250 369.70
1176 241 150
264 87 24 273 491.23
1109 1515 1582
265 3 151 229 109.45
182 511 548
266 31 15 278 34.44
50 45 397
267 31 2 211 161.06
280 1084 223
268 35 37 287 783.04
2113 1610 1313
269 13 165 204 54.40
64 123 654
270 145 27 281 296.96
710 974 592
271 90 1 148 246.17
397 960 1603
272 41 163 287 397.67
907 1784 380
273 7 28 248 20.17
32 154 22
274 94 29 223 534.99
1361 1777 460
275 247 20 287 219.01
678 163 189
276 44 177 287 5.33
9 12 45
277 80 53 225 58.75
118 129 370
278 9 72 263 57.53
92 443 52
279 43 12 236 182.07
274 1222 555
280 87 47 202 69.18
97 528 165
281 71 6 288 80.82
152 111 681
282 21 163 278 500.89
1084 2056 1174
283 18 108 287 87.84
164 111 763
284 34 179 273 254.31
452 1081 1229
285 70 1 154 379.56
1215 179 203
286 52 32 196 57.36
93 85 578
287 88 45 279 246.55
796 108 97
288 19 242 288 311.33
991 204 120
289 3 1 168 223.30
719 106 89
290 22 3 84 245.96
496 980 875
291 126 95 287 43.49
88 49 339
292 79 22 252 321.33
1030 151 163
293 13 7 156 105.64
104 731 674
294 63 78 288 366.47
1099 472 266
295 163 65 288 57.59
110 108 430
296 46 99 269 385.16
1174 388 309
297 78 19 219 6.93
14 12 48
298 43 30 231 67.59
210 49 55
299 1 0 227 56.57
175 38 56
300 82 73 262 201.12
317 621 1606
301 20 184 287 186.41
264 1021 1029
302 54 33 266 289.09
902 260 133
303 16 36 121 181.20
349 721 761
304 34 241 287 36.62
57 38 410
305 24 3 152 24.31
78 12 11
306 4 83 250 74.57
126 513 112
307 81 87 288 158.94
509 80 76
308 15 3 235 177.74
539 151 204
309 68 76 288 24.88
34 203 46
310 23 105 257 12.09
37 10 12
311 78 48 280 6.49
11 13 57
312 9 235 274 152.39
232 294 1539
313 77 181 287 89.41
161 211 671
314 58 71 287 109.07
148 911 177
315 128 10 189 571.44
1643 1149 290
316 144 72 287 127.17
231 641 429
317 86 73 288 7.72
11 15 83
318 162 37 242 273.36
873 162 111
319 52 6 152 32.30
55 86 250
320 24 168 256 54.74
106 91 416
321 23 102 193 13.62
17 20 173
322 26 47 287 525.16
1506 1116 204
323 108 66 212 150.00
246 213 1506
324 21 2 264 185.64
598 63 110
325 66 20 288 65.22
213 21 20
326 2 5 201 292.66
657 1393 233
327 58 122 269 78.25
173 135 437
328 65 116 225 236.22
386 925 1497
329 45 25 135 256.15
308 1744 1286
330 59 38 210 68.79
109 446 195
331 57 54 258 190.42
496 599 133
332 10 3 181 101.78
159 570 439
333 8 1 144 39.83
128 18 19
334 67 145 287 129.22
407 80 87
335 26 108 287 263.59
484 1048 1274
336 78 134 265 255.60
829 80 122
337 12 1 256 57.23
181 35 34
338 8 259 287 243.42
361 1006 1721
339 35 1 206 100.99
218 497 117
340 15 170 272 34.06
52 271 35
341 53 77 250 351.92
977 744 368
342 27 56 225 125.54
394 96 67
343 4 0 215 497.25
1215 1522 972
344 75 211 287 216.15
305 726 1888
345 132 33 199 699.13
1754 1535 1954
346 6 51 288 93.45
175 192 697
347 27 221 266 216.24
487 974 244
348 103 3 128 105.58
338 58 44
349 54 11 241 301.35
955 134 241
350 109 5 288 22.62
39 50 187
351 51 208 278 176.89
282 495 1467
352 26 5 179 345.94
1095 209 203
353 34 23 273 202.03
297 1144 983
354 55 151 259 276.74
616 1058 646
355 58 96 185 56.51
82 125 575
356 33 14 288 201.20
591 335 119
357 22 60 145 507.02
1438 1004 419
358 29 95 278 240.85
750 204 140
359 33 244 287 218.52
404 902 987
360 43 18 207 604.08
1801 805 472
361 122 36 270 287.80
910 135 234
362 67 45 233 175.88
555 115 102
363 59 3 120 58.31
67 504 154
364 43 32 136 123.04
183 616 705
365 26 39 287 381.35
888 1046 1234
366 85 182 288 198.98
353 876 921
367 79 36 288 549.37
1656 665 403
368 3 8 136 23.66
77 9 7
369 43 65 210 130.57
409 100 75
370 55 3 285 184.61
574 164 102
371 29 115 288 5.07
8 34 13
372 12 8 21 177.53
319 267 1565
373 27 2 277 678.65
1719 2112 849
374 208 78 287 129.92
266 207 900
375 57 17 76 189.34
290 628 1506
376 123 38 254 86.13
153 534 165
377 185 90 288 314.12
924 464 265
378 81 29 263 468.73
1051 1317 1753
379 19 202 288 212.85
365 970 1024
380 142 44 193 440.17
1340 500 280
381 188 56 287 360.85
1148 204 192
382 41 28 268 224.93
244 1085 1984
383 79 91 215 101.23
155 136 1105
384 8 0 234 454.84
1273 1028 304
385 71 93 287 415.26
762 1434 2336
386 143 9 193 560.93
1390 1726 947
387 9 0 123 99.34
172 651 169
388 42 156 274 350.27
580 1418 2097
389 41 25 204 251.94
402 921 1763
390 82 53 283 121.44
182 750 473
391 20 1 116 144.99
461 72 94
392 56 175 280 134.14
197 459 1105
393 4 14 180 223.68
669 256 223
394 168 4 280 13.57
26 24 103
395 23 2 138 76.79
160 418 69
396 48 126 281 45.01
53 403 89
397 35 33 98 209.70
375 763 1190
398 78 69 253 33.42
62 183 82
399 21 9 115 43.09
138 24 17
400 76 23 159 7.44
12 14 71
401 33 21 256 29.39
91 24 22
402 3 47 272 66.91
99 501 138
403 25 8 170 361.08
539 1773 2107
404 63 9 288 257.97
427 1070 1507
405 87 17 182 557.65
1686 661 395
406 70 39 242 550.25
1578 1033 418
407 89 45 283 11.27
18 21 109
408 92 10 268 5.60
11 11 39
409 116 4 223 152.07
273 325 1198
410 45 152 287 200.02
342 393 1747
411 42 64 249 184.90
590 96 99
412 13 124 282 279.81
884 181 158
413 86 79 287 292.09
933 134 176
414 52 66 288 613.30
1846 791 396
415 54 72 282 14.52
30 17 108
416 158 106 288 583.55
1765 776 282
417 3 184 256 231.29
407 994 1130
418 50 75 269 71.08
80 678 104
419 63 6 254 21.14
40 120 40
420 2 34 226 11.16
21 18 90
421 50 53 287 84.86
153 130 741
422 60 183 288 47.89
105 87 267
423 25 17 278 147.99
192 368 1604
424 53 76 204 446.98
1073 1390 975
425 27 108 272 303.07
943 189 283
426 8 36 227 278.44
495 878 1803
427 132 9 219 441.14
1260 802 410
428 89 14 282 149.47
171 1272 430
429 135 47 235 72.77
106 606 70
430 176 16 276 281.01
882 230 127
431 64 3 283 114.86
191 579 511
432 60 12 257 231.90
369 1089 1268
433 63 28 175 99.13
319 47 41
434 22 154 267 57.02
106 81 485
435 17 41 214 48.63
70 374 99
436 60 19 217 355.73
781 1150 1221
437 3 66 238 201.67
342 829 1132
438 37 201 288 238.67
766 113 113
439 41 19 288 20.36
35 145 19
440 49 170 288 24.08
35 193 35
441 48 153 206 158.71
260 593 1044
442 74 64 271 588.16
1564 1306 1003
443 135 15 287 148.48
227 543 1108
444 70 144 287 135.41
207 257 1368
445 26 68 287 492.01
1132 2078 595
446 135 19 200 201.25
653 59 100
447 138 1 246 130.19
403 90 123
448 46 166 288 244.65
382 950 1687
449 7 157 288 477.59
1170 1362 1062
450 41 6 256 31.06
56 39 284
451 96 117 269 285.73
481 1429 1247
452 18 6 60 154.33
497 68 69
453 18 3 231 394.00
688 1848 1730
454 118 20 278 326.64
996 288 321
455 110 83 283 179.83
182 1646 510
456 19 3 68 278.69
404 1128 2071
457 36 49 189 199.39
421 1061 177
458 169 72 279 25.88
54 134 33
459 21 5 205 475.26
934 2168 1450
460 19 35 241 387.93
885 1219 1151
461 30 127 281 30.95
35 302 34
462 102 13 249 425.54
1318 386 259
463 58 218 288 584.95
1430 1530 1529
464 28 23 272 43.62
83 53 371
465 71 29 166 40.59
128 24 28
466 5 0 181 116.11
153 186 1396
467 48 18 166 319.77
950 367 362
468 83 42 186 211.16
309 678 1814
469 151 1 176 123.72
286 540 114
470 10 0 180 14.99
47 11 9
471 59 6 260 64.04
208 27 18
472 12 134 270 258.37
383 1277 1514
473 34 205 288 340.51
728 1088 1325
474 6 0 157 199.60
620 133 181
475 26 53 256 423.42
1019 1288 949
476 47 162 288 71.06
108 79 806
477 11 37 213 109.03
205 651 167
478 39 93 250 4.38
8 5 40
479 35 167 277 273.53
863 188 146
480 53 43 269 85.58
129 144 905
481 162 6 220 88.58
155 152 782
482 31 161 252 137.82
187 283 1526
483 33 19 197 331.97
891 856 330
484 21 10 73 384.71
604 2105 1713
485 19 90 288 567.12
1801 409 192
486 145 99 280 177.63
344 320 1313
487 1 0 262 3.89
6 8 38
488 144 129 288 17.95
32 25 163
489 13 272 288 315.79
610 1301 1247
490 9 1 188 601.67
1822 737 370
491 16 14 93 23.42
74 14 15
492 153 0 185 95.03
304 45 52
493 156 35 257 678.82
1831 1892 399
494 89 76 227 65.86
206 41 54
495 16 4 214 183.26
348 574 1037
496 26 19 272 72.77
120 82 758
497 3 111 195 268.20
814 314 174
498 44 16 251 165.62
371 714 249
499 23 41 240 60.17
120 120 403
