5
3
2
0 120 0.1 0.1
2436 2571 2568
1 190 0.1 0.0
2575 2391 2473
250
0 3 6 275 108.62
194 167 974
1 24 75 284 22.00
31 184 30
2 35 0 256 27.93
49 48 249
3 22 7 172 58.69
96 103 569
4 18 1 202 294.76
847 585 202
5 3 237 255 53.01
70 467 70
6 16 72 282 166.17
294 1116 219
7 7 33 242 65.88
109 113 634
8 8 110 269 9.67
14 14 111
9 1 15 153 51.58
163 33 36
10 23 11 254 59.53
90 465 88
11 39 184 281 20.21
34 37 187
12 15 52 137 6.52
20 6 6
13 28 21 203 82.33
117 685 111
14 16 59 178 21.07
32 164 31
15 1 53 215 101.25
181 159 902
16 47 12 147 40.90
62 321 57
17 44 55 260 4.04
6 32 6
18 22 184 243 5.03
9 9 43
19 37 65 160 36.28
62 65 331
20 5 42 186 170.08
547 82 92
21 32 0 242 68.62
104 469 200
22 10 48 288 222.74
358 1502 537
23 3 45 269 31.46
46 252 48
24 26 86 145 80.46
120 330 578
25 8 29 261 27.51
47 56 241
26 8 81 181 61.66
143 266 66
27 30 185 275 84.01
141 155 778
28 2 3 117 27.82
36 245 42
29 135 38 288 1.39
2 2 16
30 7 122 265 5.99
9 47 9
31 7 32 127 149.60
246 580 965
32 9 100 186 18.40
29 33 185
33 30 102 186 67.29
108 202 541
34 5 96 282 53.77
88 277 247
35 5 53 152 95.47
256 262 85
36 3 28 238 17.14
26 131 29
37 17 124 222 74.93
105 631 100
38 30 26 172 33.04
54 59 319
39 3 37 261 141.61
449 88 92
40 1 111 182 9.40
17 15 82
41 10 126 287 19.70
27 165 32
42 3 250 278 240.49
382 1634 593
43 5 38 258 18.53
33 29 166
44 195 65 287 1.11
2 7 2
45 54 113 265 6.08
8 53 9
46 35 50 287 6.39
12 12 50
47 31 245 284 34.36
48 284 55
48 55 8 288 29.21
94 15 14
49 6 0 271 97.68
311 61 54
50 6 27 142 76.84
140 116 673
51 38 37 196 76.61
115 537 211
52 57 49 247 36.99
67 63 316
53 7 85 275 11.92
21 19 108
54 12 152 288 33.69
61 88 242
55 40 1 131 32.28
105 13 13
56 3 68 261 8.75
13 70 12
57 50 41 194 325.49
1039 200 166
58 37 25 243 186.59
536 357 149
59 31 1 257 48.16
80 78 468
60 16 32 283 1.35
2 2 15
61 9 18 241 5.72
10 10 51
62 3 16 205 162.03
277 279 1495
63 9 66 284 11.52
37 6 6
64 1 5 124 32.64
103 22 22
65 9 116 249 47.67
81 193 277
66 51 10 239 37.16
65 57 343
67 6 56 210 93.54
156 172 874
68 3 39 239 114.02
367 56 58
69 4 106 198 31.21
100 16 18
70 25 20 114 35.54
59 194 141
71 16 18 248 121.04
209 642 452
72 6 26 254 57.83
140 228 53
73 1 189 280 1.87
2 19 2
74 34 14 226 74.91
119 564 102
75 6 0 270 378.90
1215 204 198
76 36 66 266 86.35
276 48 49
77 52 89 272 1.87
2 19 2
78 12 3 269 64.71
206 37 41
79 11 74 181 34.03
58 66 304
80 19 1 80 76.04
113 606 108
81 2 6 201 117.97
230 714 124
82 3 207 286 52.43
68 467 70
83 125 1 180 20.44
36 32 186
84 15 139 249 1.75
3 3 16
85 9 104 166 170.08
546 92 84
86 24 57 168 21.68
34 163 33
87 5 22 151 33.08
55 57 316
88 31 3 209 114.12
364 65 68
89 3 208 259 18.30
35 32 142
90 33 2 264 83.78
268 44 50
91 28 26 217 1.11
2 7 2
92 119 61 287 107.61
195 197 898
93 1 174 246 483.90
1547 277 261
94 8 3 257 5.93
10 12 53
95 3 229 280 4.52
7 7 48
96 14 68 227 52.24
92 186 319
97 1 12 123 71.33
107 556 113
98 15 63 114 39.01
61 67 400
99 3 113 288 32.64
57 82 254
100 47 112 250 59.41
188 37 41
101 53 38 168 93.22
299 47 53
102 98 39 282 4.79
7 38 8
103 51 31 129 17.75
29 32 171
104 30 0 182 3.74
5 32 6
105 8 9 279 26.79
85 16 18
106 61 110 215 4.82
8 9 45
107 64 9 116 81.76
263 40 43
108 204 38 287 19.83
32 33 198
109 4 55 160 68.51
110 108 697
110 8 17 287 70.43
105 243 575
111 33 58 186 32.34
102 22 22
112 3 6 112 87.71
282 45 44
113 17 82 270 228.42
533 994 209
114 6 0 174 86.89
135 162 878
115 12 22 212 16.89
27 125 25
116 38 1 261 44.22
140 29 28
117 3 157 174 222.57
716 106 121
118 21 3 268 97.49
163 164 931
119 31 18 256 5.40
8 43 8
120 4 116 273 9.99
18 17 86
121 4 4 275 322.29
666 1598 604
122 34 77 279 10.03
16 15 104
123 48 3 171 182.17
322 1251 201
124 9 78 288 92.04
125 787 133
125 53 28 174 7.11
22 6 6
126 41 40 183 42.02
77 74 349
127 4 123 286 8.35
26 7 6
128 18 17 154 33.50
106 21 23
129 6 127 252 20.27
33 34 200
130 26 28 254 21.91
35 160 36
131 3 122 225 11.19
36 6 5
132 52 111 256 56.69
77 484 83
133 11 98 206 40.27
70 67 367
134 6 105 276 483.46
1544 282 264
135 9 50 287 34.53
55 256 52
136 63 7 113 18.74
34 29 164
137 7 0 141 204.05
380 1299 243
138 4 15 79 210.21
318 666 1773
139 15 120 263 228.06
551 873 256
140 58 102 246 60.82
100 114 575
141 4 14 155 60.54
136 281 66
142 14 14 257 107.37
342 64 63
143 29 41 209 38.63
60 293 59
144 31 74 267 18.40
23 167 26
145 4 4 193 143.73
260 953 168
146 54 68 248 51.35
68 446 76
147 21 121 279 36.91
65 55 340
148 43 72 235 115.20
365 72 76
149 11 23 171 17.58
25 146 24
150 1 0 44 382.60
1216 230 240
151 12 156 278 49.10
73 387 76
152 13 6 249 53.37
171 30 27
153 23 2 117 85.84
143 140 830
154 19 48 280 560.09
1791 310 315
155 49 164 248 7.84
12 61 11
156 40 117 282 122.45
390 75 69
157 24 61 286 96.08
146 759 124
158 26 109 277 334.26
1017 423 194
159 11 80 274 299.81
948 193 203
160 28 126 256 42.25
71 173 248
161 10 34 167 10.51
19 18 90
162 17 70 108 20.50
34 29 206
163 16 47 176 17.50
31 30 154
164 52 33 226 48.54
152 38 33
165 45 178 278 8.12
13 12 84
166 177 12 252 7.72
13 13 73
167 10 277 288 200.81
638 131 112
168 34 2 275 34.93
58 59 336
169 22 5 132 77.93
248 46 48
170 6 0 68 81.95
137 137 784
171 119 0 252 39.87
65 74 382
172 15 40 270 116.71
187 674 455
173 31 2 106 44.14
79 67 396
174 40 67 279 46.28
73 163 345
175 35 18 169 60.92
195 33 34
176 93 151 288 13.42
21 100 22
177 12 58 274 204.91
355 1414 266
178 1 13 68 331.84
1061 196 169
179 9 208 228 111.77
165 883 178
180 23 8 53 405.73
1291 244 244
181 10 173 190 116.67
240 650 119
182 39 194 274 187.03
553 288 144
183 46 21 267 37.60
62 204 154
184 9 34 274 87.84
140 147 888
185 1 48 262 66.16
103 102 699
186 12 34 260 343.32
1089 220 210
187 29 169 287 2.42
4 17 4
188 1 105 279 17.96
31 36 156
189 40 3 247 76.02
241 47 50
190 25 106 226 5.89
10 10 55
191 50 47 217 82.50
262 47 57
192 13 85 237 36.46
59 70 349
193 13 178 216 30.89
49 231 45
194 14 220 277 4.44
7 7 46
195 8 24 258 170.02
440 531 166
196 11 28 288 347.04
1058 429 202
197 17 7 194 40.69
128 29 28
198 55 16 108 105.63
336 61 68
199 24 51 151 50.01
75 290 229
200 50 17 254 90.64
288 54 58
201 38 45 154 69.77
221 46 43
202 32 88 143 32.70
104 19 21
203 27 146 280 209.07
669 118 111
204 14 166 219 295.08
639 1470 338
205 11 220 282 189.07
568 263 125
206 41 83 287 84.24
268 50 52
207 64 31 171 215.44
694 107 104
208 20 26 73 64.43
108 104 620
209 88 32 186 20.86
30 170 31
210 25 4 196 50.09
84 84 477
211 1 1 197 82.88
260 61 59
212 1 19 263 568.42
1784 446 358
213 125 26 230 14.13
21 112 21
214 31 106 271 8.39
26 7 7
215 12 63 265 76.82
111 633 100
216 42 23 132 72.07
107 559 126
217 4 6 173 52.97
75 431 88
218 33 3 72 40.65
70 67 376
219 111 81 253 2.36
4 16 4
220 20 4 141 28.45
39 245 36
221 9 66 182 1.75
3 3 16
222 13 62 197 19.39
31 30 199
223 3 32 247 65.86
106 424 188
224 3 2 58 394.86
1257 233 240
225 70 72 282 100.29
320 61 53
226 37 129 215 91.37
294 47 44
227 106 97 252 33.10
54 238 52
228 29 124 275 190.38
513 525 148
229 22 4 265 61.97
110 97 558
230 31 87 181 60.58
84 503 98
231 37 49 242 340.78
1084 207 204
232 69 92 258 20.42
36 37 178
233 27 43 168 75.33
106 634 98
234 26 2 233 468.80
1135 1739 593
235 4 7 263 19.47
30 32 205
236 21 69 275 40.02
70 69 358
237 74 75 218 485.62
1550 291 260
238 10 277 288 479.23
1520 305 297
239 63 73 264 48.07
80 156 349
240 3 96 255 58.29
85 474 80
241 1 183 225 54.44
136 189 59
242 21 20 119 144.39
221 532 1088
243 24 101 287 145.90
241 246 1413
244 11 80 280 66.68
96 547 93
245 3 23 282 206.38
334 1514 298
246 54 68 196 44.56
142 25 28
247 4 76 222 17.08
28 28 168
248 62 19 218 171.56
491 340 132
249 17 0 181 153.60
235 1100 357
