288
0 0.03505
1 0.03505
2 0.03505
3 0.03505
4 0.03505
5 0.03505
6 0.03383
7 0.03383
8 0.03383
9 0.03383
10 0.03383
11 0.03383
12 0.03383
13 0.03383
14 0.03383
15 0.03383
16 0.03383
17 0.03383
18 0.03331
19 0.03331
20 0.03331
21 0.03331
22 0.03331
23 0.03331
24 0.03325
25 0.03325
26 0.03325
27 0.03325
28 0.03325
29 0.03325
30 0.03082
31 0.03082
32 0.03082
33 0.03082
34 0.03082
35 0.03082
36 0.03082
37 0.03082
38 0.03082
39 0.03082
40 0.03082
41 0.03082
42 0.03082
43 0.03082
44 0.03082
45 0.03082
46 0.03082
47 0.03082
48 0.03082
49 0.03082
50 0.03082
51 0.03082
52 0.03082
53 0.03082
54 0.03304
55 0.03304
56 0.03304
57 0.03304
58 0.03304
59 0.03304
60 0.03283
61 0.03283
62 0.03283
63 0.03283
64 0.03283
65 0.03283
66 0.03383
67 0.03383
68 0.03383
69 0.03383
70 0.03383
71 0.03383
72 0.04000
73 0.04000
74 0.04000
75 0.04000
76 0.04000
77 0.04000
78 0.04055
79 0.04055
80 0.04055
81 0.04055
82 0.04055
83 0.04055
84 0.04056
85 0.04056
86 0.04056
87 0.04056
88 0.04056
89 0.04056
90 0.04228
91 0.04228
92 0.04228
93 0.04228
94 0.04228
95 0.04228
96 0.04431
97 0.04431
98 0.04431
99 0.04431
100 0.04431
101 0.04431
102 0.04431
103 0.04431
104 0.04431
105 0.04431
106 0.04431
107 0.04431
108 0.04969
109 0.04969
110 0.04969
111 0.04969
112 0.04969
113 0.04969
114 0.05441
115 0.05441
116 0.05441
117 0.05441
118 0.05441
119 0.05441
120 0.05696
121 0.05696
122 0.05696
123 0.05696
124 0.05696
125 0.05696
126 0.05910
127 0.05910
128 0.05910
129 0.05910
130 0.05910
131 0.05910
132 0.05475
133 0.05475
134 0.05475
135 0.05475
136 0.05475
137 0.05475
138 0.05547
139 0.05547
140 0.05547
141 0.05547
142 0.05547
143 0.05547
144 0.05574
145 0.05574
146 0.05574
147 0.05574
148 0.05574
149 0.05574
150 0.05600
151 0.05600
152 0.05600
153 0.05600
154 0.05600
155 0.05600
156 0.05508
157 0.05508
158 0.05508
159 0.05508
160 0.05508
161 0.05508
162 0.05210
163 0.05210
164 0.05210
165 0.05210
166 0.05210
167 0.05210
168 0.05084
169 0.05084
170 0.05084
171 0.05084
172 0.05084
173 0.05084
174 0.05100
175 0.05100
176 0.05100
177 0.05100
178 0.05100
179 0.05100
180 0.05121
181 0.05121
182 0.05121
183 0.05121
184 0.05121
185 0.05121
186 0.05193
187 0.05193
188 0.05193
189 0.05193
190 0.05193
191 0.05193
192 0.05392
193 0.05392
194 0.05392
195 0.05392
196 0.05392
197 0.05392
198 0.05773
199 0.05773
200 0.05773
201 0.05773
202 0.05773
203 0.05773
204 0.05609
205 0.05609
206 0.05609
207 0.05609
208 0.05609
209 0.05609
210 0.05771
211 0.05771
212 0.05771
213 0.05771
214 0.05771
215 0.05771
216 0.05910
217 0.05910
218 0.05910
219 0.05910
220 0.05910
221 0.05910
222 0.05910
223 0.05910
224 0.05910
225 0.05910
226 0.05910
227 0.05910
228 0.25730
229 0.25730
230 0.25730
231 0.25730
232 0.25730
233 0.25730
234 0.25730
235 0.25730
236 0.25730
237 0.25730
238 0.25730
239 0.25730
240 0.06319
241 0.06319
242 0.06319
243 0.06319
244 0.06319
245 0.06319
246 0.05910
247 0.05910
248 0.05910
249 0.05910
250 0.05910
251 0.05910
252 0.05910
253 0.05910
254 0.05910
255 0.05910
256 0.05910
257 0.05910
258 0.05396
259 0.05396
260 0.05396
261 0.05396
262 0.05396
263 0.05396
264 0.04969
265 0.04969
266 0.04969
267 0.04969
268 0.04969
269 0.04969
270 0.03903
271 0.03903
272 0.03903
273 0.03903
274 0.03903
275 0.03903
276 0.04344
277 0.04344
278 0.04344
279 0.04344
280 0.04344
281 0.04344
282 0.04342
283 0.04342
284 0.04342
285 0.04342
286 0.04342
287 0.04342
