5
3
2
0 120 0.1 0.1
2565 2465 2488
1 130 0.0 0.1
2568 2408 2498
25
0 171 5 277 56.17
91 267 317
1 18 2 222 15.92
51 10 12
2 3 6 45 523.57
1689 328 310
3 189 25 288 251.73
374 1824 716
4 177 29 287 196.97
639 113 107
5 201 85 288 108.28
190 194 990
6 18 2 105 510.26
1652 302 287
7 10 1 164 675.48
1887 1636 625
8 11 0 32 194.46
303 502 1815
9 60 25 98 129.70
221 237 1225
10 27 2 160 103.45
168 171 1062
11 199 9 286 342.18
792 1548 385
12 196 8 240 364.09
1190 171 193
13 169 14 273 39.29
73 73 327
14 36 67 288 37.90
67 68 343
15 23 0 72 382.90
611 2004 1950
16 52 20 148 195.60
633 115 113
17 3 13 110 17.13
55 12 10
18 63 25 142 232.61
364 1608 649
19 185 4 288 323.81
1041 218 194
20 57 4 136 353.66
1143 220 197
21 185 44 287 134.72
233 235 1265
22 71 1 288 319.16
1037 170 182
23 73 139 288 362.93
854 1573 414
24 25 11 107 88.60
137 357 642
