288
0 0.04810
1 0.04810
2 0.04810
3 0.04810
4 0.04810
5 0.04810
6 0.04117
7 0.04117
8 0.04117
9 0.04117
10 0.04117
11 0.04117
12 0.03994
13 0.03994
14 0.03994
15 0.03994
16 0.03994
17 0.03994
18 0.03993
19 0.03993
20 0.03993
21 0.03993
22 0.03993
23 0.03993
24 0.03993
25 0.03993
26 0.03993
27 0.03993
28 0.03993
29 0.03993
30 0.03993
31 0.03993
32 0.03993
33 0.03993
34 0.03993
35 0.03993
36 0.03993
37 0.03993
38 0.03993
39 0.03993
40 0.03993
41 0.03993
42 0.03993
43 0.03993
44 0.03993
45 0.03993
46 0.03993
47 0.03993
48 0.03993
49 0.03993
50 0.03993
51 0.03993
52 0.03993
53 0.03993
54 0.03993
55 0.03993
56 0.03993
57 0.03993
58 0.03993
59 0.03993
60 0.03993
61 0.03993
62 0.03993
63 0.03993
64 0.03993
65 0.03993
66 0.03993
67 0.03993
68 0.03993
69 0.03993
70 0.03993
71 0.03993
72 0.04337
73 0.04337
74 0.04337
75 0.04337
76 0.04337
77 0.04337
78 0.04360
79 0.04360
80 0.04360
81 0.04360
82 0.04360
83 0.04360
84 0.04465
85 0.04465
86 0.04465
87 0.04465
88 0.04465
89 0.04465
90 0.04465
91 0.04465
92 0.04465
93 0.04465
94 0.04465
95 0.04465
96 0.04465
97 0.04465
98 0.04465
99 0.04465
100 0.04465
101 0.04465
102 0.04465
103 0.04465
104 0.04465
105 0.04465
106 0.04465
107 0.04465
108 0.04514
109 0.04514
110 0.04514
111 0.04514
112 0.04514
113 0.04514
114 0.04641
115 0.04641
116 0.04641
117 0.04641
118 0.04641
119 0.04641
120 0.04641
121 0.04641
122 0.04641
123 0.04641
124 0.04641
125 0.04641
126 0.06846
127 0.06846
128 0.06846
129 0.06846
130 0.06846
131 0.06846
132 0.07456
133 0.07456
134 0.07456
135 0.07456
136 0.07456
137 0.07456
138 0.08128
139 0.08128
140 0.08128
141 0.08128
142 0.08128
143 0.08128
144 0.07787
145 0.07787
146 0.07787
147 0.07787
148 0.07787
149 0.07787
150 0.08190
151 0.08190
152 0.08190
153 0.08190
154 0.08190
155 0.08190
156 0.08108
157 0.08108
158 0.08108
159 0.08108
160 0.08108
161 0.08108
162 0.07456
163 0.07456
164 0.07456
165 0.07456
166 0.07456
167 0.07456
168 0.07456
169 0.07456
170 0.07456
171 0.07456
172 0.07456
173 0.07456
174 0.07456
175 0.07456
176 0.07456
177 0.07456
178 0.07456
179 0.07456
180 0.07407
181 0.07407
182 0.07407
183 0.07407
184 0.07407
185 0.07407
186 0.07407
187 0.07407
188 0.07407
189 0.07407
190 0.07407
191 0.07407
192 0.07407
193 0.07407
194 0.07407
195 0.07407
196 0.07407
197 0.07407
198 0.07437
199 0.07437
200 0.07437
201 0.07437
202 0.07437
203 0.07437
204 0.07456
205 0.07456
206 0.07456
207 0.07456
208 0.07456
209 0.07456
210 0.08002
211 0.08002
212 0.08002
213 0.08002
214 0.08002
215 0.08002
216 0.08318
217 0.08318
218 0.08318
219 0.08318
220 0.08318
221 0.08318
222 0.08318
223 0.08318
224 0.08318
225 0.08318
226 0.08318
227 0.08318
228 0.08318
229 0.08318
230 0.08318
231 0.08318
232 0.08318
233 0.08318
234 0.07456
235 0.07456
236 0.07456
237 0.07456
238 0.07456
239 0.07456
240 0.07456
241 0.07456
242 0.07456
243 0.07456
244 0.07456
245 0.07456
246 0.07407
247 0.07407
248 0.07407
249 0.07407
250 0.07407
251 0.07407
252 0.07407
253 0.07407
254 0.07407
255 0.07407
256 0.07407
257 0.07407
258 0.05669
259 0.05669
260 0.05669
261 0.05669
262 0.05669
263 0.05669
264 0.05430
265 0.05430
266 0.05430
267 0.05430
268 0.05430
269 0.05430
270 0.05349
271 0.05349
272 0.05349
273 0.05349
274 0.05349
275 0.05349
276 0.05669
277 0.05669
278 0.05669
279 0.05669
280 0.05669
281 0.05669
282 0.05669
283 0.05669
284 0.05669
285 0.05669
286 0.05669
287 0.05669
