5
3
40
0 130 0.0 0.1
2512 2451 2473
1 150 0.1 0.1
2513 2482 2453
2 190 0.1 0.0
2505 2528 2514
3 170 0.1 0.1
2494 2469 2382
4 170 0.1 0.1
2501 2509 2459
5 150 0.1 0.1
2470 2454 2478
6 150 0.1 0.1
2448 2473 2463
7 150 0.1 0.1
2571 2413 2460
8 120 0.1 0.1
2444 2552 2580
9 130 0.0 0.1
2504 2488 2473
10 170 0.1 0.1
2519 2486 2428
11 170 0.1 0.1
2444 2555 2596
12 170 0.1 0.1
2503 2538 2521
13 120 0.1 0.1
2593 2589 2601
14 190 0.1 0.0
2442 2464 2506
15 150 0.1 0.1
2500 2497 2486
16 120 0.1 0.1
2512 2473 2395
17 150 0.1 0.1
2442 2389 2488
18 170 0.1 0.1
2547 2484 2537
19 170 0.1 0.1
2535 2415 2496
20 130 0.0 0.1
2511 2491 2472
21 120 0.1 0.1
2478 2557 2427
22 130 0.0 0.1
2479 2550 2448
23 130 0.0 0.1
2554 2548 2444
24 190 0.1 0.0
2549 2544 2491
25 190 0.1 0.0
2427 2473 2544
26 130 0.0 0.1
2460 2394 2518
27 130 0.0 0.1
2541 2428 2533
28 170 0.1 0.1
2626 2497 2493
29 190 0.1 0.0
2522 2469 2439
30 150 0.1 0.1
2494 2583 2436
31 120 0.1 0.1
2480 2515 2571
32 170 0.1 0.1
2462 2461 2442
33 150 0.1 0.1
2534 2506 2555
34 150 0.1 0.1
2392 2561 2543
35 150 0.1 0.1
2421 2578 2443
36 150 0.1 0.1
2450 2504 2574
37 190 0.1 0.0
2552 2435 2491
38 190 0.1 0.0
2493 2519 2496
39 150 0.1 0.1
2459 2476 2491
500
0 79 11 196 473.57
1157 1569 775
1 7 29 242 500.46
1585 302 317
2 15 130 278 258.65
809 232 121
3 74 33 287 663.47
1761 1879 584
4 66 8 247 193.46
324 723 1234
5 7 71 213 225.94
345 1537 636
6 45 2 243 645.77
1739 1692 599
7 28 39 181 508.14
1364 1312 531
8 132 59 273 188.18
527 395 180
9 58 14 122 193.75
285 637 1643
10 17 133 255 65.84
97 322 399
11 10 6 287 280.03
446 1074 1906
12 189 53 268 81.98
261 47 46
13 39 5 247 373.04
1205 158 172
14 32 247 287 338.79
447 1968 1951
15 100 11 272 297.81
449 1495 1675
16 4 0 276 658.05
1605 2156 1132
17 193 47 271 163.05
516 91 117
18 54 21 273 344.17
1098 161 232
19 5 0 5 260.16
549 1372 267
20 91 57 274 326.98
1031 242 172
21 50 2 231 126.35
404 65 70
22 9 0 233 763.85
1967 2167 1090
23 110 43 211 284.50
703 1038 267
24 74 73 283 135.35
425 100 84
25 71 150 287 58.76
90 82 640
26 33 98 288 546.67
1754 311 216
27 143 40 226 365.38
1174 173 185
28 35 176 288 42.26
57 76 489
29 53 21 180 314.75
1000 206 153
30 85 30 186 428.04
1211 946 252
31 67 75 155 88.47
128 721 120
32 203 12 274 185.38
587 102 133
33 105 27 216 790.03
2125 2008 843
34 37 215 288 497.72
1419 1018 340
35 3 151 287 517.17
1359 1430 603
36 43 9 256 258.75
795 277 154
37 142 42 221 148.37
264 287 1239
38 75 48 227 280.79
484 1090 1634
39 75 2 283 28.89
93 14 13
40 23 12 199 178.10
312 427 1398
41 78 18 212 136.09
201 833 570
42 42 1 267 286.59
919 125 174
43 190 55 281 110.70
181 197 1062
44 7 0 37 114.62
196 303 891
45 104 42 288 435.36
1060 1365 854
46 44 57 288 335.84
722 1696 364
47 10 0 177 39.33
125 23 23
48 52 2 110 705.18
1588 2329 2109
49 144 36 207 0.70
2 1 1
50 56 12 266 430.57
823 1872 1639
51 37 179 267 208.73
359 603 1531
52 16 0 85 507.80
1088 1524 2137
53 38 214 287 81.03
131 146 785
54 113 21 287 163.68
445 421 134
55 50 0 164 520.52
1078 1769 2141
56 74 72 247 54.50
173 32 33
57 24 1 223 673.59
1699 1855 1294
58 14 24 288 295.85
922 214 239
59 269 18 287 56.20
94 89 541
60 135 4 275 37.54
69 66 308
61 24 54 287 360.11
1137 213 259
62 85 29 184 54.71
80 434 86
63 35 56 279 35.24
67 61 275
64 189 16 288 215.24
344 940 1285
65 17 99 271 31.15
49 49 322
66 53 13 184 0.78
1 1 10
67 66 72 224 49.84
78 149 412
68 4 0 247 277.54
896 126 119
69 40 33 271 6.14
11 9 55
70 133 116 279 211.47
326 1151 1005
71 13 240 288 257.34
454 926 1534
72 7 0 37 63.67
116 115 525
73 52 14 241 400.69
1236 407 237
74 22 13 272 6.26
11 11 55
75 128 45 235 193.37
364 505 1279
76 21 8 200 114.94
182 258 1064
77 20 4 146 602.83
1214 2334 2293
78 88 13 174 643.77
1665 1687 1077
79 24 90 259 295.98
939 148 222
80 121 8 287 216.23
682 133 153
81 33 59 199 5.95
9 10 63
82 99 154 288 101.21
256 347 87
83 135 12 162 301.96
966 162 154
84 4 0 144 112.30
188 177 1081
85 81 151 265 291.97
485 1388 1445
86 44 2 281 6.33
20 4 4
87 26 4 221 80.67
148 153 647
88 23 28 147 246.88
598 930 272
89 11 71 288 433.82
926 1632 1355
90 58 109 287 106.67
168 200 1053
91 132 32 193 356.40
1147 179 152
92 58 4 126 161.32
504 115 124
93 94 152 279 264.87
833 227 108
94 7 1 227 826.30
2148 1892 1716
95 141 10 181 514.00
1097 2068 1405
96 15 4 264 102.98
168 705 208
97 51 23 277 176.92
422 681 219
98 209 11 258 11.05
34 10 9
99 36 32 160 109.22
155 597 609
100 35 145 288 398.22
715 1952 1508
101 69 52 281 397.59
1272 186 243
102 98 131 287 35.92
50 307 41
103 60 71 255 30.92
51 216 52
104 129 92 284 210.94
506 838 202
105 102 88 288 429.39
1379 216 203
106 20 35 157 335.69
1077 145 202
107 18 4 287 627.15
1522 2161 973
108 69 0 222 32.90
44 282 49
109 20 6 245 99.46
186 280 636
110 62 8 157 119.96
207 224 1059
111 187 15 266 39.78
75 68 316
112 18 4 112 407.81
906 1803 622
113 127 27 186 79.42
107 338 627
114 8 110 268 364.79
1167 193 190
115 206 22 283 407.90
870 1973 621
116 110 32 172 6.60
12 11 56
117 38 46 129 547.83
1535 1226 404
118 106 0 224 63.73
118 112 517
119 127 77 287 19.42
32 31 190
120 99 33 169 59.83
83 503 83
121 4 1 283 188.06
310 401 1687
122 43 90 274 221.87
704 134 131
123 204 1 274 565.69
1701 705 447
124 37 9 288 134.93
243 198 1201
125 102 95 284 25.84
81 17 20
126 96 109 257 29.78
52 56 258
127 85 53 230 176.18
256 360 1845
128 58 28 268 282.67
695 1067 236
129 67 21 242 97.54
143 455 629
130 53 19 288 51.48
89 117 422
131 170 9 219 260.31
405 1433 1187
132 24 119 287 125.80
222 247 1058
133 7 0 20 61.54
104 144 515
134 4 13 32 300.21
525 1237 1587
135 20 1 259 285.83
518 1133 1451
136 149 42 278 253.33
809 148 121
137 6 16 194 215.85
564 623 235
138 151 35 212 262.13
449 1107 1411
139 211 41 287 377.99
1222 153 178
140 92 90 242 146.41
243 830 525
141 4 202 247 178.93
525 294 126
142 43 44 260 171.14
549 77 99
143 48 2 215 84.40
130 134 890
144 191 43 287 474.02
1452 546 255
145 5 46 225 204.80
326 1361 532
146 166 91 282 87.42
152 173 749
147 83 32 223 398.01
1161 658 322
148 108 115 250 0.53
1 3 1
149 53 38 163 315.76
709 1426 384
150 164 1 280 273.62
875 164 116
151 42 67 287 126.62
249 746 140
152 84 29 272 346.19
634 1571 1413
153 134 60 277 161.15
512 93 97
154 55 134 213 214.34
668 169 152
155 14 88 283 51.42
81 86 523
156 71 28 273 96.15
186 163 733
157 29 5 277 395.67
1120 815 318
158 24 102 269 62.22
107 132 528
159 131 9 281 60.02
107 114 503
160 50 128 280 220.26
488 1018 279
161 28 159 269 718.68
1989 1519 837
162 158 23 273 188.84
608 80 101
163 10 205 288 239.92
601 800 281
164 73 191 287 109.06
187 235 924
165 49 120 287 285.32
430 1231 1908
166 121 110 278 436.29
948 1659 1219
167 72 8 100 124.98
226 192 1093
168 4 0 9 99.00
312 64 67
169 70 89 288 597.71
1807 725 434
170 60 2 280 415.93
1253 482 367
171 154 31 284 35.94
55 282 44
172 31 74 161 304.69
984 125 148
173 40 167 287 399.84
1280 201 218
174 8 0 17 93.62
299 53 47
175 154 68 284 476.29
1525 256 233
176 17 0 287 98.74
169 190 873
177 24 4 131 281.49
886 165 224
178 47 158 255 100.09
153 220 972
179 39 12 288 632.21
1346 2281 2145
180 19 0 231 227.71
733 105 110
181 41 92 170 584.61
1682 1088 454
182 41 102 287 125.61
195 512 845
183 140 116 287 23.26
74 13 14
184 75 34 222 32.94
62 46 278
185 94 46 287 263.88
417 1112 1669
186 4 272 276 53.06
87 106 490
187 99 75 286 81.39
131 579 144
188 27 105 288 478.85
1367 951 357
189 16 89 288 40.77
62 81 411
190 28 30 102 245.68
446 817 1477
191 149 4 288 14.93
25 102 26
192 37 68 226 205.84
317 932 1263
193 23 4 283 194.58
411 1016 212
194 16 5 258 15.42
49 9 9
195 23 195 260 238.55
540 1079 257
196 20 49 281 87.40
131 152 927
197 33 9 280 119.35
200 521 648
198 59 1 181 121.75
188 233 1221
199 41 78 121 152.14
238 658 954
200 16 5 112 190.13
608 93 112
201 54 169 287 241.96
357 1069 1634
202 43 63 287 253.21
551 1222 313
203 24 3 233 297.54
458 1556 1514
204 101 94 279 101.61
153 162 1095
205 176 70 287 117.87
184 177 1241
206 47 70 221 232.52
736 127 170
207 109 7 288 110.41
186 683 291
208 251 13 287 79.34
145 162 623
209 215 28 260 337.61
1062 242 207
210 19 1 88 236.57
609 741 234
211 19 1 76 181.14
275 1457 184
212 105 13 287 19.85
36 33 169
213 79 162 272 163.72
231 1257 379
214 136 36 268 14.15
27 27 106
215 10 83 267 31.02
60 43 251
216 219 33 287 189.58
612 77 95
217 34 133 288 257.04
823 134 132
218 62 0 259 40.43
66 61 405
219 7 0 247 361.44
1064 584 245
220 104 11 217 500.65
1420 1017 404
221 12 18 270 49.46
78 155 394
222 27 2 95 43.61
80 82 351
223 104 154 287 163.28
255 1126 397
224 19 62 226 268.90
400 1788 893
225 75 53 229 79.09
133 146 725
226 70 12 262 265.33
493 1661 348
227 47 0 137 66.07
97 103 733
228 106 16 262 215.77
298 1027 1489
229 8 164 230 195.21
335 400 1683
230 5 5 58 111.92
357 63 60
231 14 14 174 453.20
1429 307 281
232 116 63 287 123.08
154 772 682
233 80 0 245 449.97
1052 1676 790
234 222 18 258 503.29
979 2046 2010
235 23 66 287 441.39
836 2127 1422
236 92 10 279 390.52
1149 593 326
237 98 25 241 301.73
568 1825 440
238 20 67 182 509.03
1235 1894 582
239 224 34 276 388.43
1055 1012 306
240 150 30 269 47.64
151 33 23
241 62 62 256 89.25
213 360 85
242 62 7 222 173.57
551 102 105
243 143 123 287 118.10
228 226 865
244 24 88 260 256.28
407 1410 1112
245 33 40 183 17.29
55 10 10
246 30 105 272 261.01
792 306 185
247 33 156 288 101.97
164 327 779
248 61 80 212 197.82
349 378 1680
249 154 17 211 133.03
378 264 112
250 55 20 188 77.95
129 130 750
251 59 71 287 531.87
1637 511 384
252 30 105 288 16.62
32 32 122
253 108 2 231 8.94
28 6 7
254 81 16 130 62.07
110 105 544
255 133 137 287 214.15
329 952 1346
256 85 64 261 71.54
117 126 688
257 67 0 249 612.83
1915 518 347
258 155 13 273 308.57
397 1789 1853
259 41 138 234 568.54
1334 1636 1687
260 197 70 287 0.70
1 1 8
261 153 54 255 156.34
486 151 78
262 73 144 277 45.41
85 73 372
263 5 0 276 206.30
656 116 125
264 32 137 288 338.32
539 1572 1890
265 194 33 269 241.04
403 835 1641
266 51 12 167 291.42
428 1338 1906
267 125 3 247 43.17
77 69 381
268 4 18 95 95.03
304 54 44
269 146 36 239 451.24
1241 1118 334
270 62 10 220 178.46
266 360 1829
271 33 49 184 351.46
1121 207 175
272 47 18 164 216.26
299 1588 652
273 3 183 259 43.42
55 355 112
274 58 0 148 0.53
1 3 1
275 4 13 127 126.79
252 194 951
276 71 210 284 542.56
1392 1552 791
277 203 0 287 230.51
731 144 132
278 89 160 285 56.18
99 88 507
279 73 128 287 423.99
1352 250 213
280 29 124 287 84.34
148 551 137
281 46 2 232 200.94
296 1286 763
282 109 98 288 608.82
1505 2046 830
283 69 26 250 22.99
39 50 197
284 6 195 220 99.23
126 887 140
285 36 153 287 324.62
1037 182 164
286 152 120 287 498.14
1604 242 219
287 50 218 288 313.33
710 1445 291
288 133 21 223 21.28
39 29 188
289 71 27 269 7.93
24 8 8
290 14 138 191 116.92
175 942 134
291 40 41 147 302.60
957 198 178
292 86 83 287 706.55
1689 1930 2033
293 120 20 270 20.29
37 34 171
294 88 26 270 267.59
790 402 211
295 95 146 287 49.14
85 106 411
296 17 2 174 108.30
346 63 51
297 69 3 167 245.19
526 1202 328
298 10 70 128 373.16
870 1634 306
299 79 165 287 136.87
221 234 1347
300 102 67 245 349.92
1120 162 213
301 15 0 38 131.35
228 226 1179
302 51 143 288 683.84
1824 1781 773
303 221 15 273 64.60
118 105 548
304 121 34 284 164.18
251 743 1021
305 77 46 273 18.98
61 8 11
306 49 14 187 127.09
192 924 283
307 125 13 285 75.61
127 115 731
308 33 202 267 42.12
133 27 27
309 47 129 226 19.38
32 37 180
310 149 103 288 2.76
9 1 1
311 13 2 224 384.30
1219 234 227
312 155 115 287 123.63
392 76 73
313 4 0 194 102.86
152 731 278
314 12 65 287 58.97
103 82 554
315 112 27 287 193.25
412 993 208
316 8 10 210 55.57
108 331 65
317 56 75 253 97.79
152 153 1025
318 18 75 288 84.72
141 189 738
319 145 11 178 187.15
587 116 154
320 49 5 267 163.02
513 126 85
321 168 95 287 157.20
220 280 1767
322 50 108 288 336.62
1073 185 192
323 109 161 287 449.68
901 1556 2020
324 90 8 199 532.25
1542 989 341
325 12 6 287 427.28
835 1628 1843
326 44 94 243 430.91
1379 226 224
327 120 67 273 45.53
68 321 122
328 83 153 284 59.41
96 435 84
329 65 23 244 519.91
1647 320 317
330 34 71 240 16.56
52 11 12
331 25 23 124 75.80
119 132 766
332 43 4 185 189.30
435 842 180
333 8 195 288 27.06
86 17 14
334 50 60 288 859.71
2314 1834 1433
335 40 106 279 139.57
380 364 103
336 3 169 193 54.85
93 239 291
337 16 78 123 428.15
1014 1729 459
338 114 1 173 104.48
197 178 831
339 39 11 148 426.29
1294 557 213
340 61 1 68 475.58
1496 350 278
341 38 2 139 232.58
537 980 285
342 4 0 244 268.07
847 169 173
343 15 1 34 159.23
282 758 664
344 95 18 288 90.56
134 144 993
345 41 56 266 6.62
21 4 4
346 61 15 132 37.33
66 56 339
347 178 7 246 202.88
635 150 140
348 88 77 288 166.55
285 417 1328
349 111 36 269 587.73
1824 542 353
350 3 213 288 155.92
495 95 89
351 4 0 19 728.63
1741 1959 2149
352 127 3 245 127.45
402 73 98
353 4 133 252 96.80
148 752 131
354 150 8 203 114.60
185 824 186
355 85 168 288 25.92
50 43 200
356 160 4 287 344.42
1094 201 206
357 65 10 150 152.21
492 65 67
358 87 14 220 347.46
661 1861 819
359 83 24 255 18.50
35 33 144
360 95 1 283 2.47
8 1 1
361 44 6 105 35.28
50 281 65
362 11 83 171 87.31
165 160 675
363 32 3 200 90.03
290 41 43
364 59 71 274 458.85
1146 1375 794
365 252 5 274 38.32
120 31 22
366 27 64 155 13.75
19 114 22
367 43 6 163 282.52
471 996 1907
368 36 9 178 310.93
982 215 175
369 37 6 219 369.92
955 1162 342
370 189 2 287 217.86
701 102 105
371 101 78 278 76.81
136 162 626
372 3 5 279 68.65
102 553 84
373 141 49 278 149.46
290 887 183
374 15 2 92 113.78
366 55 53
375 80 0 202 304.75
544 1256 1533
376 56 104 288 17.40
35 25 130
377 25 0 50 27.02
43 43 275
378 87 13 122 521.15
1511 885 451
379 10 106 288 180.47
306 861 845
380 4 0 165 145.98
252 248 1325
381 246 40 287 124.13
213 222 1119
382 70 1 190 140.96
446 80 100
383 17 0 78 48.04
72 98 488
384 114 131 257 323.56
555 1930 891
385 3 68 281 116.21
178 796 315
386 42 5 108 151.24
279 307 1172
387 42 85 246 792.77
2108 1652 1561
388 103 9 152 283.38
879 231 219
389 73 2 150 59.47
192 26 27
390 25 51 193 672.35
1739 1952 839
391 53 172 287 331.57
1054 216 159
392 32 155 264 27.65
38 229 46
393 23 232 287 112.37
189 184 1065
394 107 55 274 60.95
100 444 79
395 8 222 287 539.33
1202 1637 1917
396 4 0 50 163.64
524 87 81
397 18 81 163 154.76
281 208 1390
398 129 147 287 269.42
428 1865 594
399 37 123 287 396.24
1280 170 179
400 72 32 288 703.87
2085 1169 339
401 32 237 288 160.47
452 347 120
402 44 75 288 244.71
415 923 1512
403 29 189 287 166.86
514 166 109
404 110 4 233 270.60
401 1287 1678
405 62 33 121 369.58
1158 268 254
406 19 3 78 532.31
1047 2264 1895
407 45 122 287 54.05
75 87 626
408 31 69 263 401.57
878 1973 415
409 31 2 94 586.07
1527 1607 795
410 58 6 120 163.43
251 1281 196
411 42 101 259 164.56
260 1215 259
412 55 186 287 24.89
42 176 32
413 87 25 275 234.10
384 1076 1248
414 18 256 283 333.33
606 1379 1592
415 69 9 276 230.55
732 138 135
416 32 4 220 220.62
495 997 270
417 95 22 231 148.35
217 1114 327
418 98 8 221 250.72
403 964 1677
419 151 0 218 138.22
446 62 62
420 29 101 254 288.99
833 545 203
421 43 199 287 161.19
323 219 1232
422 127 48 227 46.02
81 316 50
423 23 68 159 20.23
36 31 181
424 39 0 197 202.88
355 436 1671
425 2 154 183 96.84
119 876 149
426 135 4 284 137.51
435 90 80
427 51 11 195 201.94
638 129 128
428 15 71 272 640.77
1589 1697 1523
429 27 178 218 644.46
1792 1476 521
430 30 11 208 28.15
50 49 244
431 57 75 287 84.99
112 708 169
432 96 82 249 497.15
1423 1005 318
433 61 5 236 233.13
348 1062 1498
434 52 56 287 147.35
251 795 544
435 50 62 184 199.59
454 844 288
436 28 2 120 98.45
146 760 172
437 78 15 214 185.68
460 652 204
438 90 46 288 207.04
659 115 123
439 72 9 147 640.33
1529 2286 1049
440 49 99 212 358.34
957 985 319
441 89 59 287 579.28
1598 1361 506
442 166 69 276 36.42
62 69 326
443 100 76 235 850.62
2195 2323 1317
444 28 0 84 352.05
1124 191 192
445 110 31 200 125.93
405 57 65
446 43 95 288 204.34
365 439 1631
447 103 77 287 58.76
93 436 88
448 97 0 244 233.93
412 928 1270
449 38 19 232 320.44
548 1454 1580
450 52 83 279 78.07
108 324 609
451 73 103 288 0.70
2 1 1
452 90 4 233 15.61
50 8 8
453 25 2 157 230.96
379 915 1450
454 40 29 288 116.77
180 873 199
455 50 2 186 500.48
1376 1159 495
456 34 9 267 317.25
983 261 249
457 106 36 288 606.65
1798 931 400
458 31 2 266 60.84
108 387 106
459 123 24 288 715.90
1934 1937 529
460 54 7 270 462.29
1311 860 493
461 77 63 258 30.14
49 219 43
462 86 2 157 119.81
188 215 1202
463 98 7 281 111.57
209 160 942
464 106 64 253 53.40
93 98 468
465 26 166 288 662.81
1802 1566 751
466 31 244 287 46.04
145 33 27
467 140 102 286 17.76
28 28 183
468 152 3 232 179.58
283 659 1288
469 76 1 206 94.63
157 165 897
470 7 130 255 103.13
127 920 176
471 67 118 288 45.87
71 79 472
472 11 150 287 82.10
161 151 593
473 48 0 201 274.48
641 1173 261
474 102 31 283 77.38
117 131 819
475 54 76 237 344.04
599 1561 1622
476 27 2 288 226.36
338 825 1763
477 67 4 159 166.27
527 94 112
478 161 44 288 630.86
1820 1195 424
479 133 24 275 23.81
42 33 221
480 168 1 252 337.21
749 1595 359
481 79 179 287 451.49
1450 240 194
482 77 14 152 181.56
269 853 1142
483 38 24 288 314.11
970 258 270
484 95 1 245 62.17
104 428 104
485 60 160 287 839.23
2173 2305 1228
486 39 3 181 598.59
1582 1807 407
487 56 1 249 170.34
275 733 1014
488 49 5 91 238.06
554 996 272
489 42 12 69 393.54
1019 1212 379
490 16 0 98 13.52
26 23 104
491 80 13 214 298.25
667 1404 296
492 23 6 238 128.80
219 225 1183
493 87 31 201 111.76
194 387 711
494 176 48 288 415.68
1338 214 168
495 89 175 288 266.51
847 145 172
496 19 0 192 205.84
296 626 1869
497 27 18 123 150.33
257 226 1426
498 53 14 173 160.01
261 361 1425
499 67 43 263 49.29
83 81 466
