288
0 0.03950
1 0.03950
2 0.03950
3 0.03950
4 0.03950
5 0.03950
6 0.03950
7 0.03950
8 0.03950
9 0.03950
10 0.03950
11 0.03950
12 0.03950
13 0.03950
14 0.03950
15 0.03950
16 0.03950
17 0.03950
18 0.03943
19 0.03943
20 0.03943
21 0.03943
22 0.03943
23 0.03943
24 0.03608
25 0.03608
26 0.03608
27 0.03608
28 0.03608
29 0.03608
30 0.03608
31 0.03608
32 0.03608
33 0.03608
34 0.03608
35 0.03608
36 0.03608
37 0.03608
38 0.03608
39 0.03608
40 0.03608
41 0.03608
42 0.03608
43 0.03608
44 0.03608
45 0.03608
46 0.03608
47 0.03608
48 0.03608
49 0.03608
50 0.03608
51 0.03608
52 0.03608
53 0.03608
54 0.03608
55 0.03608
56 0.03608
57 0.03608
58 0.03608
59 0.03608
60 0.03608
61 0.03608
62 0.03608
63 0.03608
64 0.03608
65 0.03608
66 0.03943
67 0.03943
68 0.03943
69 0.03943
70 0.03943
71 0.03943
72 0.04515
73 0.04515
74 0.04515
75 0.04515
76 0.04515
77 0.04515
78 0.04752
79 0.04752
80 0.04752
81 0.04752
82 0.04752
83 0.04752
84 0.05122
85 0.05122
86 0.05122
87 0.05122
88 0.05122
89 0.05122
90 0.05372
91 0.05372
92 0.05372
93 0.05372
94 0.05372
95 0.05372
96 0.04787
97 0.04787
98 0.04787
99 0.04787
100 0.04787
101 0.04787
102 0.04787
103 0.04787
104 0.04787
105 0.04787
106 0.04787
107 0.04787
108 0.04815
109 0.04815
110 0.04815
111 0.04815
112 0.04815
113 0.04815
114 0.05122
115 0.05122
116 0.05122
117 0.05122
118 0.05122
119 0.05122
120 0.05122
121 0.05122
122 0.05122
123 0.05122
124 0.05122
125 0.05122
126 0.06286
127 0.06286
128 0.06286
129 0.06286
130 0.06286
131 0.06286
132 0.06394
133 0.06394
134 0.06394
135 0.06394
136 0.06394
137 0.06394
138 0.06267
139 0.06267
140 0.06267
141 0.06267
142 0.06267
143 0.06267
144 0.06318
145 0.06318
146 0.06318
147 0.06318
148 0.06318
149 0.06318
150 0.06422
151 0.06422
152 0.06422
153 0.06422
154 0.06422
155 0.06422
156 0.06159
157 0.06159
158 0.06159
159 0.06159
160 0.06159
161 0.06159
162 0.05122
163 0.05122
164 0.05122
165 0.05122
166 0.05122
167 0.05122
168 0.05122
169 0.05122
170 0.05122
171 0.05122
172 0.05122
173 0.05122
174 0.05122
175 0.05122
176 0.05122
177 0.05122
178 0.05122
179 0.05122
180 0.05122
181 0.05122
182 0.05122
183 0.05122
184 0.05122
185 0.05122
186 0.05122
187 0.05122
188 0.05122
189 0.05122
190 0.05122
191 0.05122
192 0.06491
193 0.06491
194 0.06491
195 0.06491
196 0.06491
197 0.06491
198 0.06544
199 0.06544
200 0.06544
201 0.06544
202 0.06544
203 0.06544
204 0.06574
205 0.06574
206 0.06574
207 0.06574
208 0.06574
209 0.06574
210 0.06584
211 0.06584
212 0.06584
213 0.06584
214 0.06584
215 0.06584
216 0.06667
217 0.06667
218 0.06667
219 0.06667
220 0.06667
221 0.06667
222 0.06668
223 0.06668
224 0.06668
225 0.06668
226 0.06668
227 0.06668
228 0.06659
229 0.06659
230 0.06659
231 0.06659
232 0.06659
233 0.06659
234 0.06584
235 0.06584
236 0.06584
237 0.06584
238 0.06584
239 0.06584
240 0.06584
241 0.06584
242 0.06584
243 0.06584
244 0.06584
245 0.06584
246 0.06574
247 0.06574
248 0.06574
249 0.06574
250 0.06574
251 0.06574
252 0.06568
253 0.06568
254 0.06568
255 0.06568
256 0.06568
257 0.06568
258 0.06528
259 0.06528
260 0.06528
261 0.06528
262 0.06528
263 0.06528
264 0.05106
265 0.05106
266 0.05106
267 0.05106
268 0.05106
269 0.05106
270 0.04798
271 0.04798
272 0.04798
273 0.04798
274 0.04798
275 0.04798
276 0.05373
277 0.05373
278 0.05373
279 0.05373
280 0.05373
281 0.05373
282 0.05373
283 0.05373
284 0.05373
285 0.05373
286 0.05373
287 0.05373
