5
3
60
0 190 0.1 0.0
2404 2502 2409
1 170 0.1 0.1
2552 2445 2539
2 130 0.0 0.1
2476 2586 2522
3 130 0.0 0.1
2493 2464 2503
4 170 0.1 0.1
2483 2529 2479
5 120 0.1 0.1
2384 2545 2595
6 130 0.0 0.1
2548 2555 2582
7 190 0.1 0.0
2529 2536 2411
8 130 0.0 0.1
2519 2519 2441
9 190 0.1 0.0
2538 2537 2498
10 120 0.1 0.1
2521 2491 2513
11 120 0.1 0.1
2475 2537 2496
12 130 0.0 0.1
2432 2545 2463
13 170 0.1 0.1
2356 2511 2584
14 150 0.1 0.1
2602 2620 2509
15 190 0.1 0.0
2448 2592 2476
16 150 0.1 0.1
2441 2446 2557
17 130 0.0 0.1
2555 2481 2478
18 120 0.1 0.1
2476 2448 2567
19 150 0.1 0.1
2411 2556 2525
20 170 0.1 0.1
2502 2434 2500
21 150 0.1 0.1
2495 2539 2565
22 150 0.1 0.1
2531 2387 2515
23 130 0.0 0.1
2419 2579 2456
24 150 0.1 0.1
2343 2375 2471
25 120 0.1 0.1
2511 2521 2509
26 130 0.0 0.1
2495 2577 2559
27 190 0.1 0.0
2525 2498 2495
28 120 0.1 0.1
2529 2561 2453
29 130 0.0 0.1
2593 2570 2612
30 170 0.1 0.1
2525 2482 2463
31 150 0.1 0.1
2540 2473 2516
32 170 0.1 0.1
2509 2490 2592
33 190 0.1 0.0
2454 2481 2575
34 150 0.1 0.1
2533 2527 2439
35 130 0.0 0.1
2415 2436 2482
36 170 0.1 0.1
2446 2468 2517
37 190 0.1 0.0
2557 2601 2409
38 120 0.1 0.1
2522 2510 2475
39 170 0.1 0.1
2569 2531 2483
40 150 0.1 0.1
2468 2443 2477
41 130 0.0 0.1
2480 2522 2460
42 120 0.1 0.1
2612 2477 2453
43 150 0.1 0.1
2530 2566 2562
44 170 0.1 0.1
2484 2462 2542
45 150 0.1 0.1
2532 2485 2476
46 150 0.1 0.1
2462 2436 2534
47 170 0.1 0.1
2484 2512 2450
48 170 0.1 0.1
2516 2443 2495
49 120 0.1 0.1
2465 2445 2606
50 150 0.1 0.1
2476 2508 2556
51 190 0.1 0.0
2451 2550 2522
52 130 0.0 0.1
2531 2477 2512
53 120 0.1 0.1
2500 2411 2392
54 150 0.1 0.1
2523 2443 2437
55 150 0.1 0.1
2592 2458 2461
56 120 0.1 0.1
2659 2578 2496
57 130 0.0 0.1
2453 2422 2548
58 150 0.1 0.1
2633 2492 2434
59 120 0.1 0.1
2509 2446 2479
1000
0 64 27 287 240.64
411 685 1810
1 62 108 288 569.50
1776 562 249
2 122 127 270 154.80
477 132 139
3 34 61 288 201.88
412 468 1208
4 35 205 281 131.20
421 69 65
5 24 15 287 246.89
419 1124 1244
6 56 19 189 359.52
1094 389 296
7 126 6 227 102.33
322 78 59
8 9 2 254 418.16
1138 1110 299
9 29 162 287 60.22
96 88 626
10 72 19 278 162.59
268 602 1082
11 21 0 263 79.84
126 142 801
12 111 3 274 73.02
134 104 640
13 44 80 285 88.45
178 503 100
14 119 84 258 122.50
197 188 1248
15 50 3 271 10.36
16 18 107
16 58 106 272 176.02
430 652 192
17 62 138 258 100.75
213 541 90
18 38 34 126 118.39
169 177 1363
19 57 35 235 89.59
138 631 215
20 7 86 262 30.24
37 282 36
21 33 4 180 398.01
974 1477 418
22 5 0 280 487.87
958 2067 1779
23 23 75 287 490.06
1375 1101 361
24 83 28 242 84.03
242 167 51
25 40 9 281 390.30
1014 1233 321
26 12 188 281 69.78
215 66 53
27 42 233 284 144.90
176 834 958
28 21 120 287 218.66
709 97 84
29 81 12 287 152.34
460 163 153
30 88 133 281 82.96
269 32 39
31 103 104 274 25.77
32 38 331
32 3 24 194 41.71
60 355 38
33 109 9 150 97.19
311 56 47
34 182 27 288 43.80
81 56 389
35 17 11 92 212.15
657 180 169
36 33 18 86 532.09
1609 685 345
37 12 80 214 214.34
416 544 1362
38 15 4 50 324.84
1035 186 190
39 118 68 287 187.67
289 1249 560
40 26 18 273 194.19
528 477 200
41 10 114 276 352.38
1143 152 139
42 9 107 268 128.71
197 545 860
43 38 129 288 120.94
207 192 1135
44 58 58 217 139.89
448 74 75
45 7 246 287 46.28
144 34 40
46 88 81 256 170.44
543 77 131
47 2 285 288 549.57
1641 755 431
48 62 74 207 155.94
230 218 1766
49 17 256 288 100.35
151 192 1038
50 10 144 288 208.09
374 1021 792
51 9 120 287 13.37
19 17 159
52 33 242 288 8.04
26 4 3
53 58 10 258 75.93
241 44 50
54 53 146 287 469.32
1290 1244 249
55 52 88 281 16.44
26 125 21
56 15 43 281 159.14
183 1004 992
57 44 159 287 464.10
1160 1568 549
58 78 8 178 55.23
168 57 50
59 81 30 283 385.73
972 1440 196
60 16 4 175 60.39
175 104 53
61 59 84 167 180.89
298 1075 597
62 65 156 287 272.65
873 161 122
63 13 250 279 333.45
909 875 243
64 13 67 221 36.13
112 26 35
65 27 134 255 340.89
819 1222 529
66 63 23 93 124.61
159 988 364
67 20 4 183 241.21
305 1924 707
68 68 86 234 447.36
1180 1413 244
69 31 6 213 79.97
257 46 31
70 41 62 252 15.10
23 113 28
71 2 0 200 248.77
732 413 164
72 2 285 287 21.75
26 207 24
73 3 97 241 323.81
450 1867 1739
74 9 168 203 243.36
395 1250 1139
75 9 5 149 335.98
836 1099 478
76 16 153 222 71.59
103 562 136
77 3 0 40 307.96
951 256 272
78 72 79 287 93.72
130 189 1032
79 22 0 161 8.95
28 7 6
80 27 1 211 147.35
462 92 127
81 150 19 281 264.98
629 1131 193
82 45 119 220 284.08
908 152 162
83 11 4 147 10.89
21 15 89
84 32 0 130 209.48
679 103 67
85 5 205 288 519.22
1539 780 387
86 9 42 110 13.75
23 15 143
87 39 144 288 50.09
69 79 588
88 135 68 279 16.23
52 9 8
89 131 114 283 234.35
370 738 1868
90 17 42 211 7.54
13 16 64
91 42 80 278 150.82
317 783 188
92 27 83 287 300.84
956 216 128
93 1 155 270 241.86
682 515 197
94 3 250 279 69.50
146 337 123
95 104 33 220 186.78
269 773 1393
96 5 0 117 40.93
72 62 375
97 37 32 129 224.77
307 1353 1159
98 101 9 287 224.89
599 655 165
99 79 1 208 351.69
1138 161 144
100 14 9 164 309.28
968 249 195
101 13 100 194 436.46
899 1989 1088
102 15 5 225 358.78
1161 146 174
103 46 225 288 6.21
10 45 10
104 5 2 137 322.93
1016 199 258
105 83 18 214 24.40
41 31 246
106 62 31 285 376.72
825 1292 1233
107 78 7 162 301.62
498 1749 1053
108 62 28 283 124.44
397 78 59
109 8 128 287 319.09
1013 205 179
110 39 115 187 174.95
569 71 65
111 104 70 287 127.43
243 188 1043
112 65 33 288 310.21
1000 147 146
113 101 8 191 138.08
441 92 54
114 24 7 183 265.44
858 109 134
115 54 209 287 206.47
621 286 127
116 7 17 64 19.18
61 9 15
117 15 0 148 90.83
142 142 950
118 33 23 190 107.53
163 225 1075
119 35 86 249 30.64
39 271 48
120 22 252 287 45.16
65 91 481
121 6 216 283 21.52
69 12 10
122 14 7 166 4.70
8 7 45
123 193 41 262 245.15
777 177 117
124 83 30 270 382.72
1222 215 212
125 40 169 287 111.57
192 241 944
126 3 0 216 72.85
138 224 428
127 62 7 97 134.12
347 410 141
128 24 1 95 148.36
352 636 105
129 17 12 135 103.57
208 595 111
130 31 25 238 257.74
530 1471 204
131 7 36 63 271.63
862 161 175
132 58 18 205 208.66
678 92 71
133 17 48 236 471.07
1257 1297 442
134 25 51 276 34.15
103 40 30
135 203 35 288 90.66
287 62 51
136 52 168 242 30.91
49 234 40
137 11 52 122 18.76
28 153 20
138 64 0 288 144.84
205 233 1655
139 4 68 287 363.06
1076 575 227
140 6 127 288 163.73
270 794 807
141 6 252 288 71.25
108 128 744
142 38 45 251 358.32
1064 486 332
143 2 0 15 167.45
542 75 70
144 43 13 211 22.26
33 79 179
145 92 6 179 48.74
93 105 349
146 73 182 288 63.06
120 97 512
147 2 0 189 234.24
749 131 123
148 141 15 238 91.34
277 88 98
149 28 183 287 54.05
169 39 42
150 4 2 285 224.60
574 741 204
151 45 0 226 104.52
333 60 61
152 13 4 263 132.00
327 487 115
153 7 22 186 33.75
108 17 20
154 88 34 286 228.37
411 1012 1028
155 177 8 280 125.32
400 62 83
156 5 0 10 102.90
187 151 908
157 151 20 278 207.02
538 596 256
158 71 17 278 145.62
469 56 91
159 122 53 251 99.80
160 426 611
160 39 9 163 248.14
782 171 162
161 20 4 62 155.62
215 699 1142
162 31 11 249 9.92
20 23 61
163 18 18 188 12.53
21 21 119
164 132 40 288 134.63
230 138 1380
165 42 0 128 40.51
130 22 19
166 11 98 267 14.99
28 30 115
167 47 2 269 453.66
1466 242 148
168 94 118 258 275.53
495 1136 1374
169 206 2 249 101.09
135 181 1184
170 138 95 285 445.76
1049 1665 745
171 134 89 287 162.02
477 255 126
172 98 137 287 185.08
273 468 1782
173 179 36 275 2.40
4 16 5
174 139 94 287 53.71
173 23 30
175 16 103 198 143.01
289 208 1061
176 61 6 223 15.18
30 17 125
177 120 12 261 131.30
413 76 113
178 66 146 284 13.71
27 21 105
179 6 229 287 598.58
1379 1883 1737
180 22 71 257 26.32
50 32 227
181 18 4 63 49.29
160 17 25
182 35 208 287 86.77
149 101 866
183 120 25 163 182.66
248 1217 776
184 111 36 253 10.57
20 24 75
185 37 76 175 152.25
488 79 81
186 83 7 199 388.91
772 1473 1622
187 6 0 241 13.75
43 11 9
188 7 123 243 592.60
1656 1345 463
189 2 0 154 566.26
1252 2002 1680
190 104 51 280 6.40
11 44 9
191 24 9 229 336.74
563 1909 1192
192 117 87 222 469.60
1198 1447 595
193 15 76 205 266.18
366 1530 1464
194 113 61 281 7.54
14 14 60
195 71 8 105 113.36
199 730 204
196 92 1 165 167.39
417 622 123
197 3 52 236 340.82
868 1205 210
198 69 54 279 361.88
1149 191 264
199 88 52 253 111.49
360 43 63
200 104 12 138 214.20
681 125 132
201 139 34 284 81.19
133 110 832
202 155 42 256 174.15
555 89 117
203 2 97 199 128.14
407 68 92
204 189 14 287 110.08
166 134 1251
205 4 101 240 87.40
175 135 648
206 24 85 245 165.18
279 599 1071
207 4 8 199 498.97
1406 1128 315
208 100 17 278 183.86
588 116 76
209 2 151 271 76.35
109 638 93
210 45 7 131 194.61
392 1097 232
211 80 45 266 370.59
1156 323 224
212 11 82 287 549.97
1409 1926 308
213 92 33 143 323.41
761 1304 397
214 2 143 227 455.05
888 1816 1866
215 40 55 250 156.46
503 83 70
216 157 7 288 68.20
120 291 343
217 1 0 228 403.06
865 1173 1757
218 31 50 286 144.21
448 115 116
219 91 5 203 52.87
102 97 396
220 11 6 53 221.33
693 188 123
221 13 198 282 271.85
780 555 163
222 6 56 140 191.69
329 656 1265
223 4 8 67 262.58
646 971 257
224 27 1 209 114.90
205 145 1076
225 25 158 286 116.92
361 99 101
226 65 52 179 135.03
422 115 80
227 6 219 287 192.32
267 1286 769
228 47 32 287 216.74
701 80 120
229 9 53 287 190.07
556 347 101
230 7 272 287 185.03
601 76 73
231 62 14 110 50.64
159 43 25
232 77 71 248 96.77
155 146 994
233 107 3 198 422.71
891 1942 888
234 29 220 287 265.55
576 1098 627
235 54 17 89 11.58
37 6 7
236 141 107 288 28.19
59 49 183
237 14 64 287 6.06
11 10 52
238 168 36 287 10.46
15 17 118
239 57 135 253 67.71
215 38 46
240 28 21 253 10.30
13 91 17
241 74 101 280 241.90
779 113 122
242 32 157 288 117.09
272 479 158
243 14 0 80 276.69
542 1575 414
244 1 252 287 516.15
1462 1070 418
245 3 21 218 68.05
213 54 44
246 16 131 288 227.14
291 1452 1179
247 20 61 159 57.63
90 243 374
248 47 134 288 408.71
1075 1255 298
249 22 4 52 502.72
1481 852 293
250 75 54 167 561.27
1761 449 328
251 112 6 171 102.43
149 167 1139
252 34 4 180 484.15
1477 516 384
253 137 5 287 144.48
246 264 1313
254 42 43 272 135.68
434 72 76
255 34 7 60 177.92
576 74 82
256 64 153 288 55.19
86 437 53
257 48 18 288 351.94
1096 271 279
258 11 46 105 43.58
141 18 21
259 3 32 280 147.03
200 497 1346
260 80 63 203 18.13
23 165 22
261 113 86 277 43.75
59 74 515
262 54 209 287 533.82
1347 1529 954
263 20 7 227 118.14
382 51 55
264 36 95 168 261.80
828 196 127
265 35 39 201 24.19
78 13 9
266 16 120 281 312.00
709 1442 283
267 43 16 228 191.96
507 547 189
268 10 58 250 349.24
795 1553 399
269 40 10 257 197.65
448 885 230
270 13 101 231 222.09
251 1850 742
271 6 274 288 271.47
449 903 1949
272 16 55 180 37.02
115 26 35
273 29 0 110 213.23
389 1395 248
274 98 177 288 40.85
80 58 323
275 20 260 288 189.33
246 1522 491
276 17 132 249 211.80
687 75 108
277 103 45 250 282.44
463 1622 1033
278 71 0 189 351.20
981 710 408
279 130 109 287 123.41
393 77 64
280 34 5 193 200.68
310 1539 287
281 45 20 173 75.99
246 29 39
282 60 7 130 58.05
84 87 660
283 13 143 172 109.21
292 287 119
284 28 27 164 117.22
241 171 840
285 60 114 287 627.28
1599 1566 1354
286 115 170 288 58.77
77 119 678
287 49 116 287 473.35
1349 999 299
288 2 3 148 59.63
186 48 42
289 69 196 288 43.04
66 118 383
290 100 7 261 58.64
93 455 59
291 5 0 67 251.38
808 143 99
292 42 45 220 138.31
321 577 172
293 122 18 207 102.69
324 61 79
294 25 93 288 157.83
214 752 1122
295 173 85 288 5.45
9 41 5
296 39 56 243 75.13
233 70 48
297 68 7 281 22.72
33 177 43
298 2 144 276 229.86
715 213 134
299 74 2 282 97.91
142 166 1082
300 63 25 153 21.31
27 186 38
301 1 25 183 71.21
198 170 50
302 2 60 117 337.05
983 540 313
303 90 2 284 221.80
317 1252 1170
304 31 114 287 13.88
28 15 111
305 41 9 84 225.94
711 151 162
306 74 50 242 106.69
170 249 970
307 34 152 221 8.57
27 5 7
308 146 61 262 628.38
1889 968 247
309 20 67 280 90.24
135 722 115
310 34 6 247 15.94
30 21 137
311 6 67 160 261.19
455 1157 1282
312 2 27 234 318.21
604 1639 870
313 24 39 184 143.20
259 221 1256
314 33 136 277 231.15
742 116 121
315 89 73 264 158.59
502 102 99
316 109 7 132 349.31
670 1212 1787
317 20 7 287 139.85
269 166 1189
318 9 57 135 275.19
480 1242 1312
319 18 1 167 106.01
163 187 1096
320 18 59 268 34.38
39 333 44
321 20 7 53 624.31
1921 651 402
322 77 11 268 67.67
211 52 52
323 65 2 139 256.52
355 1525 1319
324 159 39 281 98.31
113 937 138
325 19 149 288 451.03
948 1737 1469
326 125 140 288 71.42
167 286 98
327 44 114 287 88.43
144 188 810
328 47 38 288 237.31
578 919 211
329 7 132 255 75.19
121 179 670
330 102 19 189 173.14
390 799 183
331 60 29 201 400.77
1085 984 446
332 84 66 288 302.65
637 1556 394
333 165 83 287 121.38
218 143 1142
334 35 87 229 60.74
189 53 40
335 21 7 170 185.10
249 871 1346
336 8 0 179 310.67
639 1615 482
337 6 237 287 506.63
1402 1204 411
338 40 3 282 135.01
301 658 112
339 31 1 61 139.30
208 408 1240
340 61 67 177 135.60
242 376 962
341 32 50 288 571.32
1835 328 230
342 36 6 274 57.84
185 31 32
343 96 5 219 280.79
905 132 135
344 94 74 203 250.79
485 1097 915
345 10 26 253 152.59
203 353 1673
346 25 250 288 10.04
16 21 95
347 16 1 288 13.75
45 5 4
348 47 26 183 212.39
676 115 139
349 13 146 246 370.55
964 1097 406
350 13 127 276 123.59
232 744 195
351 17 15 147 131.91
419 91 63
352 2 0 9 183.58
590 89 96
353 41 8 287 160.84
227 439 1572
354 92 20 169 165.20
309 766 611
355 37 40 168 51.63
70 238 379
356 85 23 229 239.74
392 1140 1239
357 67 88 195 107.72
185 690 228
358 45 39 206 52.41
168 31 22
359 41 116 287 33.48
65 54 259
360 25 22 158 80.49
94 781 82
361 31 144 287 139.55
216 850 527
362 4 2 33 126.42
408 50 71
363 28 60 270 34.38
49 67 373
364 48 185 287 618.14
1640 1344 1183
365 8 90 216 103.34
122 440 940
366 107 32 241 88.66
144 181 826
367 35 2 249 106.83
152 136 1269
368 39 43 287 162.32
530 53 65
369 13 5 76 232.01
331 1555 860
370 53 86 195 200.03
348 436 1660
371 16 3 24 4.04
7 6 38
372 81 7 239 34.57
65 66 267
373 51 141 286 7.73
10 11 97
374 9 53 285 470.27
1430 641 196
375 60 94 288 165.14
289 561 1057
376 14 98 187 151.07
484 87 69
377 193 14 285 80.62
125 565 192
378 70 59 288 95.57
186 139 759
379 10 89 286 104.12
338 47 36
380 53 119 288 294.96
681 1175 475
381 45 1 80 523.35
1119 2176 1331
382 51 0 237 45.37
76 43 481
383 13 24 179 217.14
316 1719 366
384 13 49 246 25.01
52 32 182
385 32 4 279 80.01
256 42 45
386 114 46 288 26.36
44 188 36
387 62 4 288 412.22
669 2186 1827
388 106 76 280 66.45
127 166 440
389 35 19 230 144.14
467 68 52
390 13 163 285 103.34
136 926 113
391 47 23 254 11.83
21 24 98
392 58 66 288 298.48
470 1238 1941
393 98 51 287 133.74
198 778 623
394 9 20 231 49.59
159 31 18
395 13 98 163 108.81
349 54 60
396 28 134 288 112.48
360 52 73
397 22 0 284 224.34
437 827 1028
398 65 2 272 11.05
18 17 111
399 70 7 116 208.78
652 162 151
400 130 124 280 53.67
171 31 31
401 5 42 282 365.04
805 1147 1313
402 6 77 278 106.03
333 60 97
403 15 122 281 141.77
219 281 1412
404 31 119 183 9.52
15 12 103
405 132 46 210 161.83
520 68 101
406 18 1 195 57.25
99 81 545
407 17 11 264 614.21
1685 1383 716
408 4 0 148 19.08
35 38 151
409 23 6 268 134.27
142 1325 207
410 26 22 257 74.85
139 173 545
411 4 185 288 33.65
58 48 321
412 67 79 273 229.15
735 133 97
413 39 7 224 69.36
148 100 461
414 23 2 63 86.85
282 39 30
415 56 51 262 119.49
385 59 54
416 106 31 228 42.32
53 378 67
417 36 45 265 85.70
133 362 561
418 14 3 181 73.67
94 129 898
419 81 45 195 418.05
1080 1227 527
420 29 74 185 108.18
340 60 99
421 42 13 287 749.36
1927 1856 1522
422 151 47 287 270.46
810 365 205
423 88 27 239 8.91
15 19 78
424 9 1 224 536.85
1661 499 373
425 34 1 271 252.60
376 1403 1262
426 11 0 133 263.00
646 1007 213
427 15 0 144 86.75
265 84 79
428 30 38 249 4.95
8 9 48
429 27 4 282 677.16
1613 2217 1464
430 3 98 283 103.97
134 914 160
431 44 140 287 78.73
145 115 682
432 115 63 214 272.75
845 224 226
433 50 44 179 239.10
465 1426 284
434 64 5 232 20.76
38 34 176
435 137 104 281 1.73
3 12 2
436 5 91 187 49.16
85 57 487
437 26 3 288 325.96
1058 133 135
438 38 174 254 84.43
262 68 69
439 93 60 287 66.89
214 37 35
440 35 27 236 345.41
950 779 384
441 53 13 266 111.40
248 537 104
442 35 98 192 15.56
32 35 93
443 84 97 288 609.51
1902 632 212
444 12 7 205 226.51
563 788 256
445 11 269 287 247.40
766 202 210
446 35 2 175 409.93
1022 1351 554
447 61 15 95 243.00
795 81 84
448 91 192 287 42.49
55 76 510
449 13 26 288 625.83
1675 1499 888
450 62 16 252 138.67
239 280 1200
451 24 13 113 58.68
69 559 72
452 3 23 262 101.61
187 284 678
453 21 17 179 220.15
380 490 1833
454 30 170 287 75.40
113 145 782
455 47 181 252 32.74
47 269 45
456 12 177 234 44.03
69 331 66
457 32 202 287 87.32
167 533 105
458 5 217 267 68.54
102 91 777
459 36 98 234 28.15
88 19 24
460 20 3 105 390.91
649 1934 1839
461 37 248 288 101.91
165 608 353
462 26 1 37 184.80
595 73 114
463 31 71 288 13.14
42 6 9
464 72 48 155 37.52
119 20 28
465 25 206 288 211.06
643 250 136
466 233 13 278 70.51
107 137 720
467 28 12 185 84.64
272 36 52
468 94 186 287 151.14
482 82 92
469 98 9 255 302.99
752 1084 305
470 114 60 218 124.94
154 886 560
471 64 3 204 240.70
350 1838 509
472 65 23 173 641.75
1555 1569 2001
473 53 44 155 236.73
534 985 406
474 33 13 281 224.11
605 600 187
475 164 113 287 13.66
25 31 103
476 85 23 270 83.74
121 695 99
477 40 213 271 6.53
12 16 47
478 63 2 132 121.74
195 596 632
479 48 52 231 507.35
1367 1372 421
480 58 38 164 62.64
110 105 560
481 18 3 257 187.56
305 1072 711
482 35 179 287 69.29
135 109 537
483 61 220 288 262.37
829 157 192
484 41 68 277 200.78
363 1280 307
485 53 60 230 251.27
428 794 1780
486 26 18 117 63.76
97 386 256
487 7 74 230 79.13
127 96 846
488 18 172 288 160.67
417 469 193
489 15 20 87 86.62
279 40 44
490 2 73 264 109.85
308 251 76
491 22 107 282 242.70
779 107 150
492 15 1 101 18.44
58 12 14
493 2 0 111 161.18
494 153 140
494 6 17 63 42.43
122 71 47
495 137 87 274 6.06
8 12 70
496 7 133 287 121.38
191 239 1187
497 62 3 288 80.89
198 292 97
498 127 24 287 59.08
92 168 507
499 37 14 238 361.52
1166 164 177
500 27 70 203 255.51
697 591 302
501 22 55 264 14.84
48 7 6
502 8 46 213 1.35
2 10 3
503 3 141 284 3.26
10 3 3
504 131 15 222 89.95
151 208 767
505 16 92 243 96.50
145 761 135
506 18 110 243 135.53
196 265 1449
507 61 109 265 179.58
575 97 94
508 17 213 288 23.29
37 182 21
509 210 64 279 217.52
685 137 165
510 154 57 279 191.14
310 1206 560
511 21 55 288 537.63
1399 1670 469
512 50 115 204 154.63
500 80 52
513 49 182 287 399.02
1305 131 144
514 1 65 120 261.78
732 591 206
515 47 169 287 32.05
39 296 44
516 28 118 259 105.07
193 146 925
517 65 27 243 498.74
1615 195 246
518 55 3 142 398.28
665 1876 1989
519 70 24 287 75.61
241 41 47
520 35 2 70 468.38
1397 753 214
521 77 51 162 362.70
719 1714 1009
522 83 15 272 90.75
293 48 32
523 95 144 288 104.10
161 826 106
524 19 1 224 122.48
217 337 884
525 44 8 185 161.54
507 104 131
526 122 90 277 203.02
279 1154 1137
527 7 0 270 375.08
641 2050 1345
528 10 14 129 140.54
433 115 134
529 124 21 260 7.71
17 12 46
530 58 136 288 135.51
159 680 1085
531 4 93 239 12.74
16 21 159
532 43 6 208 77.84
110 171 822
533 55 14 137 102.96
202 176 767
534 43 94 287 689.94
2053 1118 336
535 110 0 279 97.84
177 167 834
536 28 160 287 16.34
23 124 41
537 111 21 266 46.28
81 102 379
538 2 0 249 698.45
1869 1254 1622
539 152 29 246 93.89
148 121 1012
540 2 0 152 184.42
601 59 84
541 14 173 288 587.21
1844 537 231
542 11 124 236 97.95
311 66 50
543 62 98 288 131.51
233 586 613
544 62 30 276 412.54
1222 667 242
545 45 27 186 7.54
10 14 88
546 92 47 163 39.37
47 366 57
547 16 67 177 141.22
220 1127 123
548 62 24 288 252.29
817 116 98
549 16 17 95 186.95
207 1515 718
550 51 14 200 362.07
915 1270 288
551 44 112 283 288.67
805 656 236
552 58 50 266 52.70
77 69 609
553 100 100 276 193.08
431 886 239
554 52 3 134 383.44
1105 709 307
555 2 37 131 281.03
899 141 169
556 18 73 226 641.41
1577 1633 1743
557 26 57 246 221.46
702 152 117
558 14 210 287 12.70
40 9 8
559 61 107 232 180.63
270 1327 409
560 35 1 225 264.08
573 1274 349
561 29 47 258 71.02
225 45 44
562 5 13 248 448.04
1439 187 286
563 17 28 168 206.36
376 1207 458
564 100 35 268 131.93
240 792 265
565 10 53 287 199.08
637 103 114
566 65 3 182 53.00
89 369 82
567 20 2 78 291.93
906 233 241
568 20 18 227 370.41
965 1042 478
569 41 64 228 676.70
2003 961 607
570 190 0 207 273.76
824 366 184
571 126 73 282 207.88
666 99 126
572 75 63 288 327.16
1049 178 159
573 150 30 254 123.97
399 50 76
574 24 1 265 331.75
1062 158 207
575 136 95 287 20.38
30 36 220
576 23 44 118 170.80
483 362 132
577 14 75 232 53.78
89 102 501
578 121 52 259 182.44
580 109 109
579 85 60 262 47.80
78 80 469
580 12 230 285 271.87
311 1584 1903
581 71 2 141 402.96
934 1564 685
582 111 1 287 41.52
67 74 406
583 8 0 93 11.41
21 20 94
584 16 245 288 127.57
178 393 1194
585 71 65 287 264.46
851 130 128
586 18 22 229 10.68
19 15 98
587 54 83 283 42.43
52 85 516
588 32 120 288 355.73
922 1089 360
589 28 21 210 618.84
1423 1907 1874
590 117 54 242 120.27
206 246 1045
591 75 84 185 11.56
20 23 100
592 169 12 287 310.29
613 1217 1252
593 36 8 83 262.12
741 523 253
594 36 30 288 288.06
470 1481 1329
595 22 13 287 255.78
789 266 152
596 45 135 273 14.06
45 8 7
597 134 47 223 30.24
34 286 51
598 35 63 224 104.52
153 704 355
599 7 0 96 273.13
356 1754 1363
600 17 79 218 90.66
218 328 135
601 20 22 135 22.04
69 19 12
602 34 16 74 188.13
605 99 84
603 2 0 92 253.11
448 1103 1220
604 146 67 280 48.32
68 117 496
605 16 3 33 555.38
1697 699 261
606 6 48 288 231.88
728 145 193
607 45 22 242 68.83
129 333 232
608 65 142 279 171.94
409 694 179
609 56 100 288 12.63
22 20 116
610 49 111 259 143.20
447 99 123
611 144 138 287 116.67
374 65 55
612 122 129 286 94.62
180 352 459
613 15 133 286 142.82
459 83 54
614 30 4 221 435.51
954 1844 898
615 6 3 152 144.54
467 67 63
616 28 76 282 360.91
1147 225 204
617 133 15 270 107.87
343 49 87
618 193 33 284 29.62
95 17 13
619 6 4 235 5.96
19 3 4
620 35 205 287 249.21
436 1110 1201
621 100 186 287 669.16
1880 1315 758
622 20 118 218 514.45
1335 1589 488
623 11 1 99 15.10
26 31 130
624 10 143 288 348.34
1040 472 284
625 89 56 263 23.92
74 22 17
626 133 104 269 154.08
476 138 120
627 23 64 123 452.08
1033 1125 1817
628 42 136 251 69.88
219 41 65
629 8 26 253 96.45
183 189 726
630 16 22 108 294.73
954 124 135
631 121 5 248 107.68
170 432 719
632 16 104 229 219.50
355 1309 764
633 82 7 288 254.18
779 292 145
634 60 0 99 135.39
289 158 955
635 25 0 48 154.71
247 730 850
636 23 39 211 88.35
174 516 106
637 33 140 286 42.57
67 86 413
638 108 91 202 276.39
874 201 144
639 57 47 287 203.73
629 170 180
640 50 105 226 27.58
89 12 14
641 9 180 287 14.17
26 91 18
642 33 198 284 219.10
271 976 1842
643 50 33 246 100.79
187 431 438
644 1 0 7 34.45
110 22 15
645 124 74 281 181.45
434 728 179
646 52 34 269 182.09
456 640 172
647 54 40 277 161.20
311 202 1348
648 57 26 287 214.97
275 998 1683
649 19 51 224 2.70
3 26 4
650 26 0 131 18.99
38 34 134
651 66 24 255 29.79
95 17 17
652 72 65 206 12.91
17 113 18
653 173 112 287 345.48
1126 126 133
654 71 146 245 30.17
61 39 231
655 109 138 287 269.61
412 1435 1366
656 71 20 150 405.84
1254 447 189
657 5 68 183 87.76
153 124 827
658 32 10 63 381.25
1050 841 442
659 11 61 134 6.70
14 14 40
660 147 65 287 173.71
248 588 1507
661 70 9 212 46.43
69 365 72
662 6 179 252 92.22
291 60 63
663 1 117 286 88.43
276 66 69
664 103 73 287 97.55
310 53 67
665 92 5 260 146.12
467 72 93
666 12 37 110 71.50
115 130 698
667 6 280 288 353.22
613 1942 1184
668 12 160 288 145.89
476 51 56
669 14 150 288 145.13
355 521 180
670 77 38 137 179.14
336 704 846
671 9 35 169 163.64
520 106 87
672 55 16 143 664.36
1862 1319 764
673 6 1 204 18.59
59 11 12
674 33 183 287 65.48
129 136 448
675 14 87 288 38.15
123 14 24
676 8 42 272 165.49
474 358 75
677 59 21 265 265.63
384 1680 1100
678 114 66 210 37.63
58 281 66
679 98 6 141 155.37
504 65 64
680 106 78 261 230.16
580 765 258
681 13 68 245 53.67
104 309 83
682 25 23 277 13.73
19 112 25
683 61 48 269 130.04
243 532 589
684 88 172 287 9.18
15 12 95
685 8 63 220 104.67
175 183 986
686 6 17 164 44.28
140 33 22
687 50 75 241 343.73
530 2055 1370
688 13 159 198 101.36
265 288 120
689 220 40 287 25.03
78 17 23
690 102 83 212 91.34
282 80 75
691 73 9 226 13.60
21 20 146
692 28 11 231 565.55
1810 352 232
693 129 25 174 48.70
80 61 505
694 29 203 287 83.51
258 76 63
695 172 19 254 23.60
75 17 10
696 133 70 248 317.64
1017 188 142
697 107 5 270 2.76
3 27 4
698 6 173 246 477.47
1278 1315 420
699 6 7 62 145.89
467 75 83
700 52 8 155 209.65
372 567 1524
701 161 2 250 81.78
131 140 815
702 26 0 73 288.16
460 1134 1922
703 8 13 170 487.20
1422 801 414
704 36 18 154 236.03
745 152 162
705 67 0 119 23.88
41 40 220
706 102 105 281 59.31
115 331 107
707 157 13 257 167.35
205 1266 640
708 28 207 285 439.02
1281 755 326
709 8 73 247 52.18
79 394 95
710 35 150 261 101.66
120 262 1181
711 73 19 231 524.19
1252 1438 1527
712 28 29 131 215.69
687 128 121
713 7 0 241 313.26
942 364 299
714 37 28 165 45.77
149 16 20
715 21 153 288 81.00
196 303 97
716 23 29 265 325.09
559 1364 1761
717 168 23 207 8.44
27 5 4
718 35 21 106 100.81
239 392 133
719 24 4 179 251.27
774 224 213
720 12 10 251 217.04
704 82 103
721 71 31 213 6.74
11 18 56
722 31 202 260 459.60
1494 180 186
723 48 42 288 347.86
838 1341 383
724 60 36 252 205.10
655 139 77
725 64 97 275 6.32
9 14 66
726 220 7 286 81.53
108 150 955
727 21 52 250 282.71
715 1017 183
728 12 4 267 41.46
88 51 292
729 63 149 288 98.01
306 61 94
730 46 50 268 43.75
117 120 40
731 44 97 274 420.77
1255 530 412
732 19 19 237 2.84
5 19 4
733 69 42 209 108.37
347 63 50
734 29 59 287 258.92
805 193 224
735 11 139 287 44.70
141 25 37
736 8 0 186 25.31
29 232 50
737 98 77 238 28.00
88 20 19
738 85 130 268 27.04
35 58 310
739 235 33 287 389.06
1174 506 262
740 14 124 246 117.49
201 156 1149
741 36 26 220 135.36
208 323 1274
742 31 0 201 402.11
1105 998 317
743 34 11 168 237.02
517 1231 163
744 30 2 253 14.47
29 83 16
745 33 198 271 22.93
35 41 238
746 8 50 248 153.58
411 460 80
747 1 260 287 179.75
576 81 115
748 22 39 273 40.17
126 28 30
749 31 115 288 559.25
1316 1985 1091
750 2 140 287 317.35
913 626 206
751 20 140 281 626.69
1563 1770 1286
752 11 89 270 56.58
65 535 86
753 23 245 288 421.30
837 1725 1558
754 27 8 274 200.95
635 116 153
755 18 0 269 29.18
95 12 10
756 48 6 234 446.25
1139 1332 626
757 3 8 158 288.46
898 218 237
758 72 116 287 32.15
104 15 13
759 63 51 256 45.14
143 32 23
760 66 194 279 3.50
11 2 3
761 40 37 288 7.43
12 13 73
762 146 117 287 47.33
152 22 27
763 32 13 100 314.63
798 1111 219
764 129 36 279 208.72
283 755 1843
765 32 0 239 85.74
269 66 54
766 13 178 225 266.48
637 1032 321
767 105 3 208 40.24
124 39 29
768 10 1 174 70.64
226 35 43
769 10 26 258 382.36
1214 282 159
770 5 157 287 187.73
588 134 141
771 92 4 287 354.55
1077 447 210
772 28 12 209 152.97
276 425 1063
773 102 48 281 84.83
272 45 43
774 6 31 258 41.21
67 51 433
775 2 0 167 195.18
539 442 199
776 4 56 258 232.56
731 153 176
777 38 2 119 705.69
1963 1686 488
778 53 70 287 95.34
301 58 70
779 64 33 273 315.66
879 680 323
780 193 43 287 44.91
68 71 484
781 41 11 183 140.04
190 1201 194
782 202 9 231 324.13
1014 226 260
783 31 191 269 430.94
1359 295 278
784 77 31 249 115.32
219 193 916
785 25 111 187 98.69
320 37 48
786 27 66 285 116.94
376 60 55
787 5 9 98 420.48
831 1496 1924
788 6 8 241 209.02
334 1121 944
789 2 222 287 4.23
7 29 8
790 10 76 288 218.03
683 121 215
791 95 0 230 204.97
377 567 1378
792 48 38 116 269.36
847 199 169
793 71 75 274 36.74
61 271 39
794 16 8 180 124.82
390 112 66
795 24 43 258 193.41
348 712 1089
796 97 4 236 651.47
1774 1623 618
797 19 43 260 67.36
130 337 184
798 69 6 287 204.53
343 1152 728
799 135 25 287 68.96
112 145 636
800 90 144 285 174.04
222 1410 464
801 129 108 271 155.68
498 72 103
802 55 65 123 263.30
838 135 184
803 6 254 288 84.39
265 60 59
804 44 136 285 125.07
400 60 80
805 16 11 152 83.63
117 104 1011
806 29 35 173 10.95
17 22 108
807 57 49 272 539.29
1305 1417 1546
808 66 139 267 12.17
39 6 7
809 47 4 163 44.13
74 64 434
810 3 0 136 349.29
1138 111 162
811 60 0 245 167.07
347 385 961
812 119 90 273 17.73
27 130 37
813 10 0 54 94.37
146 164 973
814 27 3 165 136.33
228 857 356
815 3 1 245 147.81
240 890 495
816 54 198 287 176.13
309 639 1061
817 69 96 253 32.53
84 105 27
818 17 2 199 220.95
610 536 173
819 9 26 237 368.95
1163 301 169
820 13 1 185 17.08
28 115 37
821 68 73 212 104.20
163 185 1056
822 51 142 268 356.30
1132 230 192
823 3 154 246 12.99
20 37 113
824 29 89 281 454.10
1030 1993 584
825 9 70 248 33.41
105 23 24
826 105 16 287 18.70
29 148 19
827 24 17 119 310.46
490 1427 1802
828 54 190 287 77.25
225 131 63
829 33 145 286 157.33
426 434 103
830 36 18 135 55.46
171 52 42
831 101 50 178 168.08
539 81 97
832 88 49 276 156.17
262 229 1531
833 46 4 79 342.65
1101 166 181
834 46 107 282 121.47
150 1103 180
835 72 210 287 46.53
150 24 19
836 23 97 287 142.08
239 170 1446
837 265 5 287 176.51
562 103 103
838 14 94 287 245.44
777 177 124
839 51 127 287 269.61
858 163 152
840 18 13 186 178.17
576 70 94
841 38 38 168 502.13
1328 1514 357
842 37 12 244 322.13
433 1787 1938
843 52 169 288 173.69
371 851 251
844 113 5 155 60.62
101 129 539
845 6 240 249 20.36
65 11 12
846 66 138 251 95.61
142 379 708
847 21 152 257 223.31
713 130 117
848 156 25 288 102.41
190 172 844
849 10 56 224 74.83
241 36 36
850 17 16 106 206.03
665 109 74
851 9 81 167 349.56
1094 288 211
852 92 11 140 29.73
96 12 16
853 51 102 219 172.93
275 1289 248
854 44 76 282 93.78
126 182 1072
855 92 148 282 16.17
31 24 131
856 135 39 285 74.18
109 133 799
857 145 47 282 172.11
554 70 104
858 13 0 116 26.09
84 15 9
859 82 190 288 63.44
115 377 136
860 74 29 168 82.35
144 143 733
861 65 66 249 47.44
72 73 513
862 80 3 191 19.62
31 32 201
863 103 154 287 348.19
760 1777 283
864 87 32 204 475.01
1300 1178 413
865 51 115 264 38.85
78 77 261
866 75 67 222 254.71
805 179 145
867 64 22 259 90.07
134 204 895
868 54 4 90 88.03
162 101 805
869 15 85 269 429.97
908 1877 1039
870 35 73 276 157.20
507 74 73
871 12 211 268 171.10
542 114 98
872 24 59 277 98.43
145 773 163
873 5 19 259 399.80
1272 250 215
874 63 176 288 235.44
733 194 169
875 101 25 203 31.69
62 51 242
876 259 1 287 190.55
609 114 91
877 36 1 256 259.91
528 1088 844
878 132 46 287 78.68
248 43 68
879 14 3 72 220.03
682 210 136
880 31 148 288 165.26
233 1177 528
881 150 4 245 60.30
110 190 377
882 6 74 252 58.43
105 89 519
883 12 212 288 233.82
360 1163 1288
884 30 116 272 310.82
908 558 188
885 2 24 288 13.14
19 108 17
886 15 4 95 60.98
192 44 38
887 4 1 217 495.60
1326 1418 360
888 58 14 158 138.17
189 304 1502
889 28 120 247 82.28
95 788 107
890 3 4 269 95.82
138 761 168
891 65 132 287 175.26
557 104 107
892 16 2 181 420.05
1345 256 176
893 56 40 230 199.98
648 74 102
894 29 89 274 251.40
475 1036 1091
895 63 107 216 429.47
994 1863 446
896 28 72 221 105.02
305 184 83
897 13 10 216 137.89
156 1341 171
898 65 10 149 79.17
147 128 659
899 18 1 242 23.75
32 198 43
900 16 0 269 52.26
115 102 283
901 14 135 281 227.95
690 296 139
902 225 2 233 255.86
832 104 96
903 68 5 246 206.24
322 1215 821
904 33 94 157 293.24
836 545 294
905 82 79 288 83.44
262 65 50
906 104 27 192 188.26
598 109 121
907 8 5 170 234.37
405 783 1556
908 32 17 259 194.15
582 275 124
909 5 19 188 444.84
1287 755 422
910 32 157 262 151.72
216 1256 207
911 1 86 287 713.86
1687 2034 2092
912 66 1 177 168.74
270 276 1703
913 5 8 199 182.95
558 195 146
914 15 95 288 176.68
559 101 131
915 1 74 133 128.90
415 50 81
916 130 129 282 413.84
1333 189 213
917 16 170 286 104.83
137 207 1220
918 148 60 268 472.23
1421 628 325
919 39 42 238 349.46
1118 193 183
920 157 8 203 449.51
953 1367 1953
921 62 57 230 125.70
399 84 66
922 18 6 287 24.26
37 48 245
923 5 133 288 12.93
42 6 4
924 33 112 246 32.66
57 41 315
925 158 24 256 78.26
236 87 76
926 46 29 226 9.56
17 18 81
927 31 83 209 286.42
561 1485 647
928 104 61 230 369.88
1007 921 353
929 91 2 167 58.66
121 72 438
930 42 34 279 132.48
415 90 106
931 33 7 227 35.37
62 64 310
932 26 5 241 176.46
276 769 1105
933 23 16 288 90.60
283 67 70
934 13 76 287 224.91
449 804 992
935 95 178 287 111.80
171 190 1173
936 48 119 210 316.10
1010 171 180
937 51 4 211 467.05
981 1574 1863
938 107 25 273 96.56
310 52 45
939 68 74 252 20.38
34 144 30
940 110 1 231 337.71
1057 237 265
941 2 0 193 5.58
9 43 5
942 99 44 288 120.35
234 530 425
943 51 176 271 224.03
286 1534 1017
944 50 83 235 423.21
975 1638 768
945 48 27 274 67.59
106 158 626
946 14 111 288 243.32
543 1156 243
947 251 5 285 37.02
54 62 408
948 33 91 280 88.26
281 58 42
949 8 274 288 211.90
347 910 1238
950 122 66 268 107.51
274 334 134
951 42 73 192 27.04
85 18 20
952 23 33 223 10.44
33 8 5
953 16 104 287 16.40
23 35 176
954 124 63 287 44.43
62 224 285
955 22 192 287 277.57
876 205 152
956 148 23 287 188.09
598 109 117
957 47 18 288 738.09
1994 1811 853
958 107 25 286 188.95
261 456 1976
959 16 47 184 60.49
189 41 52
960 23 172 288 346.36
1002 646 242
961 3 0 146 304.84
456 1888 1215
962 23 14 205 95.44
164 235 766
963 45 1 119 73.71
105 139 807
964 14 96 283 52.47
169 24 27
965 108 24 288 160.29
515 73 92
966 24 25 243 78.47
122 215 687
967 20 5 85 422.48
1051 1511 409
968 29 153 287 140.40
188 1258 131
969 3 73 202 262.92
591 1211 290
970 9 70 196 11.73
20 21 107
971 50 148 287 73.99
126 252 497
972 45 146 288 391.90
784 1269 1915
973 8 0 279 145.26
257 239 1292
974 24 7 220 101.47
163 655 286
975 2 0 17 112.60
361 60 57
976 11 45 173 21.14
42 30 163
977 9 51 227 60.22
192 34 35
978 3 28 258 162.48
484 231 124
979 17 72 254 373.61
1140 436 238
980 1 15 234 155.01
211 1162 461
981 27 126 288 639.01
1923 819 485
982 96 75 281 14.72
28 31 107
983 6 10 264 253.19
706 603 166
984 15 99 287 176.93
386 897 154
985 23 68 223 13.26
22 18 134
986 14 32 145 160.02
513 80 89
987 19 108 168 458.25
1377 554 412
988 14 116 288 236.62
756 110 162
989 180 78 287 56.30
173 50 51
990 52 75 257 140.78
437 122 101
991 61 31 226 96.03
308 53 45
992 135 49 267 55.31
79 457 75
993 151 0 281 151.83
401 429 155
994 13 120 279 248.60
531 1223 352
995 66 122 288 92.85
159 120 912
996 152 83 263 215.71
314 1647 454
997 4 3 222 217.42
685 148 146
998 69 168 273 77.88
103 669 125
999 80 32 222 103.74
118 965 190
