5
4
20
0 130 0.0 0.1
2141 2096 2107 2087
1 170 0.1 0.1
2221 2140 2101 2119
2 130 0.0 0.1
2127 2192 2087 2151
3 170 0.1 0.1
2100 2085 2127 2093
4 150 0.1 0.1
2043 2045 2171 2138
5 170 0.1 0.1
2124 2101 2198 2120
6 190 0.1 0.0
2146 2208 2107 2178
7 150 0.1 0.1
2158 2152 2186 2058
8 130 0.0 0.1
2076 2069 2040 2093
9 130 0.0 0.1
2144 2127 2148 2102
10 120 0.1 0.1
2124 2165 2151 2023
11 150 0.1 0.1
2231 2211 2089 2200
12 190 0.1 0.0
2142 2064 2103 2042
13 130 0.0 0.1
2134 2176 2146 2064
14 120 0.1 0.1
2181 2114 2084 2141
15 170 0.1 0.1
2100 2175 2102 2084
16 190 0.1 0.0
2143 2086 2151 2080
17 130 0.0 0.1
2145 2121 2157 2074
18 170 0.1 0.1
2154 2148 2149 2068
19 150 0.1 0.1
2101 2222 2174 2041
2000
0 23 50 249 28.27
49 55 47 261
1 12 118 263 113.37
199 173 224 1084
2 64 181 262 7.73
10 12 72 10
3 48 63 205 46.43
82 72 93 431
4 36 11 191 547.49
1330 1184 393 400
5 54 43 258 4.43
8 7 7 42
6 21 119 198 74.82
131 120 114 770
7 6 20 110 216.81
344 318 1379 722
8 26 52 203 21.17
34 35 41 240
9 16 14 276 82.43
112 335 413 118
10 12 14 215 21.73
25 169 24 22
11 9 61 249 32.53
48 50 259 48
12 23 123 204 106.81
162 156 756 309
13 29 98 288 57.14
78 367 86 73
14 17 94 288 817.43
1758 1825 1878 1032
15 10 167 284 99.03
177 171 162 910
16 31 134 267 0.59
1 1 1 6
17 53 55 230 123.92
222 187 185 1248
18 25 172 277 140.68
401 64 67 62
19 54 54 286 63.45
86 413 92 80
20 35 42 242 103.30
293 48 56 49
21 67 9 156 278.76
795 133 122 120
22 42 38 211 33.96
41 247 45 44
23 28 22 194 79.41
137 148 152 722
24 28 51 167 81.36
131 133 293 652
25 16 251 283 226.26
316 703 1337 446
26 24 57 278 95.84
271 48 52 47
27 81 66 192 11.72
34 4 4 4
28 20 158 286 13.27
18 20 117 20
29 10 107 278 357.63
1015 173 176 177
30 27 2 211 24.89
46 44 41 204
31 29 213 262 55.43
97 98 100 513
32 11 142 188 66.21
186 35 39 38
33 8 81 146 95.70
273 45 44 38
34 51 77 221 71.54
99 100 636 94
35 14 106 216 96.10
117 694 127 126
36 23 66 287 168.97
476 94 86 91
37 6 0 45 38.11
62 61 174 227
38 14 6 181 10.66
13 78 13 13
39 41 161 242 13.83
19 92 16 16
40 20 1 287 39.75
50 276 56 56
41 8 10 206 169.86
245 383 1224 220
42 2 10 275 26.27
45 51 46 246
43 5 120 175 21.09
34 40 40 224
44 8 83 131 28.31
33 210 39 38
45 15 0 208 131.35
222 252 261 1218
46 4 31 258 93.22
264 49 42 50
47 7 36 263 365.97
521 1274 1519 1460
48 19 231 282 138.64
210 195 1006 378
49 23 56 177 102.38
186 179 179 869
50 24 69 248 56.49
83 81 462 81
51 23 166 287 121.48
212 187 454 746
52 48 99 226 314.67
889 158 176 153
53 22 60 259 75.12
103 116 649 117
54 23 2 49 105.01
189 170 186 952
55 12 1 69 234.76
667 119 106 109
56 13 130 283 117.55
329 65 71 72
57 1 3 165 134.28
363 141 73 78
58 7 101 259 116.30
136 875 142 149
59 13 29 105 15.42
22 18 137 22
60 9 146 195 55.18
155 31 31 29
61 10 30 287 120.78
222 202 228 983
62 16 60 266 1.15
2 5 2 2
63 34 67 274 506.94
1358 573 315 267
64 32 40 208 14.04
40 7 6 6
65 28 46 195 160.46
418 227 99 115
66 28 5 96 196.72
541 173 101 98
67 124 11 267 11.18
30 10 9 9
68 6 148 238 6.14
10 10 10 72
69 239 27 288 1.85
3 3 3 22
70 14 121 266 55.25
81 83 375 224
71 39 59 253 100.39
169 143 455 578
72 8 35 241 390.75
738 1365 927 390
73 133 10 214 16.08
46 7 7 7
74 2 0 195 13.22
36 10 10 10
75 37 18 259 82.83
206 151 66 65
76 23 51 288 69.66
197 38 34 32
77 31 77 162 165.90
472 74 82 84
78 22 0 244 17.37
21 127 22 22
79 9 24 202 105.29
193 179 173 907
80 85 127 231 198.13
562 95 103 94
81 14 28 282 54.12
67 333 153 66
82 39 15 149 3.47
6 6 6 34
83 7 36 264 258.51
724 160 136 141
84 1 112 287 143.59
320 442 110 100
85 30 113 274 14.74
42 7 7 6
86 2 7 236 123.78
350 59 70 64
87 8 0 190 157.09
230 198 1325 238
88 30 0 52 41.30
49 304 52 60
89 3 67 264 53.49
96 82 97 498
90 12 19 237 328.17
543 738 1394 1397
91 63 55 245 334.22
924 275 167 164
92 60 12 216 7.57
13 13 15 72
93 220 58 287 2.91
8 2 2 2
94 52 35 213 64.93
180 38 45 46
95 15 73 234 6.35
8 46 7 7
96 53 77 181 51.31
75 81 390 116
97 1 91 242 161.99
452 103 90 94
98 10 45 251 152.99
241 266 752 851
99 4 144 287 129.66
153 948 183 180
100 65 87 264 89.75
154 132 489 299
101 15 248 288 31.64
46 44 262 50
102 3 223 258 13.97
24 27 29 121
103 5 5 219 22.99
34 33 183 40
104 21 20 222 17.53
31 33 31 153
105 14 4 240 45.54
71 263 55 50
106 45 36 235 97.79
157 163 638 209
107 21 21 210 21.99
27 159 27 29
108 8 20 225 68.51
88 481 81 86
109 141 17 268 51.19
75 62 437 74
110 22 147 258 149.59
251 238 452 1250
111 15 84 129 9.91
15 15 76 16
112 2 157 283 10.22
29 5 5 5
113 30 12 224 237.55
573 539 162 172
114 27 15 193 3.80
7 7 6 31
115 91 52 239 22.31
36 43 43 233
116 40 12 288 78.05
110 422 212 100
117 19 134 245 68.56
193 36 39 37
118 23 10 242 618.69
1555 1146 408 372
119 1 112 229 75.78
113 212 452 111
120 21 164 254 450.75
1229 406 280 247
121 53 97 282 97.41
141 142 813 130
122 5 204 276 57.45
97 107 112 548
123 13 155 265 5.77
15 6 6 6
124 44 66 226 29.81
46 44 225 46
125 14 172 256 224.50
369 372 1077 1142
126 11 0 182 89.72
118 380 457 122
127 8 29 247 32.63
55 62 61 314
128 7 62 288 39.28
110 23 23 21
129 36 1 99 1.59
2 2 16 2
130 8 18 227 31.08
47 44 247 42
131 16 93 279 187.84
273 1178 221 216
132 4 187 255 207.06
585 112 105 98
133 19 3 125 502.48
1366 526 247 242
134 73 87 258 70.43
89 508 78 79
135 23 21 70 358.52
1021 167 172 157
136 28 234 283 46.20
77 91 79 462
137 32 80 180 32.86
43 228 37 42
138 67 66 230 40.69
57 68 335 64
139 19 0 231 667.19
1523 1568 974 491
140 45 20 288 108.83
144 443 573 152
141 2 0 186 164.31
407 320 123 106
142 34 7 280 11.46
18 18 83 17
143 8 17 202 507.08
1208 1200 350 422
144 54 72 186 252.41
720 114 108 131
145 26 0 245 161.68
231 443 1045 245
146 5 98 134 228.25
568 431 166 161
147 33 8 281 7.81
10 10 76 11
148 26 44 265 27.52
79 11 11 13
149 18 46 272 348.54
987 171 174 191
150 8 71 286 61.81
87 138 455 95
151 8 50 203 20.04
34 35 38 198
152 12 86 247 31.81
45 49 266 48
153 3 147 286 65.28
112 100 115 687
154 4 94 134 135.57
183 898 185 158
155 1 0 114 680.31
1590 1372 1041 567
156 42 0 267 7.24
12 11 48 12
157 13 46 240 75.43
132 376 79 84
158 2 28 91 400.55
581 1437 1532 1580
159 4 2 185 131.26
373 64 61 64
160 36 86 187 438.96
1220 322 232 218
161 16 70 281 61.48
174 31 32 30
162 6 5 277 260.15
442 1263 407 308
163 13 185 277 21.09
32 31 163 33
164 8 27 50 23.42
39 45 41 236
165 3 144 234 333.00
605 1363 644 360
166 37 74 192 22.13
35 36 157 32
167 27 26 226 84.38
114 331 441 129
168 12 142 287 794.60
1758 1699 1754 684
169 11 96 279 3.23
4 4 33 4
170 2 94 250 95.47
270 52 45 47
171 11 178 231 161.63
275 266 504 1240
172 22 94 255 267.51
762 117 131 132
173 28 171 288 18.40
30 31 35 202
174 35 73 267 493.46
1231 870 404 401
175 10 111 235 89.91
119 612 116 102
176 24 31 281 9.94
14 16 83 14
177 8 4 91 80.33
124 130 387 527
178 38 148 267 7.97
10 56 11 10
179 3 101 288 318.79
911 138 140 153
180 14 11 213 405.66
988 908 249 253
181 15 24 207 65.89
116 106 120 629
182 33 81 273 45.12
64 71 378 60
183 25 100 276 16.57
24 99 25 24
184 86 176 285 192.78
547 95 100 82
185 41 44 283 10.41
15 13 90 15
186 3 177 287 109.55
239 357 83 91
187 5 171 265 36.07
53 46 302 55
188 52 39 220 82.29
108 443 278 114
189 9 65 192 278.41
665 647 208 211
190 21 3 282 55.06
80 87 440 88
191 62 63 278 11.16
16 19 89 17
192 12 24 227 31.69
48 46 250 42
193 27 8 172 9.70
18 16 17 80
194 10 188 262 19.74
27 124 32 28
195 46 21 280 32.18
55 56 59 317
196 28 35 92 255.98
523 980 213 233
197 8 94 276 73.67
107 91 638 96
198 33 13 284 5.98
10 12 11 57
199 11 63 278 85.11
103 614 120 107
200 11 137 278 25.36
43 45 47 251
201 11 11 283 94.76
268 46 54 45
202 10 194 250 425.53
907 1478 324 375
203 32 147 273 156.81
249 272 502 1384
204 84 5 266 17.63
30 33 30 173
205 58 34 288 40.88
67 68 73 456
206 13 106 219 128.73
214 213 259 1339
207 42 4 267 15.56
26 26 27 168
208 28 96 271 20.02
32 28 146 30
209 22 52 262 10.55
14 69 16 15
210 15 5 199 221.17
284 952 1147 310
211 41 32 214 29.02
82 14 16 16
212 84 22 199 18.26
32 32 34 167
213 15 151 248 23.49
42 41 40 211
214 12 190 268 105.50
257 241 63 54
215 67 47 269 32.21
78 73 21 21
216 40 60 285 3.47
5 21 5 5
217 82 148 287 53.56
75 77 464 76
218 53 23 258 148.18
179 1087 192 171
219 20 118 273 213.39
296 1383 274 263
220 1 216 286 31.50
53 52 54 338
221 61 75 288 86.89
216 175 54 50
222 40 12 213 393.73
904 1106 260 304
223 16 19 271 58.88
86 183 341 77
224 30 118 233 103.74
156 163 642 469
225 61 84 158 155.63
433 115 76 81
226 15 30 114 20.04
23 151 26 28
227 1 123 273 137.30
235 218 447 1020
228 78 139 284 47.51
61 323 68 68
229 125 1 280 20.70
33 29 152 30
230 65 27 117 121.18
347 55 48 51
231 12 131 287 352.94
645 1449 675 331
232 5 6 88 76.32
106 441 174 101
233 26 194 288 72.82
207 36 34 33
234 44 77 211 23.44
43 36 38 214
235 12 177 265 37.13
42 290 43 40
236 10 6 152 112.37
151 751 142 143
237 117 11 240 183.06
516 104 94 86
238 72 0 101 44.70
125 24 29 27
239 54 20 248 101.51
284 62 58 53
240 34 29 247 24.12
31 165 33 34
241 33 102 287 12.63
24 21 23 94
242 87 160 288 37.22
66 65 62 345
243 30 144 252 5.16
10 10 11 28
244 123 90 239 86.37
243 48 48 43
245 2 73 244 343.40
556 1511 962 410
246 5 14 102 101.94
290 47 51 46
247 18 0 176 223.26
303 1276 591 273
248 55 22 178 235.28
669 111 106 127
249 4 69 260 465.68
1278 397 269 247
250 21 88 277 107.77
302 61 64 59
251 32 29 267 214.02
354 350 1189 747
252 17 6 88 0.63
1 1 1 8
253 66 96 284 16.90
47 10 11 11
254 64 98 288 82.13
123 119 645 135
255 15 7 253 17.51
31 31 29 162
256 12 2 243 7.99
9 63 9 8
257 58 51 175 50.25
141 28 29 28
258 39 153 274 31.43
44 197 49 36
259 5 8 122 58.25
100 103 116 544
260 25 24 264 78.07
110 112 675 105
261 36 1 125 13.41
22 26 22 142
262 8 48 275 19.57
55 11 11 10
263 23 21 126 52.20
75 328 61 71
264 12 0 41 327.09
657 1267 310 336
265 21 1 55 74.82
214 34 32 30
266 27 60 285 93.57
131 434 366 124
267 19 145 239 3.09
9 1 1 1
268 2 121 187 114.38
146 800 149 138
269 27 73 222 16.13
29 29 24 147
270 97 141 270 1.85
2 15 2 2
271 43 13 285 2.20
4 4 4 18
272 83 188 287 43.41
78 73 71 399
273 9 84 187 195.62
369 837 226 217
274 6 208 272 121.98
161 624 459 160
275 2 52 273 39.85
70 61 66 405
276 34 16 288 102.01
144 243 734 139
277 84 1 161 121.23
178 184 973 182
278 2 161 196 138.45
237 231 355 1186
279 2 118 241 195.81
554 98 106 92
280 14 124 188 60.14
170 29 33 33
281 8 0 112 212.90
348 314 945 1379
282 116 67 281 32.49
92 17 16 15
283 47 188 286 15.59
43 10 11 11
284 47 35 274 174.06
488 104 96 90
285 2 18 56 0.75
1 5 1 1
286 22 52 280 44.32
62 72 374 59
287 76 53 286 101.42
254 195 64 58
288 21 54 249 42.49
71 78 77 431
289 60 11 237 100.53
174 173 188 958
290 57 6 287 29.46
39 41 271 46
291 1 45 279 276.72
452 573 1327 1105
292 3 26 237 118.58
153 826 151 137
293 59 163 270 123.05
199 220 477 850
294 6 79 127 111.01
316 52 53 50
295 31 125 282 158.38
448 83 79 78
296 1 4 105 139.51
395 70 67 78
297 40 4 215 9.33
16 15 15 99
298 13 112 280 33.42
49 41 286 45
299 1 1 287 13.38
18 88 17 21
300 27 22 249 78.07
88 613 85 90
301 38 44 248 100.93
288 45 46 47
302 24 127 260 174.34
290 270 858 852
303 41 30 257 12.02
21 23 22 106
304 4 33 124 43.15
89 161 38 36
305 163 29 287 38.23
55 55 318 60
306 3 124 288 77.63
177 215 61 67
307 6 126 286 271.59
766 145 145 138
308 14 95 169 1.69
3 3 3 15
309 15 15 162 470.51
1243 643 248 247
310 18 200 232 269.50
526 1115 270 249
311 16 107 216 18.12
30 29 34 198
312 12 65 213 14.13
23 23 96 20
313 13 42 166 165.78
263 227 1145 420
314 30 65 275 3.52
6 5 23 5
315 1 32 277 51.61
76 79 415 71
316 95 70 285 28.92
37 204 36 32
317 9 161 257 57.00
82 89 464 89
318 5 23 288 37.83
108 17 17 17
319 3 0 98 85.97
110 392 409 134
320 7 171 233 38.79
66 73 132 248
321 27 43 264 34.90
99 18 16 17
322 12 8 253 189.81
251 1083 532 271
323 66 53 218 49.27
65 332 67 62
324 8 31 262 12.87
19 19 104 18
325 28 50 222 75.43
110 396 198 94
326 63 77 202 144.97
412 71 66 72
327 18 163 285 83.70
234 52 45 49
328 20 18 48 9.21
16 16 15 91
329 110 20 280 29.39
40 193 38 39
330 5 17 48 151.93
380 278 107 114
331 62 82 186 40.22
115 17 19 17
332 5 216 280 25.99
74 12 12 13
333 22 95 230 52.36
84 76 362 106
334 15 33 271 29.04
37 197 43 44
335 27 180 234 30.24
39 214 33 36
336 12 115 171 12.54
18 18 106 17
337 8 81 215 439.17
1212 356 236 229
338 6 36 96 212.87
288 983 898 305
339 6 86 278 263.62
397 509 1455 1252
340 29 1 110 68.21
123 116 117 606
341 28 175 269 30.38
46 41 241 47
342 15 61 231 41.21
55 276 56 48
343 33 95 275 65.30
108 101 303 365
344 1 256 285 296.38
578 1255 261 266
345 97 68 288 1.83
3 9 3 3
346 6 0 271 43.22
64 65 345 63
347 19 21 77 183.48
397 589 173 157
348 41 78 257 31.83
90 17 15 17
349 91 35 287 15.68
45 7 6 6
350 104 26 255 69.99
119 113 127 727
351 5 33 196 16.59
24 24 137 26
352 19 1 263 139.37
232 230 617 774
353 15 2 216 54.59
92 90 248 275
354 38 178 280 98.77
169 182 188 926
355 10 155 288 219.29
614 133 122 117
356 10 143 240 12.05
18 18 95 18
357 2 135 207 294.72
747 512 199 182
358 33 29 142 19.88
30 34 146 34
359 15 5 117 83.30
112 169 675 129
360 16 6 186 34.36
51 53 274 45
361 21 22 162 23.67
30 169 29 25
362 25 10 282 253.40
616 538 193 187
363 21 2 260 16.27
24 25 131 21
364 13 171 218 10.76
16 15 86 18
365 7 159 235 209.45
315 322 1378 804
366 23 67 287 129.92
209 177 882 322
367 14 36 149 2.58
7 2 2 2
368 20 4 221 246.55
696 134 120 133
369 70 10 277 170.33
485 81 74 86
370 9 74 257 64.25
108 121 122 622
371 37 121 208 18.40
52 9 10 10
372 42 5 136 0.75
1 5 1 1
373 12 1 194 32.16
90 19 19 17
374 33 132 258 89.42
124 290 534 141
375 1 3 251 154.44
186 1134 194 195
376 1 13 252 163.65
462 90 79 86
377 44 1 285 26.77
42 44 126 170
378 64 93 285 15.77
23 94 23 23
379 14 253 286 154.86
376 333 118 108
380 4 118 271 249.81
489 1037 228 245
381 103 10 206 51.78
74 77 432 78
382 1 128 237 145.23
172 1095 170 163
383 9 19 212 23.72
41 43 48 213
384 10 19 155 76.34
213 46 46 45
385 6 70 261 29.88
40 47 264 46
386 41 23 95 6.14
17 4 4 4
387 5 189 225 155.63
438 89 82 77
388 19 11 178 206.45
290 585 1288 417
389 40 47 287 93.17
264 44 50 47
390 6 40 209 472.25
830 1616 1560 560
391 90 145 281 73.20
127 138 117 697
392 16 10 235 200.00
560 125 104 110
393 71 63 288 71.11
124 115 118 717
394 29 44 249 316.14
521 613 1393 1569
395 46 32 187 180.20
510 96 88 84
396 9 0 179 234.15
663 111 126 123
397 27 192 288 59.82
105 108 106 546
398 20 67 148 71.07
117 122 143 742
399 19 2 151 431.72
1122 627 294 242
400 34 162 283 30.45
44 45 251 46
401 10 97 285 24.05
30 133 89 29
402 30 51 282 24.10
41 49 48 211
403 36 18 288 33.00
57 53 55 341
404 5 1 203 42.87
75 77 81 386
405 25 184 287 191.99
473 386 141 129
406 5 177 283 100.88
286 47 52 55
407 48 36 287 7.13
8 56 8 8
408 1 20 257 19.38
36 32 34 159
409 10 28 106 122.21
159 848 156 132
410 48 26 155 125.87
322 202 84 88
411 38 21 67 121.23
343 61 62 63
412 15 13 137 316.19
785 603 217 257
413 13 105 280 216.65
609 123 112 124
414 5 5 105 124.53
355 57 57 58
415 5 7 184 13.71
39 7 6 6
416 18 5 96 11.23
19 20 21 111
417 1 10 275 51.17
90 85 92 484
418 13 102 272 9.68
14 52 24 13
419 24 180 287 285.65
806 143 160 154
420 10 74 241 101.72
287 52 56 54
421 16 58 275 42.45
120 22 23 19
422 15 55 257 12.09
26 42 9 8
423 36 9 190 1.76
3 8 3 3
424 8 18 288 71.47
132 113 119 624
425 44 46 247 69.89
95 455 98 91
426 44 156 258 50.77
73 74 426 70
427 5 30 287 147.83
415 87 82 72
428 57 6 204 6.52
9 42 9 8
429 15 79 129 28.69
42 42 237 36
430 111 0 287 1.78
5 1 1 1
431 34 36 76 64.41
86 435 80 79
432 1 125 177 1.92
2 16 2 2
433 41 21 214 96.66
270 60 53 58
434 60 4 220 214.51
608 105 106 113
435 10 6 271 157.51
211 1037 218 219
436 80 6 218 66.99
115 105 182 569
437 10 12 178 92.56
262 45 49 48
438 28 143 245 90.45
156 151 206 810
439 11 13 177 74.42
97 448 187 99
440 21 79 274 103.93
225 345 83 83
441 1 158 226 67.88
94 314 276 86
442 154 6 279 274.87
773 144 167 139
443 110 11 186 10.64
20 20 17 80
444 15 0 245 121.86
344 65 65 58
445 2 20 64 64.04
181 34 32 32
446 6 49 285 0.89
1 7 1 1
447 26 47 288 41.09
72 68 75 391
448 22 6 272 21.00
30 32 174 32
449 20 106 230 3.70
6 6 25 6
450 53 70 277 14.32
40 8 9 9
451 16 176 287 207.36
307 305 1382 870
452 55 44 215 254.50
725 114 127 112
453 24 0 170 99.40
281 52 49 53
454 32 1 131 55.50
99 100 85 512
455 20 62 238 78.29
222 41 35 39
456 25 30 168 15.31
27 26 26 145
457 10 149 243 82.18
232 41 45 45
458 82 96 287 43.08
71 74 95 432
459 1 0 64 150.01
253 236 762 626
460 20 98 206 11.95
22 21 23 93
461 56 102 287 22.90
35 32 178 35
462 8 12 113 53.30
97 94 90 454
463 14 76 216 323.81
911 186 171 161
464 76 61 215 36.19
42 273 45 47
465 37 53 281 14.04
22 21 103 22
466 7 95 251 124.48
196 227 536 814
467 97 30 244 52.29
89 88 103 515
468 27 80 231 44.04
77 72 71 443
469 57 53 241 40.69
67 64 198 210
470 23 120 237 8.23
9 67 8 8
471 6 221 285 318.16
525 1294 986 370
472 7 0 246 298.24
800 322 183 192
473 21 28 190 15.28
22 25 123 23
474 42 87 207 74.42
214 31 29 28
475 15 94 259 106.44
253 266 69 63
476 9 0 227 120.08
340 62 61 55
477 63 16 270 25.38
47 44 43 207
478 53 0 272 43.29
56 300 52 59
479 113 105 254 12.40
21 23 21 124
480 24 3 89 70.88
127 114 128 648
481 89 31 272 4.64
6 32 6 6
482 67 116 265 102.45
123 762 120 123
483 17 187 288 40.50
73 72 72 346
484 9 36 216 189.43
533 103 109 93
485 1 22 67 25.20
28 196 32 31
486 41 11 287 100.74
286 45 53 53
487 8 0 198 8.20
15 15 15 65
488 36 72 265 82.76
151 127 136 764
489 2 228 245 15.80
22 102 19 22
490 86 74 207 22.06
63 10 9 11
491 15 0 116 60.59
106 99 114 576
492 14 0 65 11.70
21 18 21 109
493 19 166 285 536.16
1182 1419 777 516
494 14 9 279 6.70
9 43 10 11
495 130 95 288 91.36
258 48 49 44
496 1 30 64 60.71
172 29 32 31
497 47 1 119 6.12
8 41 9 8
498 61 4 116 23.39
64 17 17 17
499 41 32 236 122.28
344 64 70 69
500 32 27 164 77.91
135 139 161 695
501 9 32 180 109.25
266 228 84 85
502 1 9 182 0.61
1 1 1 7
503 5 66 275 36.21
45 171 178 46
504 7 247 287 108.19
197 197 166 935
505 18 37 236 256.68
718 148 149 157
506 11 9 238 28.20
40 41 242 36
507 58 143 288 38.65
65 68 150 235
508 11 178 288 395.39
806 1447 466 312
509 101 0 249 13.97
21 20 110 22
510 6 146 275 92.98
165 162 209 753
511 10 21 239 42.40
75 72 75 393
512 11 82 171 50.72
61 308 157 72
513 27 139 278 27.45
40 47 211 48
514 9 71 184 51.87
147 24 28 27
515 36 3 198 111.85
193 185 302 911
516 68 2 270 2.04
3 12 3 3
517 8 220 260 56.84
160 33 28 30
518 35 79 261 102.36
137 466 461 129
519 79 1 113 46.08
129 27 27 25
520 27 63 150 0.70
1 1 6 1
521 6 70 288 71.04
106 107 543 140
522 45 12 187 129.64
369 59 59 70
523 15 32 287 55.13
79 85 452 87
524 80 1 286 87.61
251 41 33 35
525 21 43 242 38.42
55 238 52 51
526 10 71 287 135.38
248 236 231 1134
527 20 13 158 230.10
312 1479 388 236
528 10 193 254 84.31
139 165 168 820
529 1 103 223 27.52
48 45 95 177
530 15 11 161 86.21
106 633 105 85
531 142 33 275 46.83
76 85 154 371
532 28 60 252 6.96
12 13 13 64
533 80 21 246 17.60
32 32 31 145
534 59 129 253 33.82
53 45 255 56
535 24 6 234 31.03
54 54 50 306
536 33 55 277 58.57
166 29 30 28
537 45 7 105 84.26
141 140 150 901
538 38 90 205 13.66
24 24 24 127
539 39 44 117 68.77
195 35 34 31
540 4 5 110 91.62
130 363 435 130
541 1 29 202 641.19
1399 1510 1334 572
542 23 9 190 2.27
4 4 4 21
543 24 18 192 120.38
177 287 805 187
544 1 44 267 221.10
539 481 147 150
545 27 28 255 198.15
566 88 85 96
546 5 10 192 295.82
829 170 170 165
547 27 75 287 17.39
21 126 24 22
548 69 79 288 1.05
2 2 2 7
549 1 41 197 36.68
103 20 20 23
550 13 109 287 84.15
139 150 158 878
551 15 16 66 118.72
332 67 72 72
552 1 119 260 70.95
102 109 579 114
553 14 27 265 51.57
72 71 453 73
554 1 201 277 75.05
109 112 611 118
555 29 108 285 182.14
512 99 104 98
556 10 203 288 27.12
48 42 45 269
557 18 6 216 0.70
1 1 6 1
558 5 46 118 5.18
8 8 39 7
559 55 21 274 2.20
4 4 4 18
560 85 1 216 9.63
16 18 19 95
561 18 43 224 21.87
25 165 30 28
562 7 148 247 6.68
18 5 6 6
563 6 7 240 43.27
61 275 53 61
564 49 3 174 14.41
41 7 7 6
565 5 167 283 417.94
984 1014 350 313
566 31 28 287 37.01
51 238 50 51
567 20 17 106 92.63
263 45 44 47
568 71 15 253 202.49
575 93 104 102
569 11 25 269 77.14
115 135 458 360
570 6 111 255 48.66
137 26 26 28
571 12 1 85 31.48
46 113 158 44
572 25 4 223 90.64
134 194 647 115
573 114 1 214 27.78
45 46 111 195
574 161 12 211 132.83
377 66 65 61
575 12 14 260 255.02
445 1305 234 267
576 34 40 242 46.22
85 80 83 376
577 9 75 128 66.19
85 452 91 96
578 11 41 270 102.17
292 44 46 47
579 10 2 51 66.00
89 443 83 75
580 16 54 226 101.87
287 53 56 57
581 16 111 191 141.10
198 224 1190 196
582 8 16 77 99.59
281 54 49 55
583 15 18 145 236.10
312 1398 617 277
584 14 11 136 142.86
223 839 151 154
585 48 28 134 41.70
58 56 368 63
586 6 12 249 53.82
64 402 61 72
587 26 14 263 125.28
276 399 92 100
588 64 132 230 28.55
49 48 49 290
589 77 0 175 47.39
67 97 364 65
590 11 41 124 217.51
325 326 1460 832
591 19 117 248 55.25
156 28 29 31
592 2 28 214 47.82
91 74 80 384
593 47 16 156 134.21
235 230 292 1162
594 21 101 244 33.73
49 136 149 47
595 111 52 287 97.88
132 657 119 119
596 24 108 268 122.21
185 210 916 162
597 27 142 280 170.28
476 102 104 87
598 2 16 37 112.93
208 173 219 949
599 46 18 208 79.46
222 46 48 48
600 48 84 194 54.47
84 98 302 250
601 130 11 214 23.25
65 14 14 12
602 66 49 248 13.66
38 9 8 8
603 33 97 235 264.27
463 1336 246 293
604 32 143 287 3.26
5 18 5 5
605 42 15 241 53.23
67 384 59 63
606 44 144 288 61.43
89 86 512 93
607 2 36 247 23.04
27 170 33 29
608 94 48 245 29.70
54 44 49 281
609 59 29 258 27.24
48 47 46 257
610 80 0 91 49.71
83 87 169 360
611 43 158 287 546.92
1303 1273 420 433
612 5 11 140 159.27
453 82 67 73
613 17 1 187 62.07
174 35 36 35
614 27 3 87 212.10
342 327 1110 1060
615 14 83 247 6.28
8 44 8 8
616 30 54 249 148.30
239 240 717 827
617 24 58 282 107.28
303 60 50 55
618 16 49 209 22.67
29 158 29 29
619 29 17 260 19.48
28 31 160 26
620 31 2 175 58.76
166 30 31 31
621 57 1 146 29.11
82 16 15 16
622 17 26 248 107.28
168 177 632 430
623 96 82 242 14.93
23 22 112 25
624 74 20 240 25.85
34 178 30 33
625 11 19 256 4.29
7 7 29 6
626 104 25 275 38.70
71 64 68 329
627 41 111 181 151.72
206 840 445 179
628 5 34 159 323.67
498 717 1545 1596
629 8 171 194 49.48
65 284 143 63
630 62 172 287 61.53
117 105 94 484
631 17 189 270 36.63
64 61 62 360
632 10 47 281 30.94
56 51 55 273
633 128 157 287 21.07
27 148 26 25
634 2 172 259 41.65
65 59 311 68
635 1 19 264 23.11
41 44 40 200
636 30 10 261 26.98
50 41 50 228
637 27 2 129 84.90
239 44 47 50
638 5 135 274 30.38
85 18 17 18
639 13 4 251 22.74
64 12 13 12
640 74 176 281 74.58
213 33 34 33
641 17 35 234 32.58
55 60 60 320
642 2 23 181 24.10
38 33 180 37
643 14 71 273 84.50
100 634 105 93
644 16 128 230 12.05
35 4 4 4
645 54 85 257 62.11
91 92 498 104
646 4 136 287 53.39
151 29 25 27
647 9 62 191 215.33
354 331 968 1302
648 47 17 263 186.71
296 1048 230 218
649 37 85 191 7.71
19 16 5 5
650 81 22 260 111.83
136 812 142 147
651 25 117 287 82.34
235 35 41 36
652 15 70 101 48.12
91 76 77 397
653 70 14 171 41.18
65 66 204 241
654 30 35 132 54.10
71 371 66 69
655 5 65 189 31.06
56 53 56 270
656 2 263 288 63.07
105 121 119 620
657 16 218 263 178.93
222 1117 465 245
658 18 26 244 219.46
623 108 110 97
659 7 40 255 10.17
28 7 7 7
660 7 50 223 75.05
211 39 43 45
661 22 36 189 18.49
34 35 32 144
662 10 59 203 332.34
738 990 292 293
663 31 55 271 35.93
56 53 271 48
664 14 13 284 403.24
815 1288 754 422
665 5 21 150 28.85
40 41 255 38
666 6 3 85 123.31
185 431 604 170
667 16 213 275 20.67
35 33 68 157
668 6 122 287 85.97
221 135 55 59
669 26 46 219 24.24
43 38 38 242
670 11 33 204 43.06
61 270 60 53
671 33 69 275 204.15
352 333 734 1315
672 30 0 103 358.97
813 1047 248 296
673 16 168 276 98.77
282 43 46 45
674 15 74 227 17.18
24 108 24 25
675 7 94 106 77.98
93 565 111 108
676 84 0 250 21.85
38 34 66 166
677 41 2 122 55.83
95 106 104 526
678 26 29 278 44.02
123 26 25 28
679 22 75 231 109.27
193 188 195 1006
680 39 78 190 78.45
222 40 39 41
681 16 0 138 98.82
145 173 752 163
682 43 2 150 95.04
132 143 775 228
683 12 137 260 36.05
61 69 63 351
684 3 27 287 33.52
39 250 47 40
685 128 48 260 0.89
1 7 1 1
686 13 0 126 275.24
424 706 1352 985
687 19 18 248 46.74
77 86 91 476
688 27 12 144 87.17
146 140 149 957
689 137 15 281 1.76
3 8 3 3
690 36 185 286 16.13
24 24 127 26
691 98 34 263 121.25
159 819 168 154
692 60 35 256 48.31
136 27 24 28
693 13 6 269 55.50
98 107 103 469
694 60 54 164 15.21
26 28 25 151
695 6 32 186 21.61
24 171 25 23
696 10 53 142 258.34
729 141 133 127
697 6 78 287 104.91
138 699 148 151
698 87 2 245 40.24
72 73 72 346
699 10 98 285 27.28
32 205 34 33
700 6 0 77 86.40
154 140 168 774
701 3 11 218 77.16
218 41 39 39
702 44 1 63 29.32
36 212 38 35
703 102 6 285 27.99
36 196 35 32
704 49 13 176 23.27
66 11 12 12
705 18 20 152 4.10
5 30 5 5
706 3 0 69 8.98
11 65 11 12
707 12 1 250 103.60
293 52 55 52
708 42 64 179 47.67
85 90 88 398
709 23 190 271 58.32
94 110 108 626
710 73 5 219 29.39
44 40 240 38
711 10 30 244 49.67
86 80 81 513
712 8 164 250 12.68
19 20 99 17
713 33 133 288 144.99
249 212 719 626
714 22 1 104 316.12
659 1161 269 240
715 25 90 287 152.07
184 1104 212 176
716 3 179 226 9.26
15 17 15 104
717 6 132 270 33.26
94 18 16 17
718 5 127 265 4.27
7 8 8 44
719 67 18 161 41.84
69 71 77 452
720 2 75 257 87.66
111 450 355 126
721 75 126 212 34.55
49 152 144 44
722 17 16 269 410.95
1176 172 185 183
723 68 11 93 267.39
634 655 187 193
724 92 1 275 12.02
16 18 109 17
725 36 71 179 43.39
121 28 24 25
726 20 0 277 15.84
21 94 40 20
727 34 100 166 400.08
1059 488 262 255
728 3 0 247 122.66
348 60 60 61
729 22 51 285 168.99
280 274 558 1352
730 13 116 219 280.52
798 131 129 145
731 10 263 286 70.20
100 106 560 157
732 3 140 278 216.13
616 93 104 110
733 16 0 37 93.52
132 311 545 119
734 19 76 251 39.33
51 273 48 49
735 1 188 262 449.16
1068 1078 306 365
736 10 131 253 9.33
15 17 16 105
737 2 0 34 48.50
136 26 29 29
738 38 4 234 30.31
41 105 179 46
739 13 0 22 495.59
893 1686 1558 468
740 13 13 135 104.61
163 163 768 156
741 24 77 268 53.84
97 97 85 478
742 10 116 153 30.68
43 40 274 39
743 19 0 238 85.95
119 174 685 109
744 10 0 251 17.20
30 34 30 152
745 149 14 203 4.57
9 10 9 21
746 4 120 221 180.74
288 278 705 1435
747 21 30 282 137.38
204 210 1032 311
748 30 91 268 48.42
77 70 351 76
749 42 14 220 63.03
84 369 159 88
750 22 40 96 47.75
74 75 353 70
751 1 0 100 45.17
126 28 26 27
752 37 46 171 114.69
174 166 890 179
753 19 83 203 251.62
363 577 1576 770
754 6 180 264 187.63
305 315 695 1400
755 77 28 244 41.49
64 63 314 57
756 1 0 14 69.36
116 116 126 735
757 10 35 277 203.12
309 1189 270 233
758 33 104 248 469.15
1252 560 275 258
759 22 17 165 61.18
79 419 82 83
760 1 201 257 174.13
491 93 86 104
761 38 8 221 7.45
21 4 4 4
762 10 2 261 83.75
96 640 96 117
763 21 61 221 112.25
162 418 545 177
764 50 1 141 29.70
35 222 37 37
765 49 0 117 70.48
80 556 73 73
766 35 124 285 238.16
351 756 1278 423
767 15 52 188 33.92
95 20 19 19
768 132 1 256 64.93
182 39 35 35
769 13 1 211 95.40
138 136 791 148
770 31 2 269 83.40
145 151 132 811
771 21 99 275 63.12
81 438 84 77
772 36 31 287 0.59
1 1 1 6
773 22 25 109 29.42
40 49 252 44
774 63 24 144 148.74
179 845 545 215
775 12 66 237 8.91
11 61 16 11
776 89 37 286 4.31
7 6 31 6
777 12 3 72 9.12
12 62 11 13
778 39 37 287 26.81
36 178 35 36
779 28 33 155 25.60
45 42 42 252
780 17 44 254 177.83
246 369 1349 338
781 1 39 193 8.41
11 58 10 11
782 18 117 230 28.43
40 39 247 42
783 49 29 194 74.44
111 98 618 92
784 19 205 284 24.31
30 174 30 35
785 27 4 282 29.30
40 195 35 35
786 78 47 227 2.77
8 1 1 1
787 162 13 212 4.99
9 9 9 42
788 12 65 271 27.63
47 48 45 287
789 33 9 148 124.37
201 215 489 869
790 3 267 284 286.87
462 562 1456 1173
791 6 16 272 189.71
402 661 159 165
792 1 14 288 523.04
1413 539 315 286
793 45 31 255 19.43
35 35 34 166
794 68 33 176 11.93
16 17 109 16
795 38 18 206 49.01
72 92 366 75
796 12 214 264 45.47
58 319 57 57
797 68 50 288 13.74
20 82 21 18
798 3 29 279 59.89
169 34 28 31
799 18 101 143 6.77
9 45 9 10
800 2 106 287 239.03
342 603 1392 817
801 17 138 242 15.66
26 27 25 173
802 59 30 255 65.25
183 35 40 37
803 6 149 215 83.58
103 616 91 94
804 22 102 282 200.26
370 922 202 194
805 5 24 53 456.12
1254 376 253 270
806 34 55 278 22.52
64 11 11 10
807 3 178 240 95.75
144 131 762 152
808 58 2 214 53.60
64 397 70 60
809 4 19 258 3.47
6 7 7 29
810 46 26 262 142.79
399 84 85 84
811 20 10 111 8.56
11 60 10 11
812 30 4 152 39.40
48 290 46 47
813 21 0 65 83.93
240 37 37 36
814 2 45 139 174.46
216 938 674 257
815 50 19 207 7.83
12 11 61 11
816 97 38 277 26.67
76 13 12 11
817 12 115 260 16.06
22 104 22 21
818 123 160 287 49.43
89 78 83 463
819 13 41 79 90.87
124 388 417 143
820 98 8 244 20.77
37 36 41 178
821 45 16 154 3.96
5 28 5 5
822 177 9 202 25.95
31 192 33 31
823 112 80 267 33.66
45 46 313 42
824 49 7 144 61.97
176 30 29 32
825 19 31 262 14.27
24 22 26 155
826 45 1 98 36.56
66 66 59 320
827 49 232 286 362.06
1025 170 192 203
828 22 1 100 84.90
143 138 358 490
829 26 56 287 455.07
1279 279 213 246
830 90 26 151 7.78
13 15 15 75
831 3 13 288 46.60
67 73 380 71
832 14 64 286 34.85
55 55 252 48
833 23 37 230 558.90
1322 1374 414 387
834 60 73 268 3.61
5 23 5 5
835 4 145 196 17.44
22 122 23 24
836 10 30 76 13.45
24 22 24 124
837 41 243 287 202.49
311 366 993 1201
838 4 32 230 21.59
29 143 28 30
839 17 28 281 22.50
37 41 60 199
840 20 21 186 29.11
52 48 53 264
841 12 85 230 22.15
29 150 30 29
842 60 78 277 12.61
20 20 88 22
843 26 146 248 11.72
18 17 80 37
844 22 3 126 43.99
125 21 22 20
845 52 22 101 54.66
70 345 119 79
846 40 67 258 13.78
25 25 23 117
847 18 104 208 496.79
1259 859 336 320
848 5 10 98 168.99
480 79 83 87
849 8 135 172 21.94
39 40 35 200
850 1 234 262 128.05
364 65 56 60
851 12 13 188 496.55
1383 359 249 248
852 38 24 221 36.89
50 240 51 52
853 11 83 287 244.12
595 515 185 170
854 11 76 161 164.00
225 407 1200 226
855 41 76 250 520.46
1275 1059 382 414
856 6 166 232 20.16
37 32 33 180
857 55 192 285 232.16
650 127 142 140
858 12 9 252 14.04
21 21 111 20
859 7 118 287 54.61
83 80 424 80
860 66 153 259 87.43
245 47 51 57
861 42 152 283 31.55
45 132 137 46
862 20 32 155 50.18
62 360 64 65
863 7 12 98 84.19
236 50 47 44
864 3 25 41 40.08
47 304 45 50
865 84 119 273 13.48
23 24 22 137
866 32 200 284 13.85
18 96 16 19
867 18 51 134 10.57
15 67 13 14
868 23 34 267 78.40
109 270 448 113
869 5 108 200 26.42
48 45 49 222
870 48 127 280 83.25
109 568 110 102
871 74 19 227 4.13
6 25 6 5
872 47 144 206 227.05
339 379 1311 1182
873 9 103 203 175.67
304 276 546 1319
874 106 24 287 23.20
41 40 38 220
875 2 26 60 32.11
41 225 40 41
876 73 0 207 53.75
70 374 64 63
877 46 6 176 23.91
38 37 126 125
878 51 77 258 46.92
134 19 23 23
879 89 37 282 1.05
2 2 2 7
880 33 71 193 31.01
37 228 42 37
881 22 29 176 16.13
20 115 21 21
882 14 11 56 57.28
70 392 106 76
883 9 84 214 4.55
7 25 7 7
884 3 135 286 237.65
350 507 1422 874
885 89 9 145 37.88
63 66 68 400
886 23 76 284 101.30
127 716 129 138
887 36 33 274 3.61
6 6 6 40
888 2 0 147 282.81
376 1187 1434 373
889 19 162 210 128.33
188 804 146 139
890 24 30 110 45.82
60 312 58 63
891 7 66 196 7.97
20 15 5 5
892 43 10 175 10.99
16 67 15 14
893 7 5 109 285.63
604 993 261 229
894 3 39 239 47.84
82 80 94 465
895 65 100 265 110.91
203 173 198 975
896 112 33 173 90.31
110 647 124 124
897 30 119 288 40.67
59 57 342 54
898 22 115 258 24.17
42 43 43 228
899 58 7 224 93.99
145 126 736 130
900 5 79 232 129.97
180 842 164 171
901 18 9 263 35.13
57 69 64 366
902 17 45 281 58.27
69 435 73 69
903 53 8 222 47.56
77 64 344 71
904 10 91 187 12.14
21 21 20 121
905 6 8 162 443.30
1264 199 209 202
906 5 6 247 30.52
51 58 59 296
907 27 14 164 17.20
31 31 31 145
908 66 51 283 64.83
95 94 532 90
909 26 33 171 130.55
367 72 73 70
910 25 9 105 31.34
45 44 266 43
911 17 26 87 10.24
15 62 13 15
912 60 43 288 60.36
169 35 35 34
913 91 1 167 1.27
2 2 5 10
914 22 1 150 121.84
254 435 113 111
915 4 14 257 53.00
69 365 67 66
916 2 124 278 62.84
92 383 84 76
917 15 62 281 346.24
654 1345 607 367
918 60 126 278 153.95
430 86 102 86
919 12 11 243 101.28
131 623 243 132
920 12 25 275 302.36
481 626 1375 1538
921 95 39 192 19.20
35 34 34 159
922 17 3 113 200.17
305 518 1228 260
923 4 15 251 501.03
977 1427 1477 463
924 3 0 64 9.16
16 15 16 90
925 32 9 195 141.08
399 75 71 66
926 32 84 246 45.38
77 80 94 430
927 44 223 284 10.71
17 15 79 16
928 4 3 138 47.63
82 90 88 438
929 5 34 74 42.26
74 70 70 417
930 1 14 32 93.54
264 51 49 44
931 27 4 283 20.23
37 34 35 173
932 8 106 257 97.08
275 48 51 46
933 40 101 287 160.04
238 242 1003 764
934 63 39 191 8.06
15 13 15 65
935 5 2 287 13.45
23 25 24 129
936 6 118 240 52.43
149 25 24 28
937 77 1 227 99.54
161 136 688 209
938 14 106 288 56.30
78 82 485 94
939 1 1 214 90.94
258 43 48 43
940 16 36 276 41.63
53 287 57 59
941 40 97 245 88.15
222 160 56 61
942 8 172 272 375.23
1055 207 204 210
943 4 195 288 20.18
36 40 34 169
944 6 60 250 84.73
239 45 43 48
945 41 121 263 265.52
485 1272 243 236
946 1 10 67 415.50
1181 198 196 207
947 69 121 272 5.30
8 9 36 15
948 15 129 287 66.26
98 101 525 102
949 1 0 221 445.27
1183 562 247 255
950 2 0 266 137.96
227 197 839 439
951 17 79 281 197.10
405 729 179 194
952 14 0 202 6.68
10 10 52 11
953 8 23 267 144.99
340 374 107 90
954 115 82 269 47.18
65 82 394 69
955 72 65 282 24.85
32 172 32 32
956 83 46 245 45.26
58 172 271 61
957 57 0 254 39.19
48 280 53 54
958 61 25 248 15.09
43 7 7 7
959 16 92 253 29.37
39 195 43 36
960 1 63 145 20.63
27 140 26 30
961 50 98 274 28.71
45 47 137 180
962 11 10 139 100.97
283 60 54 58
963 2 48 225 19.83
30 30 153 30
964 5 64 187 104.42
296 49 52 60
965 84 114 274 515.07
1369 634 319 269
966 40 22 248 40.36
63 56 305 62
967 5 13 125 104.65
122 777 144 138
968 3 12 273 85.83
122 284 495 112
969 19 15 238 615.72
1552 1145 367 372
970 13 117 274 438.05
1231 248 236 239
971 5 142 278 173.24
247 273 1240 634
972 42 46 139 97.72
170 142 326 711
973 3 126 277 12.38
20 20 72 44
974 10 41 252 41.35
73 79 69 367
975 17 7 73 75.33
208 52 50 46
976 14 2 124 472.04
1257 568 284 269
977 24 43 86 70.06
115 379 79 84
978 21 4 76 49.22
84 88 109 442
979 74 113 269 4.43
6 29 6 6
980 40 34 278 18.45
23 132 22 25
981 1 114 233 135.13
305 398 99 103
982 111 107 287 9.12
11 66 12 13
983 21 76 173 33.52
55 61 157 163
984 28 5 150 108.01
189 203 168 1017
985 83 141 287 268.05
761 127 133 135
986 4 0 256 493.55
1125 1409 377 326
987 55 111 261 44.35
58 248 139 58
988 48 42 181 7.31
12 12 48 12
989 16 35 272 185.64
526 96 89 90
990 13 13 131 154.32
258 250 454 1314
991 27 126 272 53.46
86 83 375 78
992 92 92 240 28.36
36 202 33 34
993 8 31 286 15.80
24 22 125 22
994 10 114 258 32.72
56 61 62 305
995 4 42 174 35.35
81 97 27 29
996 60 71 263 17.58
49 11 10 11
997 55 96 162 74.82
97 531 80 81
998 3 95 254 19.38
31 35 36 216
999 3 78 228 15.61
27 29 25 151
1000 15 46 147 42.49
51 313 52 56
1001 23 49 217 430.27
1219 203 236 210
1002 22 212 269 28.08
48 45 52 287
1003 73 17 249 119.82
170 170 1021 180
1004 13 6 67 295.56
796 325 160 171
1005 74 153 261 38.06
46 283 43 45
1006 24 132 188 37.48
46 266 53 51
1007 81 65 248 21.42
37 37 37 211
1008 40 73 288 75.52
215 33 38 37
1009 137 4 215 26.60
45 50 47 261
1010 25 1 218 35.06
61 55 63 351
1011 85 122 288 79.74
227 39 36 35
1012 6 8 157 122.23
347 58 62 59
1013 20 24 176 3.70
5 5 34 5
1014 13 8 216 3.82
7 7 6 32
1015 53 114 180 17.20
48 11 9 11
1016 46 42 239 89.75
133 113 756 116
1017 5 13 251 235.33
381 360 1391 844
1018 1 27 272 6.68
12 13 13 52
1019 3 239 288 297.93
601 1147 296 264
1020 38 183 288 53.93
91 96 95 549
1021 16 169 269 32.84
41 233 44 40
1022 43 49 279 14.49
20 20 130 18
1023 12 55 138 44.46
80 83 78 372
1024 50 42 271 334.45
951 157 169 146
1025 20 140 288 33.94
40 254 44 38
1026 45 187 265 123.36
193 186 819 365
1027 2 2 223 43.95
69 68 316 73
1028 19 53 122 32.39
42 227 38 37
1029 11 76 155 9.28
12 64 12 12
1030 8 139 260 526.65
1132 1462 861 513
1031 2 109 269 518.33
1247 1192 335 410
1032 52 81 257 59.25
167 33 30 31
1033 2 120 245 166.65
474 78 83 74
1034 33 88 284 6.14
10 11 10 69
1035 26 17 286 92.42
160 169 153 890
1036 7 3 19 122.59
197 166 901 172
1037 30 33 286 6.80
8 52 7 8
1038 18 14 234 48.21
83 83 110 426
1039 35 61 161 57.71
160 38 37 34
1040 29 13 182 28.06
50 44 44 277
1041 1 0 219 59.37
78 401 82 74
1042 14 83 227 216.86
333 1133 444 303
1043 21 27 128 260.55
617 629 201 189
1044 29 52 270 62.91
86 145 474 97
1045 33 0 89 42.78
62 59 361 58
1046 8 122 268 42.24
74 73 72 403
1047 31 21 196 282.06
533 1170 391 280
1048 12 65 276 137.28
205 217 961 414
1049 11 0 190 288.09
629 925 232 246
1050 36 4 249 3.61
6 6 23 6
1051 120 14 288 61.93
176 31 28 29
1052 8 259 288 101.19
152 162 685 333
1053 18 102 244 16.15
45 10 10 9
1054 23 173 288 1.76
3 8 3 3
1055 16 4 185 45.64
80 75 73 456
1056 25 40 205 20.98
36 34 37 215
1057 26 27 285 487.08
1154 1197 352 330
1058 24 86 209 64.57
83 436 95 95
1059 18 33 261 38.30
44 288 52 50
1060 22 74 273 206.10
515 377 150 152
1061 23 79 151 36.94
46 258 52 54
1062 26 17 134 164.35
240 518 938 222
1063 15 12 217 12.16
21 22 23 113
1064 3 208 247 464.09
1008 1311 670 415
1065 40 115 214 94.39
136 125 804 140
1066 6 244 288 47.21
84 86 83 414
1067 2 68 256 169.63
483 82 74 81
1068 16 4 283 426.31
1103 666 255 238
1069 35 0 252 26.09
31 191 35 36
1070 1 0 245 191.47
254 1286 259 237
1071 22 174 288 0.47
1 1 1 1
1072 13 12 94 43.67
67 67 331 62
1073 4 13 230 234.79
341 668 1386 467
1074 18 18 249 299.67
712 716 226 217
1075 32 78 226 12.35
22 22 21 111
1076 42 3 270 33.31
44 226 43 41
1077 55 19 208 255.88
722 139 127 138
1078 24 8 249 91.36
122 399 438 117
1079 14 60 129 126.08
160 877 165 178
1080 8 24 195 30.38
52 57 53 291
1081 17 93 187 67.01
86 467 85 84
1082 15 58 272 123.99
152 660 511 160
1083 4 87 267 153.55
230 460 865 221
1084 15 161 270 14.04
40 6 7 7
1085 10 1 74 1.59
2 2 16 2
1086 129 1 271 3.26
6 5 5 30
1087 5 72 273 55.55
87 92 392 92
1088 94 4 245 1.05
2 2 2 7
1089 61 150 286 247.66
701 135 116 115
1090 40 119 263 101.68
123 751 123 117
1091 5 37 284 193.89
551 101 84 87
1092 21 41 266 146.66
412 83 83 74
1093 21 108 266 29.79
84 16 16 15
1094 27 24 212 88.04
134 113 709 123
1095 41 74 184 9.23
12 62 13 14
1096 41 4 138 1.27
2 2 5 10
1097 53 76 288 26.98
34 190 35 35
1098 29 37 182 59.79
73 392 142 69
1099 7 125 277 818.53
1798 1723 1769 1043
1100 21 84 281 65.89
117 126 110 575
1101 28 76 210 34.20
97 17 17 16
1102 52 33 254 14.56
21 22 118 25
1103 36 181 287 25.69
71 16 19 16
1104 17 47 247 276.39
720 401 175 159
1105 42 4 156 499.81
1334 582 308 286
1106 14 183 273 79.34
223 46 40 45
1107 15 87 225 29.06
50 54 54 270
1108 1 145 240 55.81
78 90 463 93
1109 15 106 257 208.51
351 303 1014 1045
1110 7 16 132 50.93
64 353 72 74
1111 22 6 287 100.18
126 704 132 134
1112 14 8 268 24.05
42 44 45 216
1113 32 157 262 150.67
428 72 75 70
1114 27 36 236 48.00
70 76 382 76
1115 51 28 208 32.35
58 57 52 293
1116 3 194 287 14.95
17 115 18 19
1117 10 122 201 152.99
237 255 1100 244
1118 24 87 241 124.20
352 65 57 62
1119 83 13 218 173.87
408 439 133 123
1120 2 0 228 673.75
1593 1399 875 496
1121 18 42 275 48.21
90 81 85 384
1122 1 43 259 32.98
50 42 270 41
1123 16 61 225 65.68
76 494 86 84
1124 39 13 279 335.76
960 149 140 158
1125 30 49 282 3.54
5 22 5 5
1126 102 5 221 50.56
84 84 96 537
1127 49 26 217 144.78
399 114 85 79
1128 75 36 284 48.64
54 380 61 57
1129 4 31 281 89.09
223 160 66 67
1130 28 181 269 22.78
36 43 62 215
1131 6 0 27 311.62
872 189 178 164
1132 38 75 277 123.94
183 313 801 185
1133 4 31 120 45.24
55 337 49 51
1134 13 153 248 112.37
157 726 134 150
1135 17 2 188 10.66
19 20 20 89
1136 6 3 180 287.03
391 1362 1155 376
1137 52 30 184 2.77
8 1 1 1
1138 94 4 200 21.45
37 39 45 190
1139 21 122 232 11.27
19 23 21 104
1140 1 78 260 98.26
154 153 719 139
1141 11 74 230 79.55
134 154 237 582
1142 4 91 117 456.00
1294 223 227 216
1143 8 14 250 86.68
107 621 113 111
1144 28 14 128 434.60
900 1360 747 368
1145 9 20 191 45.73
64 292 59 61
1146 26 29 282 60.80
86 318 174 88
1147 51 28 245 30.00
55 52 51 252
1148 31 3 288 155.77
442 73 80 79
1149 101 72 278 6.66
10 10 52 10
1150 14 178 208 88.01
140 485 115 110
1151 9 64 247 82.88
127 149 428 455
1152 1 169 269 7.29
12 13 13 78
1153 19 103 273 87.43
220 162 56 52
1154 17 151 246 58.13
86 77 408 229
1155 26 56 159 3.73
6 5 27 6
1156 7 18 139 145.34
411 72 76 79
1157 19 63 197 6.40
8 46 8 7
1158 15 66 286 129.92
165 765 390 158
1159 26 227 288 224.45
377 332 1015 1272
1160 4 138 198 229.63
324 1023 940 312
1161 17 122 277 13.03
19 21 103 21
1162 38 83 224 34.69
59 63 60 345
1163 25 114 236 61.46
108 96 108 606
1164 82 37 278 9.00
11 65 11 13
1165 2 0 175 229.00
380 377 966 1387
1166 18 3 121 62.16
176 30 32 34
1167 93 35 258 1.57
3 3 3 10
1168 11 61 169 41.91
64 60 328 56
1169 9 161 271 137.19
175 958 178 173
1170 2 50 257 317.60
789 606 237 212
1171 33 23 81 250.68
406 348 1359 1249
1172 56 63 238 218.57
354 365 1028 1218
1173 58 85 251 133.86
196 265 990 192
1174 11 13 105 122.84
346 67 65 66
1175 19 89 156 80.21
124 118 613 106
1176 9 163 287 166.49
254 286 1239 211
1177 13 103 214 73.93
102 339 302 105
1178 8 101 243 167.52
270 273 807 934
1179 5 66 263 3.00
4 4 28 4
1180 3 16 208 45.71
70 69 339 85
1181 7 6 200 16.67
29 29 29 160
1182 10 34 216 253.91
527 936 204 239
1183 15 245 280 82.22
234 37 41 39
1184 19 136 266 189.85
279 388 1220 590
1185 1 1 164 123.22
159 658 440 177
1186 5 13 224 72.24
104 442 102 96
1187 27 120 282 83.23
137 446 100 95
1188 33 151 207 3.56
6 6 22 6
1189 53 57 263 22.08
40 41 38 183
1190 113 14 205 56.70
158 36 34 31
1191 113 15 220 19.88
30 30 156 26
1192 153 15 282 67.62
192 31 34 36
1193 17 203 272 45.33
70 69 341 65
1194 67 43 231 9.84
15 15 75 15
1195 2 174 275 24.92
40 49 91 174
1196 2 93 288 103.11
120 790 116 117
1197 44 34 106 15.16
25 28 26 161
1198 14 111 201 23.23
32 152 29 29
1199 10 86 214 112.51
199 192 223 992
1200 10 66 281 4.71
6 33 6 6
1201 22 218 286 80.98
191 199 61 62
1202 36 63 205 6.49
11 12 12 63
1203 34 1 101 76.88
218 38 38 38
1204 54 170 287 37.74
67 62 68 350
1205 14 130 228 429.80
607 1727 1639 1380
1206 10 53 200 4.90
8 7 34 8
1207 1 22 69 17.46
25 24 151 21
1208 36 60 286 33.21
54 44 240 49
1209 5 126 202 18.63
27 29 150 30
1210 7 17 129 31.15
43 202 41 39
1211 20 5 209 10.03
15 16 78 14
1212 27 6 139 12.38
21 21 36 99
1213 1 0 164 425.37
1096 685 260 229
1214 43 23 144 6.63
12 11 13 56
1215 102 44 278 20.18
34 35 35 210
1216 53 10 255 396.14
1122 197 196 210
1217 40 1 258 4.29
7 7 29 6
1218 19 118 229 42.45
76 74 71 383
1219 19 54 128 15.49
22 21 136 18
1220 1 6 229 98.09
271 77 54 52
1221 45 119 255 78.05
139 144 126 700
1222 39 72 227 48.64
73 104 334 73
1223 25 44 191 76.04
113 96 638 98
1224 135 46 276 3.89
5 27 5 5
1225 11 43 256 267.44
761 125 132 117
1226 12 79 218 4.50
6 30 6 6
1227 14 60 120 80.09
93 598 106 109
1228 5 6 238 129.50
179 682 409 155
1229 25 10 118 10.41
14 69 14 13
1230 43 8 184 1.78
5 1 1 1
1231 39 180 288 141.01
238 268 332 1216
1232 33 65 287 12.52
22 23 23 111
1233 5 111 212 136.32
199 214 1026 336
1234 22 158 256 365.25
548 1208 1607 1073
1235 133 23 288 0.47
1 1 1 1
1236 21 78 255 44.77
79 78 85 400
1237 83 178 282 133.74
381 58 65 68
1238 40 28 74 61.57
174 33 32 28
1239 25 11 238 13.41
38 7 6 7
1240 26 16 254 57.05
72 412 64 62
1241 3 132 238 33.03
50 55 248 48
1242 45 21 167 28.95
82 15 14 14
1243 11 10 241 5.95
7 44 8 8
1244 29 23 240 1.27
3 2 2 2
1245 10 159 230 152.82
217 484 899 232
1246 20 24 161 20.65
30 30 170 31
1247 13 40 179 30.19
41 199 39 39
1248 60 6 85 52.39
148 27 28 26
1249 21 26 231 10.43
20 17 18 78
1250 36 60 251 20.09
30 29 160 30
1251 30 215 284 7.69
14 14 12 66
1252 113 86 254 140.45
393 79 87 79
1253 8 122 288 389.86
1097 218 210 201
1254 3 213 287 13.83
18 95 18 17
1255 28 91 275 58.41
74 381 120 73
1256 56 94 260 154.63
439 80 67 77
1257 4 53 206 84.38
239 41 46 39
1258 3 45 248 53.72
80 78 425 88
1259 71 3 205 11.56
20 20 19 115
1260 16 21 156 141.03
399 75 67 72
1261 29 2 269 59.65
95 99 301 316
1262 128 43 276 2.77
8 1 1 1
1263 45 77 265 359.48
767 1228 302 311
1264 132 24 288 44.60
126 23 22 26
1265 9 86 278 40.83
86 145 35 33
1266 41 4 264 107.14
135 403 652 168
1267 1 97 178 129.90
190 199 1050 185
1268 20 20 206 1.03
2 2 2 6
1269 6 82 287 119.89
204 238 206 1133
1270 40 136 287 6.70
8 50 8 8
1271 85 100 264 96.24
200 360 77 72
1272 10 6 275 221.31
630 108 98 102
1273 49 80 287 192.13
538 113 110 106
1274 22 33 131 20.32
34 40 42 187
1275 9 161 285 87.80
252 37 34 39
1276 11 250 288 100.44
285 49 50 48
1277 9 44 138 52.32
66 375 59 65
1278 33 1 64 22.81
28 165 29 28
1279 30 134 277 75.57
109 109 629 113
1280 33 37 256 12.99
28 46 8 8
1281 100 112 288 9.35
16 16 19 89
1282 73 112 285 186.64
306 987 244 230
1283 16 51 244 116.59
209 184 209 1078
1284 9 96 231 45.61
127 27 30 27
1285 38 92 209 64.39
80 471 71 72
1286 10 1 178 3.54
6 6 22 5
1287 15 78 274 142.20
167 1057 191 176
1288 84 56 288 20.81
59 11 10 9
1289 103 120 284 83.65
151 146 132 753
1290 29 20 288 435.26
912 1577 359 353
1291 20 33 85 98.19
129 417 494 144
1292 73 146 283 9.82
17 17 17 96
1293 65 121 287 51.68
94 87 79 470
1294 10 10 152 29.49
41 42 260 38
1295 4 25 97 112.88
203 173 221 1013
1296 32 104 265 64.06
182 32 29 31
1297 21 114 237 158.26
207 482 1092 224
1298 51 30 265 107.77
157 383 560 131
1299 5 6 265 17.81
47 23 11 11
1300 8 98 214 31.74
54 45 140 183
1301 68 74 287 23.27
41 42 43 207
1302 133 64 231 193.49
513 247 109 114
1303 43 10 261 81.59
229 47 43 48
1304 20 41 164 337.82
780 917 240 262
1305 7 0 83 517.74
1382 607 320 280
1306 34 35 259 262.61
749 125 112 119
1307 6 94 265 42.26
52 306 51 55
1308 67 1 118 77.79
139 126 142 711
1309 10 12 287 82.25
149 145 129 730
1310 152 75 288 107.19
306 47 50 48
1311 3 2 253 68.63
102 107 537 105
1312 39 10 234 41.86
118 23 23 19
1313 49 112 234 39.59
73 75 64 314
1314 1 189 265 21.26
36 39 39 208
1315 29 40 204 44.25
75 79 89 423
1316 16 210 277 115.39
209 210 185 997
1317 1 33 259 42.38
56 154 250 62
1318 34 2 279 37.29
47 262 51 45
1319 48 61 212 14.16
40 7 8 7
1320 4 12 236 107.68
161 187 652 475
1321 71 112 236 14.32
19 95 21 18
1322 3 221 288 67.36
191 35 30 35
1323 22 35 212 48.94
73 68 399 64
1324 59 0 254 10.15
15 60 15 13
1325 7 31 79 220.30
618 124 124 127
1326 36 157 261 18.56
33 32 30 174
1327 36 103 288 54.07
78 78 452 77
1328 18 95 176 24.66
33 166 29 34
1329 40 0 231 190.14
438 512 152 140
1330 168 83 287 259.19
729 147 138 135
1331 29 36 222 146.99
259 222 421 1137
1332 3 4 137 46.88
135 18 19 18
1333 19 4 263 105.83
133 684 228 145
1334 5 29 276 83.16
124 130 470 482
1335 2 190 286 356.97
690 1499 378 317
1336 11 59 242 58.39
163 34 34 39
1337 18 43 175 47.82
54 367 61 61
1338 81 138 269 39.42
59 57 312 61
1339 5 234 287 3.40
5 20 5 5
1340 14 117 286 17.42
29 31 31 182
1341 8 39 91 47.89
68 65 412 72
1342 56 31 230 5.25
8 7 42 7
1343 39 77 230 78.31
104 536 87 103
1344 10 43 223 62.09
87 392 84 87
1345 16 204 267 168.90
406 394 113 114
1346 29 25 286 81.68
123 127 552 278
1347 52 36 188 13.43
22 24 22 149
1348 19 32 239 12.87
23 22 22 117
1349 8 23 157 57.14
82 171 349 79
1350 3 272 286 31.74
52 60 54 338
1351 2 7 15 37.24
59 59 268 50
1352 4 160 287 789.59
1706 1812 1782 803
1353 26 72 256 53.32
79 73 434 82
1354 12 16 237 195.15
443 533 180 165
1355 84 131 286 11.56
16 16 102 17
1356 34 7 279 175.58
239 476 1232 253
1357 3 150 268 60.00
102 108 93 622
1358 4 31 129 37.78
68 60 57 366
1359 7 67 263 7.50
14 14 13 56
1360 24 217 264 45.05
125 29 28 29
1361 22 177 260 27.61
77 16 18 16
1362 19 8 194 57.89
69 429 73 71
1363 1 44 253 210.50
315 690 1117 267
1364 28 43 180 4.52
7 6 35 7
1365 33 3 77 117.64
301 188 81 79
1366 5 214 288 9.38
16 18 18 86
1367 7 175 275 624.83
1465 1563 508 443
1368 22 8 97 81.68
100 587 104 116
1369 12 65 281 22.22
63 11 11 11
1370 2 187 276 8.51
15 15 15 78
1371 10 69 183 98.96
152 161 655 301
1372 5 10 214 40.36
114 22 20 20
1373 47 152 287 93.22
124 630 122 107
1374 32 3 153 22.50
39 42 43 202
1375 44 6 287 154.86
242 282 1068 237
1376 1 12 167 247.14
403 1231 464 281
1377 3 20 188 457.13
1096 1075 311 312
1378 19 149 224 80.02
137 137 214 657
1379 95 9 158 3.77
7 6 7 31
1380 17 118 287 35.60
51 147 159 46
1381 16 110 273 370.08
535 1408 1475 1125
1382 21 12 69 214.28
289 944 1001 262
1383 11 20 144 42.73
58 285 52 52
1384 27 109 269 38.60
52 54 348 61
1385 49 3 133 80.35
109 121 711 117
1386 22 23 68 159.24
399 293 109 111
1387 28 48 176 42.38
55 296 51 48
1388 5 0 48 24.61
43 45 47 219
1389 34 43 177 11.39
19 20 18 124
1390 30 142 287 269.24
419 666 1326 971
1391 28 36 201 372.09
774 1349 340 312
1392 3 86 258 124.39
351 64 66 69
1393 64 48 279 23.56
65 16 16 15
1394 35 23 223 98.07
136 373 511 139
1395 15 75 288 188.61
246 1148 459 241
1396 9 73 96 86.42
114 593 100 112
1397 46 89 221 31.64
49 42 248 42
1398 1 75 275 136.41
381 82 78 84
1399 7 213 279 21.00
59 12 11 12
1400 5 146 287 151.20
221 925 190 202
1401 27 14 71 16.76
20 124 22 19
1402 64 167 269 7.31
12 13 12 81
1403 102 48 180 52.08
147 28 28 24
1404 48 3 284 50.07
76 66 401 72
1405 8 0 148 122.91
216 232 234 1056
1406 21 21 74 19.15
21 152 22 23
1407 5 101 166 37.57
53 58 317 53
1408 80 39 204 8.09
12 11 66 12
1409 12 31 114 121.62
192 188 745 447
1410 5 120 283 437.79
1245 223 184 211
1411 2 0 146 316.52
495 1054 1320 772
1412 16 63 267 152.05
197 886 433 205
1413 13 20 240 30.70
48 40 237 44
1414 12 159 219 78.87
98 557 108 106
1415 9 57 192 392.95
900 1073 303 340
1416 1 0 120 92.11
260 50 46 48
1417 13 67 145 106.30
246 299 64 66
1418 5 86 269 92.70
168 169 149 798
1419 18 30 157 44.44
65 106 301 66
1420 57 77 170 64.43
100 101 416 214
1421 10 13 226 70.29
85 510 93 93
1422 46 33 200 21.00
31 35 163 31
1423 46 56 270 106.58
305 48 44 45
1424 51 36 275 99.17
279 54 55 53
1425 35 140 222 200.05
568 92 97 113
1426 13 69 102 34.01
47 219 46 44
1427 27 10 190 93.83
141 129 751 140
1428 19 211 263 183.20
514 106 96 110
1429 52 9 176 35.32
79 106 28 27
1430 3 172 287 98.21
147 256 613 138
1431 27 2 203 26.04
74 12 13 13
1432 38 84 286 93.17
259 54 63 61
1433 82 38 149 46.92
72 64 368 66
1434 57 49 156 23.91
32 163 28 27
1435 13 3 241 172.93
489 92 82 92
1436 5 16 259 87.26
146 155 270 674
1437 16 0 162 131.91
217 718 142 152
1438 28 92 228 22.97
32 34 199 32
1439 12 28 134 60.52
109 97 118 529
1440 20 76 201 134.19
379 72 72 59
1441 44 52 288 31.34
47 51 239 48
1442 63 4 254 342.40
958 197 205 195
1443 76 1 240 21.80
34 33 162 31
1444 31 79 269 78.78
117 106 648 109
1445 4 25 80 30.31
52 54 56 291
1446 3 95 175 12.99
24 21 24 107
1447 9 154 227 24.92
33 40 222 37
1448 7 76 279 102.87
172 167 599 282
1449 26 15 261 90.71
257 48 42 44
1450 8 217 275 3.54
5 22 5 5
1451 27 120 193 11.72
17 16 99 16
1452 90 44 183 63.59
116 104 108 561
1453 41 4 175 66.47
189 30 35 30
1454 15 0 182 27.70
49 46 49 260
1455 26 29 214 39.12
50 279 42 48
1456 37 15 92 14.53
26 24 22 140
1457 4 221 287 20.46
29 126 30 29
1458 92 10 271 42.80
59 148 252 52
1459 38 2 143 75.85
121 115 443 311
1460 82 68 224 12.73
19 21 96 22
1461 3 32 283 114.15
281 223 87 93
1462 55 19 249 127.58
346 133 68 64
1463 19 6 287 54.47
77 86 448 92
1464 38 30 134 103.67
170 168 174 1191
1465 21 61 101 322.80
725 963 238 257
1466 12 62 198 183.78
262 848 695 239
1467 27 174 268 15.61
28 29 29 129
1468 29 214 288 29.39
84 12 14 14
1469 13 1 37 96.92
275 46 48 51
1470 7 48 76 48.87
72 63 410 68
1471 15 178 287 14.41
41 7 7 6
1472 129 85 288 58.97
166 32 33 30
1473 13 95 242 4.17
6 26 5 6
1474 9 115 260 164.66
208 531 1136 248
1475 7 13 190 11.58
21 21 19 99
1476 1 24 214 211.30
296 1126 587 319
1477 43 4 54 5.04
10 10 10 25
1478 39 77 230 36.45
64 70 64 321
1479 24 23 131 162.10
287 256 487 1156
1480 14 155 287 54.43
68 358 111 74
1481 27 79 191 22.36
27 124 87 30
1482 2 0 10 62.70
85 413 85 76
1483 90 0 287 33.31
48 146 131 49
1484 6 16 256 48.80
85 80 85 482
1485 65 13 282 4.83
9 9 8 37
1486 18 0 95 98.70
135 654 124 111
1487 29 109 274 227.22
416 1051 228 261
1488 15 1 115 351.28
751 1184 299 323
1489 62 37 208 184.98
443 449 112 119
1490 21 4 132 90.10
127 418 342 128
1491 8 183 269 18.96
34 29 34 178
1492 21 36 218 89.23
254 42 42 41
1493 4 110 286 14.06
21 22 108 24
1494 3 24 269 14.04
40 7 6 6
1495 19 29 283 63.94
97 87 511 87
1496 13 13 192 89.82
129 122 770 120
1497 31 229 288 60.40
84 153 424 94
1498 12 0 39 70.55
121 112 126 728
1499 77 120 287 12.49
22 24 22 109
1500 20 1 124 61.62
113 112 103 505
1501 5 94 204 46.06
67 79 359 72
1502 3 67 184 148.42
226 234 1032 402
1503 91 60 264 77.61
194 133 66 64
1504 8 127 261 402.26
998 773 293 285
1505 17 30 254 95.94
131 638 114 117
1506 5 124 267 60.33
167 40 37 42
1507 12 44 271 10.01
13 68 14 13
1508 2 65 125 10.52
14 71 13 14
1509 53 39 267 58.39
164 32 33 33
1510 90 13 236 27.33
49 46 48 246
1511 24 81 280 65.21
105 127 190 551
1512 36 4 203 18.87
34 29 34 174
1513 28 150 283 31.60
51 59 52 353
1514 46 71 288 68.37
102 100 545 99
1515 12 101 214 67.15
118 123 113 618
1516 3 38 263 298.54
457 734 1498 1141
1517 7 21 241 267.32
504 1182 270 263
1518 6 30 252 139.53
390 82 87 73
1519 36 10 276 22.10
34 35 166 30
1520 12 6 138 135.08
235 220 426 961
1521 118 7 226 6.47
18 4 4 4
1522 14 75 108 26.74
49 49 44 220
1523 24 75 217 27.31
40 40 220 45
1524 67 0 276 13.17
38 5 5 5
1525 5 234 287 104.94
237 304 79 89
1526 20 194 282 356.25
1007 179 190 184
1527 24 90 129 33.68
84 66 21 21
1528 18 32 119 20.77
35 41 36 201
1529 88 2 251 22.22
38 36 35 238
1530 6 17 126 174.62
236 330 1407 342
1531 4 0 122 68.37
194 34 33 33
1532 41 128 286 35.35
47 238 48 40
1533 23 74 284 354.16
895 610 260 230
1534 5 232 283 188.07
276 414 1240 438
1535 20 6 105 97.60
268 81 55 59
1536 32 45 276 142.30
182 837 414 184
1537 110 7 234 125.87
328 176 85 80
1538 1 182 288 363.35
1024 200 179 208
1539 41 36 227 73.48
94 399 260 102
1540 84 14 242 129.87
365 74 69 71
1541 13 110 148 24.05
42 41 42 231
1542 1 135 248 11.39
16 16 99 16
1543 4 50 100 24.73
43 46 42 231
1544 8 0 58 37.60
58 49 297 51
1545 110 22 258 54.21
153 28 29 29
1546 2 6 116 20.88
58 13 14 12
1547 20 56 267 12.31
17 18 108 17
1548 7 42 147 61.06
76 431 81 86
1549 29 68 271 141.48
205 229 1142 195
1550 12 64 219 146.66
181 1071 165 180
1551 28 45 245 30.56
53 52 62 282
1552 25 1 131 8.25
15 15 15 67
1553 16 96 135 35.30
43 251 53 45
1554 9 158 197 27.82
42 46 209 43
1555 24 7 185 41.53
117 24 21 20
1556 47 2 182 82.11
118 121 679 130
1557 97 73 241 22.38
63 13 11 12
1558 41 127 287 19.48
26 23 187 24
1559 47 134 244 79.69
226 40 39 38
1560 9 69 237 40.22
49 296 50 42
1561 6 8 288 79.62
96 577 110 102
1562 14 46 278 193.86
546 100 110 107
1563 45 12 186 40.31
51 276 60 58
1564 7 0 152 146.40
409 85 88 89
1565 5 135 276 27.66
41 37 225 45
1566 32 16 258 96.45
131 463 375 142
1567 5 32 261 417.40
873 1511 339 375
1568 64 0 103 64.46
93 91 545 85
1569 38 17 262 60.64
104 97 110 620
1570 10 14 71 39.87
48 292 53 47
1571 76 13 194 98.19
163 144 429 617
1572 44 53 220 50.02
89 85 79 475
1573 52 60 269 36.68
55 50 299 47
1574 10 138 267 415.92
1047 729 300 300
1575 22 0 280 122.23
217 199 197 1186
1576 27 100 276 140.82
191 805 364 191
1577 76 71 239 63.10
89 103 521 95
1578 18 134 257 294.91
827 183 150 155
1579 1 219 237 287.22
808 156 164 146
1580 31 6 217 173.80
468 185 97 114
1581 14 3 268 535.88
1357 931 369 334
1582 2 192 288 122.70
213 197 415 832
1583 9 19 216 16.57
47 8 8 9
1584 6 85 167 2.30
4 10 4 4
1585 20 22 144 291.44
682 757 201 213
1586 99 58 265 29.67
52 52 49 284
1587 3 13 208 20.46
28 135 25 26
1588 19 114 184 34.03
46 225 46 41
1589 73 98 275 17.74
21 131 24 22
1590 58 43 123 31.92
45 165 97 43
1591 5 185 250 79.83
136 148 140 778
1592 8 89 237 23.13
38 37 41 262
1593 39 68 283 111.64
252 332 81 77
1594 89 11 140 90.10
156 168 161 834
1595 63 43 267 235.02
667 112 113 127
1596 27 69 284 25.99
46 42 44 251
1597 18 5 157 11.58
21 21 19 99
1598 6 36 235 68.04
120 113 128 628
1599 13 1 98 82.46
103 592 99 102
1600 14 43 71 13.99
25 21 23 138
1601 10 2 252 13.13
37 7 7 7
1602 30 17 228 102.85
136 706 116 134
1603 8 50 166 135.22
200 217 901 516
1604 11 143 280 469.81
1171 888 319 348
1605 56 194 278 31.78
57 53 63 273
1606 15 32 150 225.65
551 476 160 165
1607 71 19 227 29.09
46 47 206 44
1608 3 154 197 340.73
702 1276 297 287
1609 10 32 216 138.81
188 258 1151 214
1610 3 167 252 310.68
615 1277 256 302
1611 13 4 244 300.77
756 546 215 180
1612 4 37 181 13.22
24 21 25 115
1613 41 3 246 4.69
7 27 7 7
1614 27 199 263 51.12
77 82 383 91
1615 27 4 266 85.46
246 32 35 36
1616 13 92 234 197.43
347 987 201 202
1617 48 92 187 69.68
196 38 38 39
1618 46 102 264 20.09
56 12 12 13
1619 28 83 278 25.55
32 182 33 30
1620 27 47 251 112.81
134 837 139 148
1621 21 4 262 3.68
7 6 7 27
1622 79 20 132 106.46
304 46 51 46
1623 13 74 191 103.86
142 414 523 155
1624 101 31 248 74.96
212 38 39 38
1625 24 118 213 17.34
21 125 25 21
1626 35 245 287 85.39
151 156 159 743
1627 34 134 225 10.50
29 7 7 7
1628 28 44 230 13.57
25 24 21 115
1629 23 119 277 2.04
3 12 3 3
1630 19 127 246 28.53
47 52 53 297
1631 87 3 217 97.11
123 681 119 140
1632 3 0 118 173.59
281 315 569 1389
1633 48 58 179 62.89
106 114 99 659
1634 7 20 61 21.21
27 148 28 27
1635 11 52 287 275.22
386 1153 1271 337
1636 3 129 288 10.43
16 14 81 17
1637 74 2 266 21.77
35 37 145 38
1638 132 20 221 33.24
50 51 260 45
1639 14 23 212 96.45
138 385 451 126
1640 34 0 124 78.78
138 135 186 652
1641 77 122 287 149.28
234 241 854 662
1642 18 17 288 160.23
452 90 79 80
1643 40 33 255 86.86
244 47 51 47
1644 3 139 235 170.73
482 85 92 97
1645 90 50 278 11.79
19 22 33 105
1646 21 51 274 86.04
121 127 736 124
1647 59 15 148 67.48
111 129 108 722
1648 4 216 284 160.25
244 951 190 188
1649 4 14 286 17.46
23 108 36 27
1650 41 122 288 37.10
43 280 48 45
1651 15 5 47 17.37
23 104 42 23
1652 7 140 240 87.29
159 130 147 814
1653 26 6 131 1.85
3 3 3 22
1654 18 65 229 23.98
30 167 36 30
1655 11 3 188 212.94
380 1000 272 221
1656 21 2 172 45.92
129 27 23 26
1657 10 197 287 19.69
34 34 39 184
1658 38 3 281 18.02
23 118 33 27
1659 25 3 278 6.40
8 46 8 7
1660 1 96 246 201.83
575 94 90 99
1661 16 35 166 12.16
22 22 19 107
1662 47 113 264 31.88
47 49 252 51
1663 47 35 283 47.86
136 22 23 26
1664 25 208 284 46.78
79 76 85 492
1665 22 89 280 127.70
155 927 173 151
1666 87 0 271 2.77
8 1 1 1
1667 31 6 157 112.13
172 189 681 447
1668 9 124 250 154.63
234 389 966 222
1669 9 6 86 166.67
226 505 1107 218
1670 70 127 260 27.68
37 188 32 35
1671 13 59 164 20.49
26 145 25 25
1672 9 46 249 88.36
114 596 130 126
1673 16 26 285 38.56
56 57 318 54
1674 15 47 264 93.03
156 153 295 736
1675 10 18 223 14.30
19 95 19 21
1676 39 69 199 47.67
56 360 57 56
1677 56 1 72 74.89
211 38 43 41
1678 92 58 262 19.01
21 150 21 25
1679 10 3 218 27.89
37 192 30 36
1680 1 4 81 59.30
85 87 502 75
1681 74 23 147 18.09
23 128 21 24
1682 12 50 287 135.05
179 906 181 176
1683 68 8 188 3.89
5 5 38 5
1684 50 221 287 30.73
38 209 54 44
1685 3 143 287 237.39
662 146 146 130
1686 19 0 77 816.19
1727 1773 1774 1777
1687 3 37 181 77.25
137 140 143 672
1688 35 22 88 77.75
110 378 271 101
1689 83 22 164 2.27
4 4 4 21
1690 4 13 171 471.94
1158 953 352 360
1691 7 0 120 132.03
190 182 1113 201
1692 23 14 217 10.01
16 17 14 124
1693 6 0 79 252.62
485 1081 254 237
1694 14 30 264 110.09
284 171 65 78
1695 33 7 154 23.18
65 13 13 14
1696 6 69 110 10.24
18 18 21 89
1697 45 74 254 8.70
12 48 23 13
1698 13 153 281 92.42
133 133 743 196
1699 26 146 287 188.92
251 937 752 231
1700 4 156 273 150.34
227 250 1128 230
1701 4 102 280 24.02
68 12 13 11
1702 2 47 195 9.12
16 16 16 85
1703 4 55 228 50.04
58 387 54 54
1704 19 132 217 38.96
68 76 76 330
1705 1 78 258 482.35
1259 676 324 277
1706 9 131 230 84.36
141 146 266 655
1707 40 17 74 75.64
216 36 31 33
1708 20 66 161 32.91
37 253 45 37
1709 10 31 243 61.90
95 161 365 98
1710 136 19 277 133.20
377 69 66 66
1711 53 80 265 6.52
12 13 12 47
1712 23 10 67 79.08
135 406 89 88
1713 18 130 233 22.64
31 30 204 34
1714 46 43 285 20.34
35 40 40 178
1715 127 1 235 38.63
111 16 16 14
1716 2 40 89 170.10
484 79 78 88
1717 21 42 250 152.94
250 251 554 1164
1718 41 7 243 96.08
136 141 814 144
1719 67 6 222 56.63
100 98 104 514
1720 43 12 81 70.95
201 36 37 31
1721 13 33 105 36.14
45 259 42 51
1722 5 56 287 6.98
20 3 3 3
1723 51 43 273 47.37
132 28 31 27
1724 8 21 46 37.34
51 246 48 45
1725 26 50 273 13.20
24 21 21 122
1726 16 8 221 11.41
18 17 84 16
1727 33 109 283 126.22
193 199 849 388
1728 7 0 62 68.04
89 476 76 77
1729 13 128 152 74.02
127 139 136 691
1730 1 21 250 187.77
298 298 1166 613
1731 41 105 239 280.89
790 155 161 137
1732 14 139 287 58.78
72 433 66 69
1733 23 80 284 269.99
388 993 1356 396
1734 1 26 91 21.17
59 13 13 12
1735 5 74 270 193.46
297 320 1144 848
1736 12 158 282 154.63
434 88 86 85
1737 4 133 242 554.77
1202 1538 875 477
1738 13 101 288 89.14
149 164 279 667
1739 76 153 283 13.15
23 21 21 134
1740 153 63 288 138.92
305 451 95 114
1741 11 21 251 60.10
113 96 113 468
1742 63 85 281 23.95
32 161 31 29
1743 11 39 75 4.99
9 9 8 44
1744 11 103 257 23.30
34 140 33 32
1745 14 0 105 141.99
404 66 66 72
1746 24 142 288 53.93
92 107 108 476
1747 34 31 252 7.66
13 14 13 77
1748 9 171 261 43.71
76 75 82 412
1749 17 56 286 169.21
478 91 85 84
1750 19 84 256 36.14
54 47 294 57
1751 42 30 264 74.47
116 121 540 110
1752 25 206 287 618.76
1392 1554 863 523
1753 1 85 227 23.95
34 102 104 32
1754 9 5 281 32.04
55 48 54 345
1755 12 44 214 28.55
37 199 33 37
1756 10 16 241 420.14
990 1032 341 287
1757 6 148 261 55.76
67 398 85 77
1758 6 57 130 307.78
412 1208 1548 643
1759 13 4 211 26.95
46 43 48 281
1760 3 12 287 81.90
128 128 516 286
1761 65 67 157 20.65
25 147 30 30
1762 27 134 250 17.58
29 30 33 188
1763 5 103 158 103.60
184 184 184 924
1764 42 5 138 32.88
58 62 62 281
1765 36 180 288 47.23
83 84 85 431
1766 10 166 288 27.99
39 38 248 38
1767 15 84 287 7.99
10 10 81 9
1768 5 172 284 220.21
373 346 1214 707
1769 10 25 163 468.05
1230 625 285 304
1770 24 5 236 7.90
11 49 12 12
1771 1 164 288 306.86
873 147 145 139
1772 34 49 286 283.52
808 125 139 131
1773 29 19 147 20.53
23 160 25 24
1774 19 12 224 208.25
287 910 933 271
1775 5 185 269 185.89
275 317 1102 926
1776 4 46 242 41.89
51 305 54 50
1777 17 65 231 50.35
84 95 92 503
1778 37 44 214 230.12
364 396 1168 1198
1779 25 48 185 231.93
325 1475 327 266
1780 9 41 131 49.29
142 20 18 19
1781 12 34 287 31.88
45 54 261 46
1782 65 0 241 146.63
167 1130 166 196
1783 47 0 241 26.16
43 51 50 261
1784 105 50 231 31.17
88 16 17 16
1785 8 5 108 384.35
592 1117 1655 1449
1786 36 46 174 13.92
18 96 18 18
1787 83 3 148 44.82
72 84 84 484
1788 26 48 271 69.66
124 110 136 634
1789 27 11 282 80.51
127 108 609 115
1790 7 1 235 658.49
1586 1393 637 437
1791 20 128 225 108.87
308 53 61 52
1792 9 176 254 1.59
3 3 3 11
1793 2 94 218 167.56
236 400 1210 225
1794 10 52 287 77.09
217 41 43 42
1795 74 4 286 32.28
59 52 55 285
1796 52 1 192 49.41
69 72 426 74
1797 22 140 288 113.80
146 801 133 142
1798 10 0 37 200.87
279 1193 424 237
1799 3 5 249 10.06
17 15 15 116
1800 28 131 222 42.19
63 63 332 65
1801 67 70 282 52.39
82 84 382 71
1802 24 12 252 28.38
40 47 235 40
1803 12 30 229 8.88
15 17 15 88
1804 15 17 134 4.92
9 9 9 39
1805 23 7 178 321.82
906 171 175 183
1806 60 59 213 83.56
101 610 110 101
1807 5 153 271 62.11
93 158 394 86
1808 10 87 240 18.21
22 134 23 21
1809 42 56 213 8.67
14 16 17 92
1810 33 10 249 418.31
1076 657 282 248
1811 22 42 229 144.92
221 362 896 211
1812 29 21 246 90.69
139 132 666 195
1813 74 8 279 3.09
9 1 1 1
1814 7 6 279 183.97
350 793 193 184
1815 22 12 244 15.75
22 102 19 20
1816 1 131 204 68.39
194 35 31 35
1817 41 45 118 27.49
35 191 35 40
1818 25 13 267 6.49
8 47 8 8
1819 2 78 244 141.03
373 172 90 99
1820 27 167 288 29.56
53 56 56 239
1821 74 71 261 31.95
51 63 62 336
1822 25 114 183 100.69
132 367 600 147
1823 101 5 194 9.89
13 68 12 12
1824 35 76 222 137.75
306 420 112 109
1825 11 115 211 1.27
3 2 2 2
1826 13 31 287 72.14
122 115 160 705
1827 24 147 264 9.02
13 54 15 11
1828 32 92 246 8.91
25 5 5 5
1829 2 24 106 77.79
107 367 307 106
1830 2 0 257 53.93
92 92 102 533
1831 127 87 285 8.02
14 13 13 81
1832 9 20 258 12.42
18 18 104 16
1833 121 54 231 8.23
14 14 17 79
1834 6 5 226 137.00
216 223 523 1106
1835 201 5 283 69.71
103 95 572 103
1836 25 1 284 306.74
459 1045 1323 880
1837 5 58 286 193.61
294 1152 227 234
1838 12 0 250 107.02
300 57 64 67
1839 9 19 216 63.47
179 34 32 36
1840 15 176 261 6.09
9 9 49 9
1841 21 38 287 128.37
200 204 817 431
1842 38 4 54 83.21
139 158 154 822
1843 84 80 287 10.06
15 14 81 15
1844 13 0 191 162.69
246 228 1217 379
1845 47 26 265 11.44
16 17 98 17
1846 76 109 274 63.26
92 394 79 71
1847 35 59 276 97.32
136 139 814 203
1848 149 9 215 29.72
46 45 223 43
1849 9 2 269 171.27
485 82 89 93
1850 3 159 203 197.03
306 1133 257 209
1851 44 10 271 61.39
77 435 79 78
1852 30 15 234 24.17
35 36 200 33
1853 30 6 225 60.92
105 103 117 586
1854 13 151 272 107.87
303 60 60 60
1855 12 48 284 254.15
438 1281 287 294
1856 14 113 260 1.22
2 6 2 2
1857 54 60 271 12.87
36 7 8 8
1858 15 24 270 211.04
295 708 1228 294
1859 71 2 272 53.93
80 90 414 83
1860 57 12 255 83.58
116 440 261 100
1861 14 77 235 28.38
80 15 15 16
1862 20 28 270 23.13
34 39 178 38
1863 24 136 239 244.84
692 118 132 140
1864 13 121 277 233.62
346 429 1543 750
1865 10 3 280 3.35
6 6 6 29
1866 49 5 261 31.31
41 170 106 40
1867 4 89 288 126.95
193 264 864 194
1868 2 63 247 55.29
156 31 26 30
1869 7 95 283 45.99
81 73 77 455
1870 85 147 280 18.77
27 25 162 24
1871 103 135 287 66.24
189 27 33 33
1872 38 50 262 16.36
46 9 9 9
1873 11 107 236 452.82
1196 562 289 311
1874 15 0 78 117.43
178 204 705 496
1875 36 50 173 147.43
417 72 82 72
1876 13 68 262 94.25
261 63 57 64
1877 94 9 177 24.12
42 42 48 219
1878 20 11 103 81.99
113 317 430 105
1879 14 50 160 433.22
1205 287 257 238
1880 3 0 7 59.96
106 100 108 558
1881 220 65 287 8.88
16 16 18 71
1882 27 10 194 31.92
43 217 35 39
1883 49 6 275 8.44
24 4 4 4
1884 6 44 231 238.65
618 371 141 135
1885 28 6 260 197.82
559 99 105 107
1886 7 104 234 5.34
10 11 11 33
1887 89 4 260 69.33
198 31 30 33
1888 30 180 288 6.66
19 3 3 3
1889 49 95 287 13.08
17 91 15 17
1890 42 48 287 98.91
156 146 726 146
1891 34 104 205 72.12
105 116 579 101
1892 1 5 286 82.39
106 560 118 115
1893 2 9 187 437.46
781 1414 1495 498
1894 167 31 278 156.50
444 74 76 87
1895 25 12 198 32.49
91 18 20 18
1896 25 0 85 3.47
6 7 7 29
1897 37 8 54 156.50
234 255 1138 360
1898 58 15 190 67.13
94 108 485 254
1899 2 41 267 18.84
32 32 37 186
1900 59 155 238 1.66
3 3 3 14
1901 43 5 213 75.50
122 417 92 78
1902 7 75 283 58.62
75 412 72 71
1903 80 2 261 154.88
435 80 93 92
1904 20 19 287 59.42
79 406 69 73
1905 5 72 209 135.69
194 863 153 178
1906 99 0 104 16.59
27 32 28 178
1907 28 4 130 16.83
22 26 154 24
1908 9 97 243 51.87
76 72 426 81
1909 39 4 169 8.09
10 57 11 12
1910 28 19 235 87.40
247 47 43 44
1911 7 124 265 442.62
1178 523 275 273
1912 8 150 214 445.67
1199 501 242 241
1913 42 3 288 439.99
901 1434 747 362
1914 90 13 192 20.30
36 31 37 195
1915 11 26 286 178.53
279 278 1245 387
1916 11 2 168 67.50
98 99 563 85
1917 34 90 279 26.35
45 44 48 266
1918 22 5 167 290.22
445 773 1378 1077
1919 29 4 60 51.78
86 105 97 496
1920 9 43 130 23.65
41 40 42 231
1921 6 41 288 24.21
41 39 43 256
1922 112 111 268 22.71
34 34 126 139
1923 3 37 265 29.30
54 45 52 255
1924 13 102 210 91.48
147 182 164 971
1925 39 5 239 128.19
191 274 897 179
1926 9 0 177 6.21
8 43 8 8
1927 84 135 255 18.70
25 126 24 22
1928 20 3 61 62.07
77 442 81 82
1929 54 126 272 28.69
51 48 55 256
1930 4 82 214 85.39
155 156 148 709
1931 92 26 242 59.89
169 31 31 34
1932 81 140 272 93.50
193 342 87 87
1933 77 12 124 73.79
116 111 449 293
1934 54 4 222 27.21
43 43 132 166
1935 24 1 288 91.81
238 136 59 59
1936 5 179 277 23.53
29 114 113 30
1937 10 25 201 232.23
357 1228 477 272
1938 79 25 238 170.49
485 83 75 85
1939 165 10 215 27.94
46 53 56 277
1940 22 56 236 174.08
299 276 516 1381
1941 15 86 229 474.85
1178 941 310 324
1942 5 8 221 216.95
374 315 979 1117
1943 14 10 249 4.38
5 34 5 5
1944 29 188 282 24.89
45 45 41 215
1945 1 60 278 495.73
1259 831 356 319
1946 13 65 255 14.79
24 23 101 24
1947 5 107 259 62.79
94 185 361 86
1948 18 37 260 112.44
241 379 94 98
1949 68 59 150 67.20
79 513 73 76
1950 9 154 285 27.24
41 45 206 41
1951 35 17 287 102.10
155 151 684 365
1952 2 165 264 80.14
116 111 683 96
1953 25 67 261 54.82
82 83 436 70
1954 7 40 280 524.80
1441 466 260 298
1955 20 3 199 166.84
276 265 778 903
1956 6 8 125 29.56
83 17 16 16
1957 10 2 124 124.60
174 610 445 160
1958 29 124 202 17.32
26 27 134 26
1959 10 4 58 59.98
82 390 81 79
1960 51 92 287 295.47
558 1339 259 259
1961 10 55 111 137.21
181 746 465 152
1962 9 56 146 352.24
992 174 207 204
1963 28 26 229 83.11
236 43 35 43
1964 19 256 288 14.81
20 99 18 19
1965 1 157 288 158.89
449 77 87 88
1966 78 2 252 68.07
124 125 112 569
1967 14 25 189 111.52
164 165 906 155
1968 16 112 219 69.47
193 45 41 45
1969 43 2 72 51.21
73 324 62 67
1970 3 4 85 429.94
916 1263 676 378
1971 142 98 286 27.63
78 14 15 15
1972 2 66 149 8.18
14 13 14 86
1973 35 15 164 162.08
207 1145 190 202
1974 31 23 225 147.92
253 247 334 1360
1975 4 7 235 92.16
259 52 50 50
1976 35 1 217 41.11
67 64 211 202
1977 36 105 256 219.41
537 469 146 144
1978 10 3 129 46.39
68 291 51 52
1979 65 3 258 206.26
587 101 90 99
1980 42 187 288 75.12
213 36 39 37
1981 24 2 92 108.19
162 156 805 270
1982 74 48 215 52.67
148 29 29 30
1983 7 52 117 28.24
40 176 39 39
1984 17 117 287 9.14
17 15 15 77
1985 50 29 270 87.12
124 282 511 113
1986 77 117 271 102.66
187 174 185 870
1987 8 75 241 118.41
211 182 257 1038
1988 6 138 269 444.99
1156 662 261 293
1989 50 171 288 181.09
513 90 93 88
1990 43 53 243 18.89
36 35 30 137
1991 29 110 228 43.74
65 60 355 66
1992 79 24 134 218.10
620 94 114 115
1993 36 104 281 321.11
610 1342 415 304
1994 31 45 117 195.27
267 609 1189 388
1995 13 1 145 86.04
242 47 49 44
1996 57 29 234 284.08
793 189 156 139
1997 54 9 159 44.35
54 322 56 58
1998 9 225 284 161.59
457 80 83 90
1999 28 54 219 102.62
184 178 183 902
