288
0 0.04364
1 0.04364
2 0.04364
3 0.04364
4 0.04364
5 0.04364
6 0.03805
7 0.03805
8 0.03805
9 0.03805
10 0.03805
11 0.03805
12 0.03636
13 0.03636
14 0.03636
15 0.03636
16 0.03636
17 0.03636
18 0.03621
19 0.03621
20 0.03621
21 0.03621
22 0.03621
23 0.03621
24 0.03621
25 0.03621
26 0.03621
27 0.03621
28 0.03621
29 0.03621
30 0.03621
31 0.03621
32 0.03621
33 0.03621
34 0.03621
35 0.03621
36 0.03621
37 0.03621
38 0.03621
39 0.03621
40 0.03621
41 0.03621
42 0.03621
43 0.03621
44 0.03621
45 0.03621
46 0.03621
47 0.03621
48 0.03621
49 0.03621
50 0.03621
51 0.03621
52 0.03621
53 0.03621
54 0.03621
55 0.03621
56 0.03621
57 0.03621
58 0.03621
59 0.03621
60 0.03621
61 0.03621
62 0.03621
63 0.03621
64 0.03621
65 0.03621
66 0.03621
67 0.03621
68 0.03621
69 0.03621
70 0.03621
71 0.03621
72 0.05521
73 0.05521
74 0.05521
75 0.05521
76 0.05521
77 0.05521
78 0.05521
79 0.05521
80 0.05521
81 0.05521
82 0.05521
83 0.05521
84 0.05517
85 0.05517
86 0.05517
87 0.05517
88 0.05517
89 0.05517
90 0.07310
91 0.07310
92 0.07310
93 0.07310
94 0.07310
95 0.07310
96 0.11446
97 0.11446
98 0.11446
99 0.11446
100 0.11446
101 0.11446
102 0.12914
103 0.12914
104 0.12914
105 0.12914
106 0.12914
107 0.12914
108 0.13246
109 0.13246
110 0.13246
111 0.13246
112 0.13246
113 0.13246
114 0.13246
115 0.13246
116 0.13246
117 0.13246
118 0.13246
119 0.13246
120 0.13246
121 0.13246
122 0.13246
123 0.13246
124 0.13246
125 0.13246
126 0.13246
127 0.13246
128 0.13246
129 0.13246
130 0.13246
131 0.13246
132 0.13246
133 0.13246
134 0.13246
135 0.13246
136 0.13246
137 0.13246
138 0.13246
139 0.13246
140 0.13246
141 0.13246
142 0.13246
143 0.13246
144 0.13246
145 0.13246
146 0.13246
147 0.13246
148 0.13246
149 0.13246
150 0.13246
151 0.13246
152 0.13246
153 0.13246
154 0.13246
155 0.13246
156 0.13246
157 0.13246
158 0.13246
159 0.13246
160 0.13246
161 0.13246
162 0.12792
163 0.12792
164 0.12792
165 0.12792
166 0.12792
167 0.12792
168 0.12477
169 0.12477
170 0.12477
171 0.12477
172 0.12477
173 0.12477
174 0.10107
175 0.10107
176 0.10107
177 0.10107
178 0.10107
179 0.10107
180 0.09342
181 0.09342
182 0.09342
183 0.09342
184 0.09342
185 0.09342
186 0.09342
187 0.09342
188 0.09342
189 0.09342
190 0.09342
191 0.09342
192 0.12111
193 0.12111
194 0.12111
195 0.12111
196 0.12111
197 0.12111
198 0.13246
199 0.13246
200 0.13246
201 0.13246
202 0.13246
203 0.13246
204 0.13246
205 0.13246
206 0.13246
207 0.13246
208 0.13246
209 0.13246
210 0.11442
211 0.11442
212 0.11442
213 0.11442
214 0.11442
215 0.11442
216 0.13246
217 0.13246
218 0.13246
219 0.13246
220 0.13246
221 0.13246
222 0.13246
223 0.13246
224 0.13246
225 0.13246
226 0.13246
227 0.13246
228 0.13744
229 0.13744
230 0.13744
231 0.13744
232 0.13744
233 0.13744
234 0.13246
235 0.13246
236 0.13246
237 0.13246
238 0.13246
239 0.13246
240 0.15634
241 0.15634
242 0.15634
243 0.15634
244 0.15634
245 0.15634
246 0.15078
247 0.15078
248 0.15078
249 0.15078
250 0.15078
251 0.15078
252 0.10107
253 0.10107
254 0.10107
255 0.10107
256 0.10107
257 0.10107
258 0.04955
259 0.04955
260 0.04955
261 0.04955
262 0.04955
263 0.04955
264 0.04955
265 0.04955
266 0.04955
267 0.04955
268 0.04955
269 0.04955
270 0.04955
271 0.04955
272 0.04955
273 0.04955
274 0.04955
275 0.04955
276 0.05720
277 0.05720
278 0.05720
279 0.05720
280 0.05720
281 0.05720
282 0.05281
283 0.05281
284 0.05281
285 0.05281
286 0.05281
287 0.05281
