5
2
25
0 190 0.1 0.0
3227 3325
1 150 0.1 0.1
3178 3215
2 170 0.1 0.1
3250 3299
3 120 0.1 0.1
3254 3410
4 190 0.1 0.0
3330 3163
5 170 0.1 0.1
3241 3236
6 150 0.1 0.1
3247 3398
7 170 0.1 0.1
3284 3204
8 150 0.1 0.1
3276 3298
9 130 0.0 0.1
3284 3147
10 120 0.1 0.1
3251 3136
11 170 0.1 0.1
3229 3259
12 120 0.1 0.1
3173 3263
13 170 0.1 0.1
3366 3221
14 190 0.1 0.0
3096 3300
15 190 0.1 0.0
3211 3260
16 130 0.0 0.1
3275 3315
17 170 0.1 0.1
3318 3232
18 170 0.1 0.1
3232 3313
19 170 0.1 0.1
3277 3293
20 150 0.1 0.1
3221 3277
21 130 0.0 0.1
3177 3111
22 150 0.1 0.1
3179 3336
23 190 0.1 0.0
3209 3219
24 120 0.1 0.1
3344 3261
200
0 126 97 287 491.84
1870 323
1 185 13 237 86.45
157 858
2 8 145 283 112.99
426 91
3 35 37 183 557.06
1672 2447
4 25 18 172 29.15
110 23
5 1 0 288 165.55
321 1548
6 102 154 288 187.54
574 772
7 50 20 152 103.43
201 965
8 131 131 279 154.59
584 119
9 41 0 288 511.19
1837 833
10 168 47 288 202.72
330 2190
11 126 0 214 799.15
2880 1264
12 6 77 228 283.63
1066 244
13 126 9 288 455.64
1600 917
14 86 110 225 171.42
324 1642
15 243 27 287 175.08
299 1826
16 37 0 137 628.11
2118 1673
17 14 3 28 553.44
1956 1055
18 154 60 281 77.03
128 820
19 12 273 288 17.16
34 157
20 74 67 248 352.69
1220 796
21 51 18 288 367.74
1346 485
22 9 10 288 19.93
31 222
23 79 20 282 555.45
1545 3010
24 97 181 288 449.83
1441 1552
25 21 23 259 88.88
179 800
26 73 19 172 12.66
24 121
27 87 17 131 72.88
123 767
28 22 198 287 356.40
1360 211
29 27 49 177 428.89
1538 714
30 66 56 273 4.66
7 53
31 88 3 142 4.31
8 42
32 22 43 243 267.34
822 1083
33 73 28 269 17.14
35 152
34 180 10 287 139.44
286 1231
35 3 177 287 414.79
1581 254
36 54 0 170 296.51
1087 383
37 124 12 288 366.93
962 2262
38 69 0 118 210.66
801 138
39 75 10 278 141.62
385 809
40 29 8 243 101.87
200 941
41 21 155 287 742.63
2697 1078
42 14 0 226 186.36
312 1973
43 37 51 107 313.78
1049 878
44 105 172 287 796.79
2755 1804
45 92 30 276 188.14
715 125
46 103 3 116 231.15
879 151
47 25 254 288 472.91
1403 2154
48 46 120 287 67.76
115 710
49 43 107 288 344.01
1306 235
50 141 120 288 117.88
213 1175
51 68 2 136 183.75
327 1855
52 69 73 287 376.80
1287 927
53 149 10 288 58.39
224 29
54 9 215 279 144.28
541 130
55 34 17 265 19.28
31 210
56 168 10 288 276.58
840 1169
57 3 118 276 50.54
90 510
58 182 15 240 508.49
1722 1320
59 104 30 272 51.16
95 498
60 173 6 265 418.16
1587 288
61 34 2 226 477.73
1680 950
62 34 171 288 755.54
2797 849
63 3 101 288 351.31
1143 1130
64 85 6 100 86.00
329 47
65 7 181 287 152.23
291 1443
66 99 1 122 98.73
154 1098
67 182 31 258 444.45
1639 529
68 1 174 287 784.91
2832 1226
69 130 2 261 234.88
805 565
70 178 75 288 310.57
1028 917
71 116 12 252 509.21
1490 2416
72 155 9 245 764.38
2651 1693
73 23 12 164 353.70
1347 222
74 60 181 287 126.72
259 1123
75 167 44 286 21.50
40 209
76 12 149 288 169.39
289 1768
77 147 50 287 100.73
191 962
78 73 1 225 100.46
173 1041
79 31 82 196 63.04
120 600
80 24 1 109 824.53
2586 3103
81 118 28 181 554.89
2122 307
82 120 76 263 88.15
153 908
83 84 60 242 168.79
313 1645
84 50 50 266 272.65
1030 210
85 72 96 261 71.32
272 43
86 71 2 250 426.12
1466 999
87 39 23 274 371.89
1405 286
88 5 87 287 157.30
317 1415
89 100 0 248 263.61
818 1033
90 119 10 215 215.82
399 2109
91 125 20 228 543.40
1997 679
92 209 58 288 97.27
163 1029
93 114 14 261 85.13
149 871
94 48 4 194 721.59
2514 1545
95 6 92 145 372.29
978 2286
96 38 90 152 56.27
215 32
97 72 14 201 735.25
2528 1731
98 55 2 113 26.38
53 238
99 22 146 288 180.02
686 111
100 49 6 189 354.01
1342 251
101 36 7 282 200.55
765 120
102 175 59 287 93.75
168 941
103 84 3 106 111.81
227 998
104 22 70 288 105.09
397 81
105 106 101 276 113.05
204 1128
106 172 83 261 454.20
1578 993
107 140 2 234 200.60
612 835
108 142 36 287 667.97
2300 1557
109 58 183 287 494.02
1633 1469
110 25 84 265 118.72
191 1293
111 3 0 78 647.35
1980 2671
112 30 7 222 216.87
818 173
113 90 1 111 362.89
1383 223
114 12 3 208 609.07
2206 912
115 127 23 287 623.08
1907 2565
116 25 88 288 208.92
789 162
117 17 5 287 724.36
2643 994
118 95 141 283 29.33
55 283
119 169 29 288 542.71
2050 419
120 21 2 150 691.10
2334 1824
121 88 10 233 720.47
2651 885
122 26 109 264 466.77
1487 1649
123 48 30 218 76.05
275 116
124 8 28 107 82.27
166 739
125 209 43 282 545.61
1950 939
126 97 81 287 414.12
1189 2071
127 31 118 287 511.39
1631 1798
128 61 12 288 310.06
717 2359
129 204 44 287 198.61
749 159
130 24 34 287 472.20
1574 1343
131 22 11 202 427.91
1478 976
132 129 9 288 366.28
1391 248
133 17 0 271 167.99
324 1579
134 5 237 277 15.78
26 169
135 16 62 187 201.87
353 2067
136 26 3 68 83.68
136 905
137 16 23 114 247.45
906 325
138 41 62 275 81.65
149 807
139 25 42 137 9.06
16 92
140 222 30 257 310.82
1188 175
141 101 25 252 339.25
1173 768
142 141 19 287 349.46
1323 256
143 137 89 243 387.35
1479 225
144 32 64 287 280.97
1057 237
145 117 66 287 388.36
1030 2339
146 105 32 224 155.51
587 122
147 16 0 251 780.76
2842 1103
148 25 5 189 18.64
33 189
149 13 87 212 135.58
268 1244
150 3 0 33 202.18
765 150
151 118 43 288 146.14
549 127
152 138 23 288 187.94
711 140
153 37 1 48 829.08
2848 1964
154 90 29 165 626.50
2249 1032
155 165 36 275 180.60
321 1825
156 80 2 240 158.03
289 1559
157 12 138 285 146.92
557 104
158 80 1 193 390.66
1290 1168
159 65 0 73 46.83
178 31
160 133 46 279 236.73
895 179
161 87 79 286 477.15
1817 300
162 12 96 230 375.14
1211 1251
163 148 16 288 12.32
22 124
164 43 23 287 740.13
2646 1270
165 83 17 211 139.59
251 1397
166 77 72 287 3.68
7 35
167 76 15 287 172.11
280 1860
168 98 65 268 668.51
2474 755
169 150 129 288 343.88
1316 186
170 164 67 281 142.63
248 1467
171 92 33 287 89.19
144 969
172 18 126 288 178.19
268 2028
173 6 132 255 399.47
1272 1414
174 15 80 285 215.69
820 142
175 112 11 199 33.06
50 375
176 146 93 288 124.06
229 1214
177 80 15 183 579.89
2089 921
178 114 12 206 102.09
185 1015
179 8 24 246 286.49
1085 208
180 40 28 187 65.62
110 694
181 67 41 280 68.82
128 669
182 117 131 288 67.03
131 622
183 55 11 216 745.23
2301 2974
184 92 112 245 151.71
575 108
185 25 67 287 89.02
339 56
186 18 72 194 273.27
984 436
187 216 9 262 136.89
523 78
188 109 176 287 278.30
1051 216
189 31 97 167 70.11
255 100
190 49 6 165 664.82
2186 2031
191 136 23 234 123.84
226 1224
192 78 64 201 107.61
192 1084
193 63 0 248 94.59
161 989
194 91 6 116 713.17
2517 1376
195 28 0 103 11.30
42 12
196 172 21 279 604.00
2156 1052
197 113 31 287 24.98
94 21
198 21 96 222 140.09
274 1299
199 101 92 271 23.42
39 249
