288
0 0.04022
1 0.04022
2 0.04022
3 0.04022
4 0.04022
5 0.04022
6 0.03993
7 0.03993
8 0.03993
9 0.03993
10 0.03993
11 0.03993
12 0.03993
13 0.03993
14 0.03993
15 0.03993
16 0.03993
17 0.03993
18 0.03917
19 0.03917
20 0.03917
21 0.03917
22 0.03917
23 0.03917
24 0.03917
25 0.03917
26 0.03917
27 0.03917
28 0.03917
29 0.03917
30 0.03917
31 0.03917
32 0.03917
33 0.03917
34 0.03917
35 0.03917
36 0.03917
37 0.03917
38 0.03917
39 0.03917
40 0.03917
41 0.03917
42 0.03917
43 0.03917
44 0.03917
45 0.03917
46 0.03917
47 0.03917
48 0.03917
49 0.03917
50 0.03917
51 0.03917
52 0.03917
53 0.03917
54 0.03917
55 0.03917
56 0.03917
57 0.03917
58 0.03917
59 0.03917
60 0.03917
61 0.03917
62 0.03917
63 0.03917
64 0.03917
65 0.03917
66 0.03917
67 0.03917
68 0.03917
69 0.03917
70 0.03917
71 0.03917
72 0.04563
73 0.04563
74 0.04563
75 0.04563
76 0.04563
77 0.04563
78 0.04531
79 0.04531
80 0.04531
81 0.04531
82 0.04531
83 0.04531
84 0.04580
85 0.04580
86 0.04580
87 0.04580
88 0.04580
89 0.04580
90 0.04855
91 0.04855
92 0.04855
93 0.04855
94 0.04855
95 0.04855
96 0.04699
97 0.04699
98 0.04699
99 0.04699
100 0.04699
101 0.04699
102 0.04775
103 0.04775
104 0.04775
105 0.04775
106 0.04775
107 0.04775
108 0.04855
109 0.04855
110 0.04855
111 0.04855
112 0.04855
113 0.04855
114 0.04855
115 0.04855
116 0.04855
117 0.04855
118 0.04855
119 0.04855
120 0.04855
121 0.04855
122 0.04855
123 0.04855
124 0.04855
125 0.04855
126 0.04855
127 0.04855
128 0.04855
129 0.04855
130 0.04855
131 0.04855
132 0.04855
133 0.04855
134 0.04855
135 0.04855
136 0.04855
137 0.04855
138 0.04855
139 0.04855
140 0.04855
141 0.04855
142 0.04855
143 0.04855
144 0.04855
145 0.04855
146 0.04855
147 0.04855
148 0.04855
149 0.04855
150 0.04855
151 0.04855
152 0.04855
153 0.04855
154 0.04855
155 0.04855
156 0.04746
157 0.04746
158 0.04746
159 0.04746
160 0.04746
161 0.04746
162 0.04645
163 0.04645
164 0.04645
165 0.04645
166 0.04645
167 0.04645
168 0.04621
169 0.04621
170 0.04621
171 0.04621
172 0.04621
173 0.04621
174 0.04583
175 0.04583
176 0.04583
177 0.04583
178 0.04583
179 0.04583
180 0.04580
181 0.04580
182 0.04580
183 0.04580
184 0.04580
185 0.04580
186 0.04615
187 0.04615
188 0.04615
189 0.04615
190 0.04615
191 0.04615
192 0.04692
193 0.04692
194 0.04692
195 0.04692
196 0.04692
197 0.04692
198 0.04855
199 0.04855
200 0.04855
201 0.04855
202 0.04855
203 0.04855
204 0.04855
205 0.04855
206 0.04855
207 0.04855
208 0.04855
209 0.04855
210 0.14719
211 0.14719
212 0.14719
213 0.14719
214 0.14719
215 0.14719
216 0.14762
217 0.14762
218 0.14762
219 0.14762
220 0.14762
221 0.14762
222 0.14739
223 0.14739
224 0.14739
225 0.14739
226 0.14739
227 0.14739
228 0.14719
229 0.14719
230 0.14719
231 0.14719
232 0.14719
233 0.14719
234 0.14719
235 0.14719
236 0.14719
237 0.14719
238 0.14719
239 0.14719
240 0.04855
241 0.04855
242 0.04855
243 0.04855
244 0.04855
245 0.04855
246 0.04855
247 0.04855
248 0.04855
249 0.04855
250 0.04855
251 0.04855
252 0.04734
253 0.04734
254 0.04734
255 0.04734
256 0.04734
257 0.04734
258 0.04576
259 0.04576
260 0.04576
261 0.04576
262 0.04576
263 0.04576
264 0.03906
265 0.03906
266 0.03906
267 0.03906
268 0.03906
269 0.03906
270 0.03350
271 0.03350
272 0.03350
273 0.03350
274 0.03350
275 0.03350
276 0.03649
277 0.03649
278 0.03649
279 0.03649
280 0.03649
281 0.03649
282 0.03408
283 0.03408
284 0.03408
285 0.03408
286 0.03408
287 0.03408
