5
4
70
0 190 0.1 0.0
2117 2162 2215 2139
1 170 0.1 0.1
2134 2134 2148 2158
2 120 0.1 0.1
2165 2102 2161 2140
3 190 0.1 0.0
2067 2158 2116 2146
4 120 0.1 0.1
2190 2175 2114 2088
5 150 0.1 0.1
2166 2079 2087 2116
6 150 0.1 0.1
2184 2138 2149 2091
7 150 0.1 0.1
2119 2154 2073 2124
8 120 0.1 0.1
2125 2106 2128 2256
9 130 0.0 0.1
2102 2228 2044 2180
10 150 0.1 0.1
2130 2174 2160 2172
11 150 0.1 0.1
2092 2052 2162 2128
12 170 0.1 0.1
2148 2111 2149 2152
13 190 0.1 0.0
2088 2097 2137 2166
14 190 0.1 0.0
2141 2155 2206 2118
15 170 0.1 0.1
2189 2129 2175 2129
16 120 0.1 0.1
2157 2118 2193 2092
17 130 0.0 0.1
2163 2136 2089 2089
18 170 0.1 0.1
2139 2039 2160 2123
19 170 0.1 0.1
2087 2071 2147 2093
20 170 0.1 0.1
2163 2150 2036 2185
21 130 0.0 0.1
2073 2156 2089 2112
22 120 0.1 0.1
2131 2089 2168 2069
23 150 0.1 0.1
2102 2182 2140 2214
24 150 0.1 0.1
2101 2100 2131 2114
25 120 0.1 0.1
2164 2115 2109 2204
26 130 0.0 0.1
2106 2142 2165 2180
27 190 0.1 0.0
2081 2146 2116 2110
28 170 0.1 0.1
2120 2218 2128 2123
29 120 0.1 0.1
2054 2070 2107 2100
30 170 0.1 0.1
2090 2125 2104 2132
31 120 0.1 0.1
2078 2182 2047 2135
32 120 0.1 0.1
2115 2054 2103 2157
33 170 0.1 0.1
2139 2101 2181 2111
34 170 0.1 0.1
2085 2131 2133 2143
35 120 0.1 0.1
2066 2117 2096 2176
36 130 0.0 0.1
2070 2195 2181 2103
37 150 0.1 0.1
2071 2129 2101 2104
38 150 0.1 0.1
2097 2079 2135 2110
39 170 0.1 0.1
2156 2053 2103 2114
40 130 0.0 0.1
2144 2206 2124 2123
41 130 0.0 0.1
2109 2181 2071 2095
42 190 0.1 0.0
2110 2097 2155 2180
43 170 0.1 0.1
2127 2105 2157 2129
44 150 0.1 0.1
2091 2036 2115 2202
45 190 0.1 0.0
2114 2162 1993 2127
46 150 0.1 0.1
2227 2067 2032 2075
47 150 0.1 0.1
2109 2157 2110 2127
48 120 0.1 0.1
2073 2098 2149 2113
49 190 0.1 0.0
2185 2175 2186 2146
50 130 0.0 0.1
2150 2135 2158 2141
51 150 0.1 0.1
2128 2198 2108 2075
52 120 0.1 0.1
2190 2051 2101 2146
53 150 0.1 0.1
2210 2100 2069 2084
54 130 0.0 0.1
2092 2077 2170 2081
55 190 0.1 0.0
2066 2017 2107 2137
56 190 0.1 0.0
2081 2132 2102 2140
57 190 0.1 0.0
2164 2089 2047 2105
58 120 0.1 0.1
2075 2122 2257 2123
59 130 0.0 0.1
2154 2123 2054 1968
60 190 0.1 0.0
2154 2112 2071 2113
61 150 0.1 0.1
2090 2207 2158 2151
62 150 0.1 0.1
2150 2141 2176 2146
63 190 0.1 0.0
2168 2074 2106 2030
64 170 0.1 0.1
2145 2013 2103 2085
65 150 0.1 0.1
2102 2124 2117 2070
66 130 0.0 0.1
2128 2101 2189 2129
67 120 0.1 0.1
2119 2206 2204 2162
68 130 0.0 0.1
2115 2160 2095 2168
69 150 0.1 0.1
2216 2087 2068 2130
2000
0 137 32 283 41.54
112 33 33 32
1 9 214 258 15.32
20 23 139 24
2 8 72 278 93.77
162 158 219 804
3 53 98 286 4.78
8 9 10 44
4 27 26 124 206.39
591 97 63 78
5 13 16 250 109.72
238 329 122 99
6 1 82 237 52.48
150 22 19 26
7 16 0 157 46.37
84 62 91 426
8 17 48 137 216.22
607 119 101 130
9 36 24 200 314.70
481 812 1678 845
10 1 2 266 103.56
168 234 219 908
11 29 37 219 84.40
155 106 400 298
12 87 91 269 39.14
50 247 89 44
13 62 4 69 27.35
39 162 47 36
14 39 53 246 114.69
143 278 928 181
15 31 28 254 115.82
188 238 167 1241
16 65 12 236 30.93
56 31 50 337
17 121 2 259 145.19
319 432 154 99
18 96 13 153 175.81
500 78 76 84
19 10 19 207 6.35
11 13 10 57
20 58 223 286 209.12
552 275 98 136
21 6 128 244 327.03
601 1040 980 401
22 45 4 226 176.64
315 247 815 724
23 76 117 288 112.12
187 169 265 1109
24 54 37 192 214.13
599 99 141 133
25 48 2 124 44.48
85 68 82 332
26 26 18 116 5.70
8 36 7 8
27 158 7 280 15.49
18 110 26 24
28 22 17 150 192.22
505 229 141 128
29 4 121 213 95.11
170 108 474 389
30 63 82 288 606.47
1331 1577 984 435
31 37 94 240 78.54
222 39 40 32
32 1 129 288 104.88
136 179 901 213
33 13 7 278 95.34
117 489 416 114
34 19 2 278 55.50
84 124 86 638
35 9 188 251 11.98
33 7 9 8
36 11 119 288 463.35
1053 1135 548 444
37 45 130 269 276.92
416 973 1342 339
38 3 15 71 32.27
58 65 66 232
39 98 34 282 74.80
117 119 519 145
40 11 143 287 21.30
33 23 172 30
41 19 13 84 312.20
516 1034 1271 397
42 46 10 279 92.87
143 132 545 458
43 28 12 45 247.06
427 428 952 1331
44 12 132 259 3.39
5 4 29 4
45 48 125 249 266.17
636 586 219 209
46 5 0 224 50.18
95 62 159 298
47 41 166 287 45.19
82 91 73 353
48 36 141 288 63.90
90 129 485 98
49 9 17 240 338.82
642 1399 447 317
50 40 85 239 15.77
24 21 125 21
51 17 51 160 224.56
549 476 148 131
52 30 153 242 32.55
57 40 43 379
53 16 143 266 446.52
1074 1001 345 243
54 15 5 226 81.55
115 264 482 99
55 127 55 240 62.18
68 478 86 84
56 4 50 141 194.45
273 1308 178 160
57 44 127 288 352.47
912 426 318 294
58 33 14 288 32.76
93 12 19 16
59 101 5 283 1.88
3 10 3 2
60 80 3 169 42.01
70 66 52 503
61 17 4 180 106.62
301 62 44 42
62 41 178 288 21.42
40 29 30 203
63 79 16 287 125.33
353 66 53 79
64 16 228 287 33.35
49 173 80 52
65 7 263 286 15.06
23 90 16 16
66 4 59 287 269.27
430 1403 439 334
67 40 18 267 158.77
440 90 104 108
68 29 100 173 40.79
76 69 46 370
69 15 7 151 149.55
176 344 1267 324
70 38 42 258 338.19
960 164 149 139
71 15 43 193 85.18
129 114 672 127
72 65 30 288 28.67
43 173 28 41
73 19 203 268 121.07
173 468 587 144
74 19 11 173 10.61
29 7 8 8
75 3 14 179 53.21
98 108 106 353
76 43 10 91 3.86
10 4 4 4
77 32 237 283 48.74
78 65 347 90
78 57 3 229 93.48
175 176 172 650
79 35 56 258 81.86
134 114 170 920
80 14 44 242 19.98
33 40 39 189
81 67 26 286 98.64
141 347 520 136
82 41 35 176 79.20
112 159 601 118
83 9 0 81 66.23
84 454 83 110
84 32 22 139 3.98
11 2 3 3
85 14 14 287 209.77
361 407 796 1046
86 17 8 158 51.80
147 28 21 17
87 59 102 279 57.52
90 59 450 107
88 3 115 238 192.48
238 1114 610 284
89 37 7 235 322.61
736 848 292 275
90 72 184 288 84.52
126 128 181 1081
91 9 155 268 44.48
124 23 29 27
92 1 20 221 39.89
65 103 66 344
93 8 20 154 11.63
20 23 22 101
94 24 6 235 386.13
1018 513 206 203
95 230 1 286 281.77
701 532 193 176
96 157 14 226 190.48
294 307 1019 1018
97 5 24 254 72.68
105 334 272 72
98 104 106 271 15.58
43 11 8 11
99 39 168 228 109.94
170 640 114 143
100 26 22 99 170.75
481 97 70 90
101 42 91 147 112.22
322 37 58 33
102 26 60 269 88.45
162 117 167 805
103 9 15 95 131.61
174 666 477 204
104 4 69 284 88.19
153 99 599 110
105 120 126 281 411.88
1069 581 248 295
106 125 87 288 123.16
171 293 435 1090
107 52 156 287 130.65
368 69 73 46
108 3 55 269 93.34
152 179 283 735
109 62 86 255 34.60
61 53 47 363
110 7 181 254 9.30
26 5 6 4
111 21 18 194 119.77
334 63 81 62
112 12 0 235 146.60
236 234 653 917
113 57 4 210 9.48
17 16 19 79
114 61 0 287 223.66
267 1205 924 302
115 23 22 288 58.42
81 104 139 758
116 28 126 251 18.85
31 39 40 170
117 161 80 287 12.43
19 16 22 170
118 127 6 281 87.46
139 100 609 252
119 29 14 182 105.25
178 140 145 1270
120 45 8 94 19.30
55 8 10 6
121 35 7 264 55.73
81 138 373 74
122 8 132 217 121.00
339 73 57 62
123 183 5 231 111.54
315 52 59 55
124 59 179 279 53.05
98 92 157 292
125 7 88 241 157.31
264 810 181 196
126 65 19 275 128.22
163 901 158 147
127 77 80 246 0.56
1 1 1 5
128 140 0 166 51.45
139 38 42 42
129 38 6 250 26.08
42 40 53 294
130 28 12 53 78.73
110 231 510 92
131 7 20 206 283.49
436 1363 761 330
132 23 129 275 506.26
1221 947 581 413
133 15 151 233 177.58
244 781 743 300
134 25 5 92 1.60
4 2 2 2
135 60 44 221 60.82
103 95 105 647
136 4 66 243 379.63
1090 136 136 190
137 4 130 277 408.46
736 1120 1535 621
138 23 74 168 248.82
357 776 1329 588
139 46 232 287 7.51
21 5 3 4
140 45 168 277 627.75
1398 1369 1314 365
141 21 24 252 211.33
360 324 1176 615
142 12 3 191 143.26
240 270 462 993
143 52 27 253 450.64
1104 905 309 358
144 6 9 266 275.42
620 818 178 212
145 97 63 285 26.34
41 38 135 161
146 61 23 170 118.31
172 718 146 173
147 36 17 211 186.36
267 259 1272 859
148 75 21 185 53.31
85 97 84 616
149 64 1 180 71.01
116 104 153 775
150 123 12 283 539.06
1367 974 241 362
151 10 73 185 219.00
320 415 1404 772
152 9 100 226 2.14
3 14 2 3
153 85 59 288 68.56
112 104 375 283
154 44 4 63 152.30
231 247 836 824
155 95 39 282 29.68
33 229 38 36
156 52 68 286 18.50
35 30 20 166
157 8 80 288 17.49
26 109 17 18
158 53 70 284 54.70
56 447 62 75
159 17 26 181 210.98
349 857 639 229
160 30 27 258 46.58
71 60 367 71
161 73 132 278 39.00
66 71 174 172
162 31 180 287 113.70
175 642 146 163
163 180 8 233 317.55
901 135 181 111
164 34 76 218 275.23
385 934 1496 510
165 68 83 288 0.56
1 1 1 5
166 115 33 243 51.85
149 20 20 17
167 9 79 158 100.36
283 45 65 37
168 12 33 235 37.30
106 18 16 15
169 30 78 265 241.10
679 112 134 134
170 29 46 265 599.13
1355 1542 738 384
171 41 226 288 93.70
268 39 32 48
172 77 143 288 50.53
89 74 104 471
173 54 10 133 95.16
155 215 225 778
174 34 48 287 48.27
62 141 340 80
175 2 23 245 6.33
10 10 46 7
176 10 2 94 25.00
33 52 100 244
177 26 25 287 46.98
66 88 70 668
178 24 19 168 503.08
1203 1171 295 430
179 25 88 139 126.67
172 171 1047 367
180 26 39 187 56.84
159 31 35 26
181 1 150 287 280.78
437 1322 734 378
182 220 12 232 214.41
602 99 117 151
183 128 32 273 58.09
97 103 135 531
184 32 9 242 144.20
232 253 537 1046
185 20 151 207 209.92
556 257 122 120
186 7 153 245 80.45
123 136 311 666
187 6 0 122 103.72
196 223 150 694
188 3 185 270 63.12
115 85 132 553
189 70 186 269 3.06
5 5 20 5
190 50 142 265 609.18
1566 1030 245 379
191 8 55 265 240.21
651 220 141 150
192 7 220 288 532.17
1344 925 311 398
193 18 20 230 74.96
123 124 462 167
194 27 1 196 339.50
980 123 114 108
195 88 124 288 82.63
100 132 788 139
196 9 154 264 515.11
1061 1276 1294 616
197 38 68 287 285.40
808 151 106 149
198 10 200 245 8.03
22 5 6 6
199 3 110 263 67.62
90 450 96 71
200 3 66 281 4.24
7 6 28 8
201 91 6 195 40.18
113 20 20 25
202 12 207 285 56.96
88 118 134 566
203 131 9 211 238.56
661 133 154 175
204 15 95 268 125.02
208 203 188 1415
205 52 87 172 605.04
1245 1304 1746 873
206 30 4 261 96.64
152 153 683 153
207 21 0 133 61.19
174 27 24 35
208 29 30 288 49.75
77 91 182 399
209 7 0 85 55.38
98 100 105 471
210 15 16 240 178.47
477 190 110 115
211 10 139 181 68.75
191 35 48 46
212 51 29 208 50.91
83 72 221 343
213 99 2 175 10.76
20 20 16 85
214 35 3 174 184.99
524 83 92 91
215 59 22 288 126.01
211 188 377 1082
216 93 15 280 473.05
1345 245 162 210
217 82 145 288 386.11
507 1524 1614 1507
218 90 77 285 91.67
263 34 33 45
219 10 2 284 35.66
62 53 61 366
220 20 157 264 154.44
439 80 60 56
221 27 226 288 8.40
11 12 74 19
222 33 154 279 232.65
641 181 131 106
223 13 17 271 127.96
166 182 1139 289
224 111 1 186 48.77
88 73 155 311
225 12 71 213 442.94
975 964 977 324
226 57 114 277 23.84
38 53 41 240
227 19 0 245 502.70
1063 1458 828 447
228 32 185 235 58.60
101 87 227 361
229 145 54 264 84.02
130 143 584 153
230 78 5 129 195.98
560 85 81 70
231 11 109 282 109.07
186 195 357 731
232 25 0 234 601.95
1295 1649 960 579
233 78 196 288 46.70
69 52 389 84
234 67 106 247 271.09
436 1238 672 356
235 6 0 229 584.98
1134 1386 1871 1079
236 76 5 166 50.74
69 222 216 92
237 6 0 274 83.13
116 150 520 418
238 7 11 134 397.54
586 1571 1451 1072
239 81 73 288 48.48
72 114 77 556
240 125 2 269 6.43
18 4 3 3
241 36 9 249 35.85
100 20 18 27
242 5 86 253 82.80
103 476 270 108
243 27 36 253 26.74
35 37 251 33
244 25 6 35 203.33
378 880 235 237
245 6 211 257 67.12
93 110 549 122
246 5 16 276 0.49
1 1 1 2
247 18 99 203 153.78
280 254 448 956
248 26 61 156 8.54
24 4 5 5
249 103 65 201 25.75
72 12 17 16
250 3 90 257 146.25
230 222 399 1530
251 17 1 250 287.68
772 297 191 142
252 29 74 153 198.10
555 109 101 118
253 33 138 229 68.23
115 127 95 718
254 52 0 174 251.01
419 416 1139 1273
255 6 44 122 168.59
297 206 971 445
256 14 36 277 18.19
32 20 30 205
257 15 7 283 390.11
608 1368 1621 717
258 4 11 263 3.46
5 19 7 6
259 20 113 140 11.49
24 14 14 82
260 23 17 130 12.78
15 95 18 12
261 79 19 244 19.46
35 30 35 177
262 94 148 287 270.87
468 529 1149 1072
263 25 99 144 96.73
170 160 140 970
264 81 114 284 15.46
24 35 24 168
265 87 18 260 10.17
28 7 7 5
266 32 65 288 223.68
501 626 184 244
267 24 14 288 26.03
32 44 244 38
268 83 104 288 239.88
679 114 109 126
269 124 39 213 16.59
29 32 54 95
270 15 52 246 324.21
551 1127 1147 386
271 4 0 189 78.12
140 374 85 67
272 46 8 288 42.08
70 82 79 404
273 2 0 109 639.75
1531 1290 734 410
274 31 0 65 35.30
65 66 55 282
275 11 0 137 332.23
438 1095 1491 1717
276 8 110 160 44.32
89 59 61 338
277 25 63 164 57.14
81 123 411 103
278 54 67 138 43.07
80 78 58 360
279 116 32 268 153.41
422 101 100 107
280 39 56 288 332.80
880 374 262 174
281 12 62 185 38.55
60 98 117 270
282 25 230 288 456.43
811 1375 1639 636
283 29 64 287 314.67
695 946 262 278
284 138 123 275 92.12
256 57 52 55
285 38 135 287 12.78
35 8 9 11
286 60 139 265 219.59
361 338 1351 560
287 41 23 288 464.83
1212 701 209 261
288 1 20 163 42.22
66 63 64 553
289 94 42 226 144.70
248 228 614 764
290 63 122 223 36.65
59 75 65 376
291 48 113 285 33.92
95 17 18 24
292 69 11 189 416.94
789 1544 825 387
293 32 4 172 41.87
77 86 56 331
294 19 3 164 86.71
100 645 120 109
295 71 60 184 44.01
79 81 64 393
296 13 115 257 137.36
185 258 586 1300
297 2 58 257 48.63
61 91 437 65
298 81 29 279 108.50
153 477 467 103
299 52 5 270 82.21
225 60 62 39
300 15 51 276 357.32
567 1094 1361 1240
301 72 55 271 78.49
114 482 96 101
302 26 1 161 622.88
1560 1223 263 430
303 6 34 93 188.17
528 99 91 124
304 121 49 232 250.30
689 175 163 138
305 6 80 283 75.71
105 174 110 1005
306 26 10 118 350.80
966 286 174 175
307 50 63 286 49.90
70 70 421 88
308 65 97 246 126.03
199 747 91 146
309 6 64 263 4.00
6 7 28 9
310 46 28 278 395.73
909 935 484 315
311 10 11 117 512.75
1383 583 233 209
312 2 42 282 85.08
235 55 60 40
313 84 116 288 38.72
47 76 287 185
314 83 48 280 60.13
89 307 157 74
315 147 43 239 33.11
51 54 241 49
316 30 165 288 80.77
146 146 147 656
317 43 118 287 71.95
203 35 36 38
318 33 121 288 14.66
17 21 152 18
319 30 1 200 83.32
113 557 89 109
320 30 71 175 524.64
1374 684 381 241
321 6 161 279 76.21
108 73 708 91
322 139 1 287 77.17
92 565 102 92
323 12 1 165 125.00
360 45 48 40
324 24 6 268 6.90
10 11 54 12
325 159 34 287 12.10
23 25 21 75
326 151 14 238 14.73
15 120 17 22
327 5 95 288 539.89
934 1482 2068 1281
328 38 107 238 116.24
157 245 448 1110
329 2 98 274 49.50
142 20 19 17
330 30 33 237 230.65
326 1342 510 190
331 24 14 149 214.34
317 758 1054 287
332 23 9 126 170.94
302 217 440 1504
333 94 130 260 50.74
146 19 20 15
334 137 10 258 360.80
658 896 1451 528
335 43 9 197 65.19
182 31 43 43
336 15 87 288 214.29
255 745 1296 708
337 7 156 288 607.22
1248 1862 1103 536
338 13 14 95 86.71
120 152 679 190
339 3 14 225 105.68
169 221 203 1055
340 60 84 287 57.00
86 317 108 51
341 46 3 237 53.50
71 356 76 59
342 3 216 287 39.16
62 58 282 58
343 18 173 288 143.29
230 287 449 1109
344 11 7 286 332.61
842 618 163 164
345 20 8 161 365.11
1013 207 228 254
346 2 21 162 52.18
90 113 95 428
347 5 89 172 37.12
43 280 52 31
348 6 21 266 317.31
524 1091 1188 497
349 4 11 48 241.64
683 98 146 119
350 1 0 215 112.71
151 404 654 155
351 32 157 287 40.86
95 98 40 32
352 3 234 288 95.65
122 258 731 120
353 21 78 192 67.36
189 38 38 26
354 14 45 265 230.98
315 658 1552 326
355 59 4 211 152.09
428 79 87 59
356 91 29 278 102.36
289 53 44 56
357 156 6 233 3.20
4 22 5 4
358 19 105 287 55.69
89 125 89 567
359 31 59 287 128.60
159 824 287 192
360 7 90 272 439.67
1060 956 294 385
361 39 130 216 28.27
42 168 38 33
362 4 1 176 432.82
1101 662 315 360
363 15 0 174 65.64
106 116 109 739
364 23 3 284 52.65
79 94 115 619
365 94 0 168 68.42
103 114 504 115
366 86 18 288 96.05
266 65 57 48
367 111 10 210 27.47
45 52 64 253
368 26 14 254 95.84
142 498 247 96
369 17 4 277 166.35
460 114 90 106
370 149 69 288 45.09
130 15 16 19
371 45 44 274 242.94
297 914 1503 416
372 43 44 267 288.43
786 233 186 180
373 10 108 209 38.22
45 286 49 38
374 60 91 246 44.55
60 293 61 52
375 17 185 288 141.33
238 225 587 824
376 14 21 285 19.49
55 10 10 8
377 13 16 240 469.75
1096 1158 362 417
378 42 59 231 8.78
24 7 5 6
379 44 2 212 68.51
85 300 355 111
380 3 224 288 44.60
67 240 85 67
381 27 13 255 55.26
107 216 62 78
382 49 122 281 4.02
6 7 28 10
383 34 4 173 34.90
57 47 203 138
384 83 6 274 72.16
99 225 439 127
385 99 49 261 15.23
42 10 10 9
386 21 72 286 41.14
116 17 25 23
387 6 6 226 242.02
681 112 142 129
388 43 39 277 101.96
273 83 89 83
389 11 102 268 38.55
109 19 18 19
390 13 138 283 67.34
103 196 360 111
391 42 49 175 22.50
28 157 34 25
392 21 37 287 316.18
904 109 145 161
393 53 39 200 92.52
158 190 153 843
394 11 3 165 270.94
776 86 128 134
395 32 43 238 75.53
148 111 119 566
396 40 10 153 14.36
27 25 25 107
397 55 157 275 414.35
1019 838 258 309
398 29 11 287 69.88
131 135 126 478
399 12 4 44 3.53
6 4 4 46
400 24 0 201 288.43
485 819 1257 494
401 22 12 140 142.20
394 72 112 86
402 4 58 84 13.18
18 24 109 18
403 22 65 288 213.47
318 387 1466 525
404 101 43 205 47.35
87 86 89 358
405 7 145 272 561.99
1235 1205 1249 475
406 7 1 14 259.53
467 1278 214 227
407 39 170 287 29.14
38 46 265 38
408 15 20 288 677.13
1454 1389 1748 751
409 49 1 97 97.86
139 627 98 135
410 64 2 185 5.84
9 9 44 7
411 126 82 287 38.53
59 228 45 37
412 22 32 287 284.88
413 1297 1055 321
413 118 16 238 46.84
86 87 53 419
414 52 13 188 13.65
21 30 38 120
415 64 108 288 216.34
322 722 1131 256
416 22 89 276 36.74
50 54 323 53
417 6 0 173 457.68
1145 819 319 321
418 84 14 189 53.38
151 25 22 35
419 39 92 266 21.11
59 12 10 15
420 2 0 235 107.04
157 142 897 130
421 103 17 235 141.29
212 673 417 182
422 43 13 259 59.55
98 248 176 62
423 30 10 288 0.49
1 1 1 2
424 9 90 250 640.83
1489 1606 619 326
425 42 81 192 154.91
440 72 77 52
426 5 207 283 315.92
627 1243 347 222
427 20 136 259 107.37
150 129 956 163
428 84 21 224 111.47
143 753 164 147
429 25 81 280 382.69
740 1308 858 260
430 109 22 166 135.80
151 538 907 228
431 56 23 246 212.36
589 118 159 105
432 19 12 86 384.65
801 1149 614 454
433 3 61 142 15.04
24 27 35 152
434 22 78 200 64.42
102 102 464 75
435 36 27 103 61.76
110 90 118 578
436 6 6 55 37.49
69 78 59 275
437 53 38 185 124.41
175 324 799 266
438 69 11 128 310.79
394 878 1670 1715
439 163 66 270 49.47
142 19 19 19
440 108 16 210 20.81
43 26 33 138
441 37 169 287 209.85
350 329 1044 941
442 125 153 288 83.10
142 150 197 699
443 28 0 206 120.46
198 259 677 215
444 64 144 282 75.10
104 117 639 106
445 96 24 195 57.07
79 236 264 83
446 46 48 241 146.84
403 112 80 101
447 170 34 223 377.26
1064 162 208 231
448 27 12 171 74.70
116 107 497 235
449 137 7 258 37.07
64 82 62 309
450 141 93 288 7.81
14 15 11 69
451 14 20 251 195.42
540 149 92 112
452 10 77 284 192.01
336 278 892 836
453 31 174 226 45.38
75 53 332 55
454 106 2 239 23.04
38 34 88 169
455 15 24 251 73.27
149 279 66 58
456 8 31 272 134.70
380 71 71 48
457 3 0 57 26.78
41 37 205 43
458 47 25 259 34.79
56 57 61 401
459 62 212 287 119.73
227 182 188 987
460 13 8 261 11.20
17 63 18 13
461 62 13 271 12.73
14 97 20 14
462 26 49 267 90.78
172 113 161 788
463 5 215 287 337.36
703 1238 237 304
464 166 65 286 7.67
21 6 4 6
465 12 51 287 33.54
94 18 20 15
466 122 46 287 646.03
1212 1998 1713 1061
467 5 247 288 93.70
260 52 64 57
468 8 62 260 369.42
763 1068 753 304
469 117 19 287 46.86
73 255 69 66
470 6 37 279 361.37
1029 149 169 163
471 25 5 165 58.02
162 34 34 27
472 6 231 288 49.14
60 170 326 86
473 51 148 274 88.14
143 98 663 123
474 16 119 288 134.91
205 262 498 1080
475 37 18 84 14.47
29 21 21 104
476 26 65 288 10.64
30 5 5 7
477 51 85 280 172.66
338 205 515 959
478 28 206 288 21.75
33 124 29 32
479 40 26 287 226.81
377 295 1093 1288
480 37 130 278 111.84
132 612 436 196
481 71 2 241 47.64
137 18 18 16
482 44 17 236 20.78
27 135 29 42
483 28 132 267 131.12
228 222 424 865
484 38 0 174 129.64
145 660 668 162
485 31 61 280 87.53
242 53 61 50
486 103 127 256 35.49
64 57 76 289
487 24 69 288 560.53
1120 1053 1812 1353
488 21 5 109 560.08
1456 792 299 439
489 140 76 263 99.16
143 635 107 92
490 1 59 282 216.32
304 797 1049 446
491 56 1 225 352.00
535 1323 1158 1181
492 108 6 237 29.47
29 242 42 36
493 68 19 204 3.46
5 6 6 47
494 44 5 253 50.32
89 101 72 445
495 18 186 286 5.91
12 8 10 39
496 4 219 285 507.13
1256 954 365 371
497 8 30 167 23.30
66 11 12 9
498 27 20 247 141.00
243 188 634 757
499 101 163 288 59.36
167 34 27 28
500 120 78 288 35.54
69 71 43 245
501 41 246 287 260.35
744 105 117 97
502 24 12 211 197.30
553 108 94 129
503 10 81 239 329.76
623 1264 578 341
504 43 94 220 198.29
295 411 787 1488
505 108 3 192 55.78
88 57 452 63
506 58 46 229 209.80
594 109 91 89
507 8 125 200 367.77
598 1138 1059 1722
508 31 0 179 180.90
314 249 822 899
509 111 72 267 46.55
71 85 87 555
510 23 12 102 42.79
121 23 19 17
511 59 45 159 75.74
111 454 93 116
512 166 56 283 177.25
498 90 92 105
513 50 12 239 65.34
124 77 99 611
514 43 16 265 5.95
6 48 9 7
515 12 78 288 23.47
38 42 35 269
516 10 86 198 111.09
205 126 152 1168
517 67 29 100 38.60
110 20 13 14
518 26 17 177 133.00
370 73 90 72
519 12 78 284 116.48
153 193 1011 206
520 72 97 288 4.05
7 7 23 7
521 12 207 287 459.87
798 1388 1570 1063
522 42 132 228 150.16
207 535 858 161
523 17 95 287 47.28
79 81 180 300
524 34 74 224 83.67
101 615 92 112
525 18 0 37 583.36
1322 1527 595 507
526 5 10 196 49.38
82 81 80 547
527 75 155 287 97.37
272 47 72 44
528 1 15 288 470.20
1127 1090 284 362
529 21 29 287 72.00
196 56 45 57
530 10 88 233 14.62
19 20 138 19
531 7 72 260 22.31
36 52 40 208
532 28 12 251 28.15
47 46 38 324
533 65 215 287 321.83
902 194 125 214
534 53 3 80 316.11
751 758 212 219
535 86 108 268 135.83
237 255 275 1138
536 60 216 286 81.20
136 120 490 206
537 20 18 206 66.28
98 337 158 117
538 24 62 233 84.42
157 159 152 608
539 41 13 197 25.98
52 33 39 199
540 33 63 147 151.24
231 296 720 864
541 90 28 143 9.16
15 15 13 108
542 22 19 160 242.32
352 1330 558 262
543 85 133 276 111.82
213 153 237 836
544 3 141 269 105.13
180 117 316 964
545 19 122 198 78.87
128 121 544 108
546 3 148 190 26.08
48 42 37 236
547 63 24 276 48.84
94 57 59 470
548 37 66 189 19.56
33 39 42 168
549 37 7 267 175.34
325 219 657 929
550 119 32 237 35.37
67 54 73 257
551 56 20 185 10.50
18 17 15 113
552 57 1 190 367.65
1002 306 214 247
553 54 190 287 127.21
204 171 799 438
554 14 111 247 10.21
17 17 18 109
555 68 190 287 365.79
786 1134 428 280
556 18 50 287 214.86
601 111 105 172
557 102 77 265 372.90
787 1369 245 229
558 134 87 282 45.94
130 22 22 22
559 92 7 235 91.06
128 568 111 151
560 16 186 288 38.98
108 21 27 27
561 58 67 255 195.58
480 417 113 113
562 15 43 140 96.61
145 111 773 196
563 127 19 275 29.89
86 12 9 12
564 34 124 281 133.31
373 83 67 59
565 47 25 82 227.50
424 1037 205 209
566 9 13 285 45.87
65 267 81 76
567 72 8 178 491.36
1388 233 233 280
568 48 13 264 39.05
63 53 75 468
569 18 28 205 68.28
117 103 154 646
570 11 126 228 203.87
294 427 1438 389
571 12 46 287 120.86
182 159 958 194
572 73 107 258 12.29
18 23 87 27
573 79 1 226 142.49
400 83 66 73
574 17 15 201 348.87
491 1636 1135 771
575 120 87 227 124.01
344 77 60 102
576 26 3 195 142.16
406 44 75 74
577 46 31 136 175.34
220 342 1143 1058
578 12 102 208 165.22
459 93 117 81
579 34 132 281 70.16
131 99 106 638
580 1 117 142 75.83
78 506 257 98
581 101 45 186 161.81
232 571 852 210
582 13 152 286 299.40
437 1041 1354 772
583 28 8 238 74.91
98 509 101 82
584 111 11 243 63.55
100 104 161 666
585 63 51 277 33.63
63 58 48 277
586 30 41 223 302.98
462 735 1615 970
587 45 0 83 26.01
38 160 31 31
588 2 0 58 117.07
225 149 288 801
589 70 11 287 110.95
172 145 878 115
590 24 6 156 147.36
255 261 364 1180
591 43 22 288 57.47
75 97 339 423
592 32 17 287 8.94
11 64 12 10
593 28 24 145 89.81
106 604 184 152
594 92 44 286 112.31
307 81 78 75
595 23 87 241 475.42
868 1205 1758 917
596 60 96 288 28.20
36 192 39 40
597 3 0 254 384.67
887 962 373 294
598 25 1 170 567.83
1195 1271 1431 721
599 8 96 229 67.34
106 159 123 654
600 33 49 280 10.59
19 16 14 108
601 82 19 288 44.86
57 322 38 66
602 100 47 177 89.58
134 514 128 132
603 2 0 11 62.63
102 133 83 668
604 47 152 283 343.74
562 1178 1266 671
605 19 34 208 178.61
312 321 651 956
606 53 118 282 44.91
54 86 397 100
607 6 140 280 152.21
415 104 113 119
608 67 21 287 177.27
507 68 64 102
609 4 0 168 79.01
124 132 431 363
610 53 10 189 15.04
41 10 13 9
611 17 68 286 336.42
738 977 321 389
612 31 33 286 39.82
59 65 231 209
613 26 69 252 3.37
5 6 24 7
614 34 74 273 19.30
24 33 180 25
615 28 212 288 478.67
1114 1016 612 470
616 69 56 268 80.94
184 222 73 51
617 41 95 260 98.92
156 206 156 1089
618 13 10 288 78.85
149 112 134 660
619 9 1 38 36.27
61 44 75 405
620 109 19 288 12.80
21 25 31 113
621 15 105 186 36.15
62 59 61 369
622 112 85 278 91.98
262 40 40 40
623 197 43 288 53.59
83 134 89 535
624 13 24 288 439.08
1128 684 291 230
625 102 21 261 55.64
157 29 28 23
626 24 88 276 185.63
251 354 1459 393
627 61 3 176 286.08
616 905 297 222
628 16 81 278 95.91
270 52 44 51
629 30 133 283 21.39
30 30 189 21
630 11 124 179 495.78
866 1430 1649 1353
631 32 179 283 31.87
46 63 51 419
632 25 122 206 550.43
1466 647 289 344
633 63 53 288 75.17
212 34 34 56
634 65 15 258 121.23
342 60 58 67
635 30 1 151 13.98
24 22 32 128
636 38 84 271 384.29
932 810 265 320
637 60 40 281 39.87
52 272 52 46
638 3 88 257 156.98
401 222 130 130
639 50 23 265 402.98
1096 344 252 242
640 16 22 178 79.10
223 33 53 34
641 83 22 243 39.42
66 53 58 476
642 35 64 217 336.82
850 619 197 160
643 1 108 264 160.23
241 877 276 251
644 33 41 187 202.57
312 720 870 339
645 105 30 273 39.61
66 73 154 232
646 72 202 287 14.15
24 24 19 155
647 70 98 286 164.21
465 63 99 80
648 40 23 237 149.03
223 368 943 220
649 1 0 274 69.29
90 145 581 87
650 50 197 249 36.81
61 50 256 48
651 41 42 162 178.28
275 339 702 1304
652 29 10 262 303.05
391 1019 1656 1033
653 21 162 285 106.52
301 51 57 45
654 7 145 278 314.89
506 741 1576 920
655 45 0 281 51.07
62 366 60 84
656 17 262 286 33.40
65 39 52 288
657 1 17 223 62.84
75 331 273 81
658 27 1 82 537.37
1015 1384 1450 1570
659 74 59 288 111.51
191 211 227 977
660 119 10 203 61.12
77 132 391 341
661 2 128 273 21.56
61 10 10 12
662 73 30 160 67.67
191 34 33 33
663 2 52 288 484.37
954 1376 1243 610
664 58 26 160 83.29
147 110 115 921
665 67 22 280 11.27
32 5 5 6
666 6 185 288 67.97
75 540 74 70
667 79 59 214 71.08
115 164 416 86
668 21 74 259 394.67
998 736 201 187
669 36 0 168 520.33
1189 1338 560 328
670 11 138 257 15.16
29 22 22 128
671 16 88 233 68.87
110 383 85 67
672 2 15 81 117.84
317 102 84 95
673 10 159 231 80.26
106 452 228 114
674 150 70 233 136.63
182 218 1031 541
675 36 58 239 194.66
556 78 77 99
676 36 9 216 214.86
351 949 546 276
677 44 12 238 430.85
871 1590 458 426
678 5 0 106 82.52
112 188 190 994
679 6 72 257 291.87
813 195 167 100
680 5 0 25 57.50
89 109 85 700
681 45 180 288 336.14
957 140 154 156
682 4 19 196 44.55
65 95 308 82
683 17 51 272 55.64
61 438 70 56
684 6 145 180 32.34
48 57 246 39
685 2 122 220 23.07
24 182 31 36
686 58 2 254 344.02
841 649 306 284
687 45 83 275 362.15
536 1449 1382 772
688 13 144 281 52.86
83 146 285 76
689 11 59 198 448.05
917 1055 1119 796
690 55 30 240 186.45
302 294 905 1002
691 11 2 78 150.44
286 213 427 895
692 55 5 285 83.93
126 117 671 109
693 46 114 279 523.48
1157 1467 564 515
694 74 62 286 78.73
219 45 53 38
695 47 24 173 237.24
445 1032 248 258
696 48 66 262 158.04
431 136 96 81
697 26 123 218 67.97
103 154 100 784
698 22 0 86 24.81
38 29 197 41
699 123 11 168 103.91
158 226 175 1175
700 4 22 256 6.21
10 13 11 63
701 12 120 266 129.09
178 505 647 184
702 90 34 223 244.51
419 425 1158 932
703 54 46 259 145.92
411 82 73 54
704 33 33 277 67.59
191 37 31 25
705 28 42 165 51.50
146 22 29 20
706 1 11 170 477.80
1173 921 348 420
707 44 10 234 215.05
325 709 1089 282
708 8 14 267 452.95
1166 704 230 349
709 99 28 288 31.02
54 54 43 314
710 51 29 191 256.68
708 156 166 194
711 37 9 219 6.26
10 11 31 31
712 39 115 288 65.31
180 44 45 33
713 23 3 190 70.35
137 84 177 465
714 55 186 287 106.36
161 247 684 156
715 6 0 90 18.64
35 35 37 123
716 14 26 117 275.82
649 675 173 262
717 4 39 268 9.01
14 15 19 104
718 28 4 201 398.49
520 1510 1797 1527
719 11 143 280 134.06
219 286 268 1236
720 10 116 185 412.42
898 998 802 353
721 22 121 275 191.53
338 284 756 1042
722 24 104 248 37.66
61 66 245 58
723 58 5 288 243.78
384 894 947 406
724 60 52 270 33.19
46 193 74 39
725 31 91 283 181.84
246 238 1226 1116
726 24 16 258 235.69
368 1006 790 264
727 123 48 245 56.09
160 23 27 20
728 6 118 285 382.79
717 1482 645 490
729 50 10 246 71.53
206 23 26 34
730 69 175 283 13.11
19 23 103 16
731 35 21 77 33.14
58 35 226 39
732 155 4 196 10.17
16 25 20 93
733 117 8 285 130.18
360 82 84 77
734 12 39 288 113.70
176 173 682 484
735 141 46 284 189.70
270 511 970 807
736 36 66 257 256.56
723 128 135 125
737 34 20 256 62.13
172 36 45 34
738 10 102 283 274.83
755 212 141 189
739 71 14 172 66.72
70 529 96 76
740 28 4 130 18.85
34 33 30 166
741 9 264 287 138.84
210 234 406 1445
742 51 51 288 10.38
29 6 5 7
743 23 5 134 71.71
117 272 263 67
744 7 39 223 59.29
77 133 459 124
745 28 135 260 6.38
18 3 3 4
746 6 38 287 135.21
238 202 415 977
747 4 4 211 6.43
7 50 8 9
748 16 85 160 241.20
390 780 929 590
749 93 0 250 313.61
502 942 1367 737
750 52 94 234 19.18
30 40 64 147
751 118 108 288 13.96
25 20 22 139
752 97 3 205 13.79
16 100 19 24
753 15 154 266 69.43
144 244 62 78
754 6 275 288 286.45
786 229 148 184
755 4 99 288 7.39
10 49 9 9
756 22 70 287 705.51
1421 1686 1534 1956
757 19 2 67 24.29
47 31 47 187
758 7 103 288 73.95
126 106 143 774
759 14 43 269 94.03
122 558 230 153
760 11 0 74 187.18
511 122 146 141
761 15 39 122 393.97
1050 466 232 177
762 16 21 287 228.72
297 858 1335 316
763 26 6 229 89.62
136 127 715 93
764 16 36 88 95.08
125 654 108 112
765 56 90 247 196.74
272 342 1157 1211
766 24 161 282 56.25
81 129 102 665
767 13 160 287 219.73
256 1414 632 246
768 15 57 178 248.42
367 1081 851 472
769 101 99 252 158.14
389 329 85 116
770 173 18 211 63.05
61 515 108 64
771 57 230 288 118.06
338 49 51 35
772 87 29 246 448.33
1192 529 238 298
773 17 75 287 178.10
230 1260 177 213
774 48 73 280 122.46
155 582 529 229
775 9 142 268 106.01
148 200 833 166
776 113 14 174 44.41
65 65 91 600
777 38 11 281 143.29
234 211 768 643
778 1 214 259 83.74
157 148 144 628
779 91 164 287 104.33
182 167 174 1036
780 80 50 145 173.48
258 415 1138 238
781 20 266 288 457.07
1110 1040 227 306
782 8 89 249 227.59
243 1075 1297 449
783 43 180 276 501.64
1352 511 262 329
784 13 201 285 68.37
193 28 41 37
785 51 15 210 16.92
31 20 26 173
786 7 5 188 5.11
8 11 10 52
787 89 27 211 16.62
30 29 32 135
788 27 122 171 94.66
117 675 125 109
789 25 131 258 18.99
34 33 104 24
790 79 21 158 55.03
85 66 219 512
791 60 99 288 269.65
723 300 153 129
792 3 121 246 152.28
231 858 250 162
793 247 34 285 9.86
28 4 5 5
794 131 74 288 3.06
4 20 5 4
795 108 25 217 46.65
77 120 72 400
796 13 7 279 147.05
405 92 106 90
797 50 8 288 396.86
1114 282 135 150
798 10 36 282 266.76
382 893 1231 845
799 25 144 288 12.78
21 14 92 23
800 28 53 287 215.02
590 158 110 182
801 7 20 161 154.87
440 66 63 96
802 57 98 286 60.49
88 360 94 70
803 32 62 279 108.64
142 133 1042 145
804 7 152 269 35.30
66 54 66 282
805 15 41 144 110.55
150 271 827 130
806 14 13 206 324.96
561 781 974 1662
807 4 68 197 30.67
47 70 51 333
808 15 52 153 562.60
1174 1209 1538 765
809 7 70 179 182.10
511 96 100 95
810 66 14 122 377.42
1060 188 214 204
811 74 96 279 32.41
42 43 313 34
812 42 19 96 21.11
30 131 30 24
813 1 122 283 21.89
40 47 33 163
814 101 149 288 112.15
148 444 576 209
815 74 18 276 7.04
9 50 7 9
816 106 140 287 21.28
42 37 24 157
817 15 72 283 40.32
116 13 17 16
818 87 52 283 469.75
1345 228 132 181
819 24 177 261 85.13
108 601 104 94
820 23 185 264 84.00
117 401 314 100
821 62 12 86 37.30
59 82 57 399
822 40 14 106 77.74
100 207 576 130
823 41 56 187 54.46
153 24 32 36
824 71 68 188 29.89
44 57 221 41
825 144 32 287 46.91
66 115 105 514
826 148 17 252 74.14
108 103 622 85
827 57 79 183 67.88
114 86 344 342
828 15 86 264 482.91
1033 1106 1100 538
829 5 197 272 14.76
19 105 15 16
830 69 159 288 49.75
118 117 38 35
831 13 23 160 14.19
40 7 6 10
832 52 21 212 20.69
22 166 20 33
833 79 52 244 80.56
118 91 681 136
834 11 177 243 59.99
105 131 90 506
835 14 0 171 75.50
101 506 82 112
836 2 129 287 41.78
54 288 56 43
837 63 83 287 321.88
672 882 658 306
838 11 0 149 42.29
117 29 20 32
839 17 15 222 90.40
146 160 587 143
840 8 202 288 3.55
5 21 6 6
841 29 111 218 319.22
749 700 335 307
842 12 146 174 669.59
1479 1369 1582 473
843 29 9 221 179.13
259 593 931 344
844 28 53 217 115.37
161 708 205 114
845 83 4 108 67.43
118 146 116 543
846 26 5 149 153.76
254 248 907 419
847 42 20 224 154.23
241 194 660 1277
848 50 76 183 43.21
66 66 276 162
849 18 8 171 141.10
245 180 386 1253
850 6 37 287 36.69
56 79 60 418
851 39 17 259 71.50
97 116 298 736
852 6 41 175 128.69
220 206 522 726
853 43 226 288 364.85
901 646 345 260
854 15 59 279 8.12
12 18 15 93
855 11 107 287 79.90
227 35 38 36
856 6 54 261 5.77
6 49 5 4
857 65 93 246 45.85
66 95 89 561
858 67 28 132 279.61
459 598 1340 980
859 11 13 148 7.32
14 9 10 68
860 17 99 279 150.32
163 613 1031 204
861 90 113 288 33.92
96 15 16 20
862 31 214 284 12.52
21 25 22 119
863 27 35 244 61.88
116 126 77 473
864 93 126 272 471.82
1249 561 339 200
865 70 36 226 18.10
34 29 25 156
866 40 84 171 71.85
115 76 570 75
867 43 152 283 105.98
293 76 62 49
868 53 5 139 63.17
100 79 487 73
869 14 17 153 330.77
495 965 1386 1457
870 64 88 274 10.26
17 20 21 96
871 3 14 236 69.67
139 114 108 456
872 22 4 58 322.72
523 1138 1143 690
873 40 57 184 261.01
406 456 1285 1468
874 1 76 237 30.95
55 44 59 295
875 12 58 266 40.95
58 79 82 527
876 12 63 261 211.96
354 440 1129 472
877 5 154 271 0.61
1 3 1 1
878 48 13 252 374.31
591 1013 1625 1341
879 18 89 281 99.70
196 140 182 708
880 71 2 116 0.59
1 1 1 6
881 122 8 169 299.26
345 1438 1460 651
882 18 136 207 56.58
98 71 379 61
883 95 0 152 227.29
333 700 1301 293
884 16 270 287 136.51
248 274 285 936
885 10 110 246 113.09
183 641 99 122
886 22 4 284 156.16
383 296 129 127
887 235 35 288 13.27
22 24 24 136
888 24 119 224 84.26
107 169 703 169
889 76 22 270 96.85
171 197 138 854
890 58 3 218 26.52
54 35 31 204
891 12 17 279 114.71
198 202 193 1110
892 85 104 287 427.95
967 916 728 441
893 26 88 272 185.32
256 402 1073 938
894 23 89 286 104.36
156 159 800 173
895 33 13 154 334.75
944 174 165 155
896 2 13 283 287.37
765 290 219 192
897 60 5 211 17.09
30 26 23 182
898 14 28 263 470.46
1210 789 232 218
899 90 7 272 720.01
1484 1748 1464 1644
900 4 3 204 209.96
269 425 1338 1204
901 13 234 283 93.53
160 115 604 181
902 168 31 288 10.38
29 5 7 6
903 35 17 272 35.77
67 59 76 253
904 8 0 12 417.48
861 929 1226 445
905 8 174 269 585.78
1494 955 413 282
906 92 25 287 39.49
113 15 17 17
907 2 8 283 14.33
19 91 25 20
908 74 67 287 27.28
53 42 50 191
909 9 64 274 44.60
83 52 261 55
910 15 104 288 40.79
67 67 73 448
911 70 178 287 565.26
1434 881 429 440
912 67 71 230 101.60
281 61 67 66
913 37 0 57 69.48
99 108 557 128
914 7 75 214 55.22
101 96 111 422
915 24 73 233 310.84
508 896 1236 935
916 78 0 219 19.98
28 28 176 21
917 22 2 85 25.40
70 20 13 13
918 85 116 285 57.29
95 78 404 62
919 173 7 274 9.32
15 19 22 85
920 30 26 134 436.92
957 1193 574 439
921 9 1 104 320.84
568 692 985 1634
922 5 162 269 41.94
78 50 71 398
923 80 15 147 161.93
410 271 115 97
924 38 85 245 9.44
14 23 16 104
925 49 122 266 69.85
104 109 448 289
926 2 91 283 240.51
628 302 173 175
927 75 9 187 29.77
85 14 12 9
928 51 36 254 102.83
153 183 596 486
929 30 5 119 91.06
178 383 63 102
930 16 103 200 357.34
764 944 622 411
931 30 189 261 117.89
164 200 961 191
932 46 75 260 172.02
481 110 80 85
933 10 3 92 279.28
715 432 175 210
934 11 22 229 25.09
34 133 72 47
935 36 88 276 546.48
1470 657 224 220
936 19 146 249 42.06
118 24 24 15
937 143 7 287 16.00
31 27 26 113
938 17 185 287 462.46
1207 676 207 309
939 6 98 190 426.61
938 1320 346 342
940 15 185 263 386.43
1048 340 223 281
941 26 19 109 106.95
139 740 117 144
942 36 176 287 5.15
9 8 7 55
943 125 14 286 123.33
346 64 72 60
944 41 101 214 178.85
314 884 204 143
945 138 17 281 50.86
98 74 73 421
946 25 6 191 94.71
158 140 168 1056
947 15 10 194 80.19
120 191 191 772
948 27 94 285 30.15
39 201 46 40
949 36 31 268 35.14
100 17 14 14
950 1 80 198 82.49
118 114 691 129
951 28 63 286 16.59
28 35 26 156
952 54 6 206 278.24
401 796 1570 680
953 40 127 251 110.29
190 207 277 851
954 6 0 242 80.47
94 92 854 119
955 48 8 244 557.54
1460 738 369 297
956 22 1 254 175.04
254 424 1169 271
957 118 34 225 45.09
128 22 17 24
958 73 97 277 467.33
1190 763 334 239
959 73 114 287 72.07
111 158 102 830
960 115 76 237 6.10
6 52 6 7
961 76 98 266 188.64
531 95 94 108
962 93 16 159 20.76
58 11 12 13
963 131 25 238 4.71
13 3 3 3
964 83 11 272 188.43
300 638 809 274
965 21 168 287 238.35
676 131 80 110
966 69 34 270 518.52
1186 987 993 480
967 53 13 164 67.99
72 538 81 105
968 29 69 287 125.96
349 82 74 72
969 35 83 155 77.41
104 477 150 102
970 5 93 279 342.94
973 168 140 165
971 17 114 250 77.97
110 486 109 97
972 70 72 271 49.92
78 99 68 596
973 25 7 89 361.89
916 568 286 276
974 10 57 287 72.51
126 97 172 682
975 37 37 279 419.46
1183 236 204 144
976 85 79 241 49.38
89 104 70 400
977 8 124 166 323.52
594 1376 514 274
978 22 62 231 57.90
160 35 34 47
979 122 6 192 596.16
1370 1562 568 328
980 4 72 237 191.39
211 952 1053 216
981 53 12 230 152.11
219 301 1146 202
982 5 123 245 30.22
87 10 12 12
983 31 7 41 14.19
24 24 25 145
984 60 45 288 70.89
104 241 360 113
985 9 100 242 92.21
263 38 40 42
986 38 11 286 11.58
19 16 77 24
987 3 70 202 197.61
534 177 134 121
988 51 1 93 385.78
1108 119 194 134
989 27 55 188 210.93
589 103 150 107
990 177 11 274 18.10
34 27 38 136
991 17 26 179 63.78
119 88 99 582
992 42 1 227 51.80
79 306 55 67
993 41 12 61 27.42
77 17 10 16
994 24 75 227 94.12
145 194 612 163
995 43 12 155 109.23
190 176 291 871
996 18 139 205 90.61
261 38 28 26
997 49 222 287 184.43
506 132 107 142
998 29 4 193 33.61
47 203 60 41
999 52 3 226 15.25
24 88 15 18
1000 7 35 274 44.60
125 22 29 21
1001 127 160 288 0.59
1 1 1 6
1002 83 2 281 60.13
103 82 216 435
1003 2 263 287 114.85
313 86 93 54
1004 18 1 63 46.37
134 15 17 15
1005 2 214 287 26.48
46 47 43 254
1006 15 50 287 494.16
1115 966 1041 406
1007 23 184 280 39.92
79 45 73 309
1008 16 128 208 162.59
240 241 1215 395
1009 6 1 242 166.77
199 455 1205 525
1010 4 5 188 146.44
228 165 1080 375
1011 48 61 230 197.44
421 622 238 153
1012 9 128 213 98.07
270 72 61 49
1013 20 73 196 539.98
1194 1112 1257 377
1014 6 38 287 617.27
1296 1112 1517 1713
1015 93 126 262 375.00
1044 260 174 189
1016 5 100 288 365.63
786 1145 380 336
1017 221 11 260 23.70
42 42 103 87
1018 19 1 266 176.12
272 955 325 160
1019 34 181 283 251.69
331 1069 1094 665
1020 28 78 276 84.80
240 39 36 54
1021 28 98 271 3.44
5 21 4 5
1022 80 93 253 20.43
38 39 26 167
1023 56 86 219 404.27
879 1303 273 416
1024 33 16 124 380.41
733 1036 1246 301
1025 29 8 262 48.20
89 83 73 407
1026 8 6 115 39.05
54 159 191 44
1027 113 16 287 529.09
1444 503 240 275
1028 53 113 288 160.82
269 211 739 956
1029 62 11 286 48.37
57 351 77 50
1030 10 52 182 159.57
217 778 621 166
1031 14 2 43 83.27
89 356 568 88
1032 95 73 245 124.34
230 164 520 531
1033 93 36 251 85.44
162 387 66 69
1034 39 38 283 21.51
38 32 37 212
1035 106 113 281 100.38
130 178 892 127
1036 36 142 287 109.28
173 170 757 197
1037 77 16 208 14.90
19 107 17 12
1038 43 114 213 82.16
235 31 36 36
1039 133 30 267 0.68
1 4 1 1
1040 120 8 162 238.02
650 230 106 111
1041 53 52 266 104.83
141 136 927 218
1042 8 85 263 188.87
259 398 1080 1045
1043 73 186 265 311.66
784 522 237 226
1044 6 62 208 151.55
311 574 99 165
1045 59 3 133 412.11
883 1260 533 302
1046 42 7 188 12.80
25 24 17 88
1047 8 5 287 12.05
21 14 80 16
1048 20 4 193 209.49
593 102 100 93
1049 12 89 195 127.33
217 204 789 182
1050 43 76 138 12.73
22 22 25 117
1051 16 13 142 110.05
129 269 928 207
1052 3 99 239 123.28
175 221 981 163
1053 113 44 285 42.06
120 16 19 21
1054 111 171 288 154.47
429 98 75 113
1055 37 189 287 85.41
101 442 371 147
1056 23 78 285 6.54
11 13 10 65
1057 13 171 287 30.43
54 52 39 303
1058 42 222 288 25.72
52 43 37 162
1059 30 110 248 430.42
975 1271 282 261
1060 28 53 287 77.46
158 103 122 526
1061 119 111 287 53.47
89 71 75 663
1062 61 42 246 231.10
376 419 1191 916
1063 49 119 247 81.74
232 40 32 41
1064 83 30 260 26.36
44 31 170 71
1065 11 0 279 708.85
1362 1928 1973 1320
1066 14 97 225 45.66
60 296 71 70
1067 78 82 213 160.21
234 275 804 1098
1068 11 4 218 81.20
223 62 43 56
1069 10 170 285 167.36
468 101 95 66
1070 28 54 179 107.79
162 225 381 875
1071 147 7 225 38.88
110 20 17 18
1072 1 99 269 34.22
57 53 87 323
1073 38 86 223 126.18
176 587 507 122
1074 10 90 269 550.60
1118 1608 1236 446
1075 14 61 213 206.15
589 97 61 100
1076 49 133 197 143.73
410 72 54 43
1077 25 78 238 6.68
10 39 9 9
1078 79 14 197 7.77
12 19 12 81
1079 68 45 219 117.49
159 139 856 637
1080 116 36 181 47.85
133 31 28 22
1081 7 55 265 25.91
36 53 199 40
1082 72 164 271 58.75
110 113 116 385
1083 14 112 272 530.71
1139 1508 865 349
1084 5 61 179 72.82
80 574 73 106
1085 17 0 287 489.47
1241 850 285 303
1086 10 12 282 249.20
623 496 117 144
1087 3 5 152 469.12
1231 642 233 306
1088 27 0 74 6.10
11 11 10 52
1089 15 4 123 16.62
23 109 20 17
1090 5 228 288 33.00
56 54 47 362
1091 6 2 23 368.83
1058 126 164 153
1092 16 0 117 77.39
100 512 141 70
1093 21 46 235 52.11
74 119 75 671
1094 93 58 288 104.69
184 125 414 669
1095 18 37 247 112.12
207 178 216 900
1096 32 134 265 85.01
137 167 169 855
1097 5 69 288 640.76
1596 1246 404 335
1098 3 104 288 197.51
287 369 1016 1235
1099 43 218 288 14.73
22 26 23 194
1100 52 22 158 20.31
28 34 171 27
1101 2 51 287 657.54
1408 1151 1850 1073
1102 85 46 287 61.33
172 32 39 24
1103 1 126 149 86.68
213 157 85 60
1104 10 5 284 146.13
403 103 98 62
1105 5 75 217 423.46
1119 548 203 276
1106 36 151 252 30.36
60 41 55 217
1107 75 79 217 25.89
44 38 36 298
1108 6 0 93 3.70
6 6 7 41
1109 82 32 288 27.54
53 49 40 201
1110 61 198 288 25.35
63 46 19 19
1111 1 14 243 173.32
232 512 1047 486
1112 77 9 159 536.88
1386 833 330 248
1113 31 135 265 96.87
110 601 293 187
1114 10 2 262 8.87
16 20 13 67
1115 1 14 285 82.40
139 165 268 524
1116 3 29 259 864.07
1808 2073 1977 1228
1117 50 129 272 10.21
17 19 18 103
1118 104 13 162 13.44
23 29 18 126
1119 21 0 23 5.13
7 9 42 9
1120 144 11 275 143.73
272 202 642 409
1121 1 92 171 215.54
513 522 139 132
1122 36 43 223 211.99
599 107 100 100
1123 56 166 251 63.31
99 68 502 96
1124 32 73 231 92.31
151 105 681 131
1125 36 31 235 80.85
217 68 60 73
1126 13 248 288 26.81
43 40 48 321
1127 24 14 211 101.58
155 122 821 138
1128 4 32 234 20.52
29 97 73 29
1129 150 35 211 79.57
144 119 115 778
1130 17 234 287 341.98
538 1402 1157 478
1131 1 179 272 114.03
176 119 962 100
1132 72 35 262 451.82
908 1384 1022 289
1133 45 5 94 9.91
16 17 17 112
1134 6 0 81 51.57
82 118 120 449
1135 19 9 159 370.74
608 1007 1578 1063
1136 158 63 288 187.58
539 67 80 63
1137 13 29 225 26.55
33 41 250 43
1138 43 23 210 45.66
87 57 55 441
1139 75 20 285 65.95
96 129 129 813
1140 182 23 210 16.40
25 26 121 27
1141 14 2 256 296.25
832 186 113 155
1142 34 46 212 87.36
156 129 482 177
1143 4 6 84 249.64
376 1392 450 267
1144 16 70 286 57.76
160 36 34 38
1145 26 58 286 6.73
11 14 29 32
1146 23 46 90 290.86
827 137 117 135
1147 14 32 262 70.80
202 30 27 36
1148 18 213 283 6.61
12 10 37 9
1149 5 16 189 90.07
167 143 173 714
1150 7 108 274 393.24
893 945 512 347
1151 35 82 244 131.38
252 219 225 947
1152 31 55 125 1.15
2 5 2 2
1153 7 42 287 301.66
502 571 1330 1416
1154 58 115 243 631.28
1442 1451 887 507
1155 20 110 287 40.32
49 67 387 52
1156 16 29 285 24.36
27 38 254 35
1157 29 215 288 33.89
93 26 18 24
1158 40 23 266 77.86
143 114 130 704
1159 165 11 210 50.84
144 21 30 21
1160 183 7 196 33.21
57 166 33 49
1161 6 135 219 44.65
82 88 77 331
1162 3 48 136 421.34
677 1344 1464 1464
1163 84 27 286 68.61
193 42 31 25
1164 16 182 280 82.42
120 445 169 149
1165 46 73 184 113.25
314 78 61 60
1166 5 73 288 328.87
465 1419 1310 586
1167 75 118 268 393.80
1047 500 185 204
1168 6 43 286 56.84
80 366 68 61
1169 28 45 287 461.14
1311 237 151 226
1170 1 31 255 8.61
24 5 5 5
1171 92 18 208 78.28
100 217 581 113
1172 30 169 272 141.47
208 741 363 150
1173 3 13 269 42.18
77 62 100 328
1174 66 65 244 149.97
308 572 95 154
1175 18 170 269 50.30
79 102 105 515
1176 39 13 184 58.04
74 406 77 58
1177 35 38 202 65.31
102 352 95 101
1178 32 36 263 59.90
170 32 24 21
1179 158 51 283 57.14
157 39 34 45
1180 2 0 214 206.15
316 1034 513 207
1181 23 0 270 214.76
274 888 1174 277
1182 39 67 283 122.15
335 80 90 80
1183 17 121 275 2.99
5 5 6 30
1184 21 234 275 181.56
214 1018 653 358
1185 28 103 265 30.93
41 73 53 415
1186 44 76 198 397.83
945 913 324 286
1187 13 0 133 118.10
186 139 766 465
1188 36 48 286 235.22
633 288 89 90
1189 78 80 282 431.72
1078 839 257 220
1190 75 12 198 127.49
209 219 594 646
1191 55 109 247 221.00
350 381 1296 755
1192 30 63 243 27.37
33 52 250 45
1193 7 0 257 9.86
17 14 12 115
1194 47 10 232 595.29
1505 913 575 334
1195 31 144 249 77.43
139 143 108 699
1196 58 121 287 546.15
1278 1275 571 346
1197 2 1 278 15.86
25 37 26 161
1198 25 30 287 202.86
554 138 153 143
1199 33 97 256 249.46
404 1058 693 383
1200 48 230 287 52.93
69 61 509 82
1201 45 82 233 114.41
148 418 676 183
1202 42 95 154 208.57
280 697 1259 333
1203 19 4 69 51.33
97 87 74 414
1204 32 169 225 88.64
252 46 29 42
1205 17 5 93 203.77
364 362 784 908
1206 57 3 237 158.68
255 298 668 942
1207 19 4 104 106.38
167 618 105 118
1208 53 30 239 45.31
69 54 295 207
1209 13 0 160 23.25
38 39 35 269
1210 2 64 282 47.50
73 158 235 52
1211 179 54 275 22.26
32 142 21 30
1212 38 43 109 318.63
891 197 156 161
1213 94 74 250 13.49
37 9 9 10
1214 18 0 96 119.42
270 332 102 94
1215 47 0 100 325.19
742 843 282 336
1216 5 39 185 111.28
151 188 920 210
1217 11 204 281 658.56
1562 1101 1123 564
1218 17 125 236 72.54
111 101 151 923
1219 45 14 269 469.19
1183 880 247 239
1220 47 119 250 98.07
126 671 115 160
1221 60 17 279 87.34
153 167 141 786
1222 2 55 268 317.85
784 620 206 257
1223 31 224 279 48.27
67 315 56 56
1224 14 51 162 162.16
460 62 95 74
1225 33 47 283 32.43
92 15 13 19
1226 78 45 197 156.47
200 908 455 214
1227 39 171 285 288.31
361 1398 1270 462
1228 39 0 42 25.68
50 37 41 198
1229 29 59 270 53.03
94 84 89 507
1230 33 82 224 27.65
40 41 231 30
1231 7 41 268 17.23
25 28 137 24
1232 12 9 287 60.32
108 118 84 529
1233 8 125 186 59.78
79 84 532 118
1234 12 28 231 117.51
328 67 62 76
1235 77 41 171 33.11
63 65 45 240
1236 73 32 285 81.01
153 130 151 608
1237 1 19 258 90.31
128 119 771 146
1238 74 19 246 174.00
285 921 193 254
1239 11 4 59 178.07
265 406 1187 264
1240 189 73 287 12.31
24 18 18 97
1241 45 38 288 67.41
106 116 111 810
1242 36 0 41 89.18
112 573 206 90
1243 1 271 287 31.66
35 243 44 38
1244 24 93 122 288.08
432 1066 1328 338
1245 32 63 280 80.94
127 81 642 134
1246 22 98 271 155.20
441 81 49 79
1247 25 38 286 232.70
534 650 152 157
1248 10 41 288 150.61
211 281 932 738
1249 53 51 251 117.49
170 201 594 821
1250 23 12 234 146.44
244 265 882 247
1251 38 53 147 3.13
5 6 6 33
1252 3 16 137 0.49
1 1 1 2
1253 9 195 283 117.09
205 237 281 832
1254 55 159 281 186.99
519 125 99 106
1255 5 0 224 38.53
107 24 23 21
1256 6 248 288 418.35
893 1388 384 341
1257 18 37 224 11.16
17 60 19 18
1258 5 8 268 104.26
198 118 163 978
1259 69 11 271 246.68
533 761 264 208
1260 36 68 171 55.69
107 93 79 431
1261 34 111 234 102.97
125 661 252 138
1262 21 24 101 444.36
926 1473 534 429
1263 32 66 182 48.60
136 28 26 25
1264 2 150 184 31.84
47 192 39 41
1265 27 90 223 2.00
3 12 2 3
1266 85 37 229 168.28
478 84 64 78
1267 31 18 54 47.71
80 77 67 542
1268 68 91 286 23.98
43 36 37 235
1269 14 87 287 15.56
43 8 12 11
1270 107 20 139 356.38
849 780 282 352
1271 180 42 283 87.51
150 147 507 163
1272 73 125 281 47.90
62 333 60 48
1273 7 6 277 216.11
499 561 170 173
1274 29 142 229 11.39
32 5 7 7
1275 5 64 287 168.66
453 136 135 146
1276 2 117 288 619.51
1183 1734 1352 1854
1277 40 71 229 416.94
1072 583 348 262
1278 10 5 239 160.82
225 280 1154 535
1279 93 99 253 57.52
62 433 87 103
1280 6 24 57 1.93
5 2 2 2
1281 2 93 172 2.45
7 1 1 1
1282 26 1 127 11.67
21 15 16 125
1283 40 65 181 42.69
53 283 69 85
1284 17 59 287 176.02
492 103 91 100
1285 14 4 152 70.94
200 32 39 40
1286 11 22 288 722.55
1466 1780 1865 1106
1287 3 14 185 25.32
40 48 41 290
1288 13 57 282 6.73
12 11 12 61
1289 2 30 194 234.42
313 678 1370 804
1290 10 1 171 205.42
369 232 841 1184
1291 24 79 287 72.18
130 106 191 547
1292 29 196 288 315.66
652 858 716 278
1293 7 50 198 502.89
1117 1602 296 331
1294 4 0 102 96.05
146 188 667 139
1295 49 7 288 144.70
158 1054 270 234
1296 11 150 280 315.50
878 180 188 197
1297 72 142 259 242.02
340 996 999 537
1298 5 44 217 482.34
1247 783 224 239
1299 138 17 282 56.53
102 99 86 505
1300 11 217 285 217.99
286 1100 831 296
1301 54 125 261 13.30
16 21 128 22
1302 75 11 174 12.66
24 23 19 95
1303 1 156 265 19.89
30 38 45 221
1304 46 66 284 339.81
899 423 177 229
1305 72 12 272 18.99
26 34 157 27
1306 58 62 183 34.74
43 251 34 53
1307 54 172 288 37.52
57 47 303 49
1308 31 248 287 230.58
641 136 135 145
1309 35 194 287 145.78
408 76 83 88
1310 29 121 281 221.24
619 105 144 131
1311 114 43 273 22.85
38 29 44 264
1312 3 15 247 9.11
17 19 15 62
1313 20 24 199 254.52
537 915 167 217
1314 52 27 243 333.55
585 1515 576 285
1315 135 6 285 65.45
109 126 104 669
1316 42 95 262 45.38
70 172 183 66
1317 32 108 283 407.31
893 911 864 343
1318 93 104 287 416.77
1141 404 176 170
1319 10 126 287 580.93
1304 1133 1327 374
1320 7 185 269 398.23
675 1055 1338 1629
1321 24 11 186 23.68
66 15 12 13
1322 41 5 119 51.71
91 87 197 268
1323 76 29 279 24.08
68 12 12 11
1324 81 27 187 56.49
102 81 183 363
1325 7 52 188 3.18
5 5 4 42
1326 9 123 288 135.97
384 64 70 69
1327 138 21 288 509.08
1368 517 331 265
1328 2 24 218 210.95
311 560 969 991
1329 14 104 236 216.08
372 342 990 967
1330 49 6 137 334.11
828 656 193 250
1331 102 3 274 58.35
108 116 106 407
1332 39 89 272 140.51
250 283 398 825
1333 11 0 153 511.32
1339 686 334 253
1334 82 48 242 257.08
722 145 130 120
1335 10 18 170 198.12
339 263 983 917
1336 52 141 276 14.33
17 105 19 18
1337 106 40 241 439.63
1174 527 242 178
1338 75 66 277 19.09
28 27 152 34
1339 87 153 287 17.30
26 26 139 15
1340 17 2 168 502.91
957 1657 1324 351
1341 139 49 224 7.37
20 5 6 6
1342 80 91 287 44.34
124 19 29 33
1343 49 17 127 241.29
324 444 1592 1200
1344 9 7 279 6.99
10 46 6 7
1345 43 111 201 12.00
18 68 20 14
1346 61 64 267 200.60
382 242 950 549
1347 4 201 288 8.52
14 22 14 72
1348 23 0 45 69.57
82 522 85 72
1349 48 9 285 60.60
101 140 95 551
1350 12 175 286 153.50
232 477 806 231
1351 10 174 287 45.12
57 82 401 71
1352 22 11 280 20.66
57 14 11 16
1353 29 5 121 271.65
776 130 90 108
1354 6 131 178 236.94
666 123 114 146
1355 30 48 274 15.44
20 22 144 22
1356 26 109 257 263.60
749 128 113 104
1357 35 36 217 45.14
57 61 436 65
1358 16 58 197 13.34
22 23 24 142
1359 61 114 235 221.28
608 155 160 105
1360 152 8 240 7.39
9 49 15 11
1361 36 162 287 108.38
167 232 209 1153
1362 19 4 259 17.06
27 25 127 18
1363 3 8 247 244.40
686 152 103 118
1364 40 5 90 95.70
157 166 378 614
1365 58 140 226 49.80
84 241 72 73
1366 9 77 189 130.39
203 246 402 1156
1367 41 93 222 70.11
95 128 568 129
1368 22 35 230 116.81
323 81 71 56
1369 188 67 287 98.50
278 56 40 45
1370 9 1 52 74.21
111 157 505 118
1371 3 18 275 89.34
127 567 114 89
1372 9 142 277 183.70
282 1048 263 187
1373 109 52 274 470.03
1321 307 165 226
1374 69 58 275 16.40
44 14 11 17
1375 83 4 227 63.83
105 113 100 703
1376 42 30 180 89.13
253 44 37 39
1377 112 80 288 35.37
50 210 56 61
1378 29 10 248 18.71
53 8 10 9
1379 36 89 256 178.80
246 726 881 213
1380 26 28 201 309.40
871 185 125 147
1381 12 149 202 177.77
508 80 65 71
1382 7 154 183 274.03
555 894 476 239
1383 24 2 256 76.73
128 106 299 552
1384 26 24 288 232.91
368 374 1420 782
1385 68 39 169 61.78
77 431 80 94
1386 12 82 182 451.11
1084 961 406 296
1387 39 124 252 308.53
840 239 232 168
1388 18 22 280 555.21
1496 557 329 317
1389 63 153 277 200.67
262 913 954 211
1390 65 74 284 716.31
1571 1796 1218 617
1391 11 119 288 147.76
249 208 604 960
1392 29 11 253 138.39
207 252 575 1076
1393 20 19 239 149.90
428 75 43 66
1394 2 128 207 58.93
83 98 481 86
1395 9 6 285 268.68
770 98 110 122
1396 12 25 287 64.89
110 114 134 607
1397 22 26 139 89.01
242 62 78 52
1398 54 126 288 190.95
530 96 127 151
1399 65 1 150 147.15
413 79 66 101
1400 12 31 233 415.55
1058 673 309 207
1401 126 35 184 620.15
1509 1257 513 426
1402 38 25 286 179.77
272 284 935 1108
1403 12 3 165 92.14
114 668 99 117
1404 40 90 222 168.23
255 250 722 1384
1405 20 25 142 52.58
148 30 22 28
1406 89 10 270 3.11
5 7 4 33
1407 58 137 253 45.09
97 151 38 29
1408 2 26 277 167.50
237 525 856 512
1409 15 33 225 63.24
182 24 20 27
1410 19 46 288 52.79
76 89 417 78
1411 161 107 287 102.03
202 177 162 652
1412 93 32 281 60.70
55 435 210 84
1413 8 58 137 45.66
129 19 26 25
1414 113 90 241 33.30
39 238 55 45
1415 32 5 285 40.72
111 28 31 30
1416 18 0 42 670.25
1463 1595 1322 567
1417 34 101 269 60.75
86 93 511 76
1418 38 12 79 532.69
1371 908 249 217
1419 16 91 271 20.38
58 9 8 11
1420 31 48 261 120.88
195 497 375 165
1421 50 67 287 92.73
157 125 178 1011
1422 22 7 268 60.72
92 104 120 740
1423 71 99 261 58.89
75 240 307 118
1424 46 72 287 34.69
53 57 254 53
1425 28 21 62 129.59
202 161 974 247
1426 17 127 288 582.25
1358 1543 348 402
1427 16 22 273 66.14
112 123 98 677
1428 34 84 217 126.53
156 749 365 215
1429 8 127 179 310.34
590 1265 412 307
1430 2 84 189 14.52
16 23 152 20
1431 104 42 288 112.08
311 73 68 53
1432 93 75 288 60.13
121 109 72 390
1433 2 38 132 14.29
21 26 106 23
1434 7 2 112 150.44
282 684 111 170
1435 29 4 234 62.09
72 240 392 126
1436 12 0 87 72.58
129 144 372 102
1437 62 0 220 48.18
78 88 75 541
1438 132 27 249 35.66
55 44 278 57
1439 108 29 248 35.80
65 67 69 272
1440 3 54 231 127.12
320 215 95 86
1441 43 87 262 81.20
103 540 136 116
1442 40 16 169 37.23
104 22 19 22
1443 24 260 287 20.45
30 30 108 143
1444 9 57 280 239.50
665 150 149 118
1445 39 16 137 71.76
202 39 34 36
1446 4 1 110 12.83
20 25 27 136
1447 80 37 205 3.15
6 4 5 28
1448 4 225 285 53.73
76 168 306 103
1449 15 14 205 65.76
123 84 107 606
1450 19 6 190 176.00
220 796 835 340
1451 11 168 276 196.81
309 831 652 239
1452 127 11 164 40.91
45 314 48 70
1453 63 35 225 29.61
80 22 23 26
1454 14 44 146 69.01
196 29 31 39
1455 26 23 201 435.77
928 1409 458 380
1456 18 0 279 101.02
180 147 219 893
1457 1 18 204 133.35
229 255 496 703
1458 7 125 271 35.96
44 242 65 56
1459 10 78 259 27.58
28 226 28 46
1460 36 82 288 50.58
85 68 66 623
1461 43 35 105 87.84
245 56 42 50
1462 21 9 154 183.84
313 265 1070 494
1463 105 116 271 152.42
210 962 223 204
1464 4 42 265 27.94
45 32 159 143
1465 67 21 130 156.32
449 53 62 73
1466 3 7 218 10.19
17 20 17 101
1467 103 4 137 19.70
27 25 173 38
1468 176 91 287 182.36
476 253 95 135
1469 79 110 214 100.90
289 40 47 27
1470 44 0 288 611.34
1234 1590 1436 1057
1471 26 30 287 12.73
19 23 31 144
1472 80 55 167 284.81
378 939 1108 1776
1473 40 71 284 246.54
597 511 164 256
1474 15 8 213 21.18
41 34 32 160
1475 35 53 168 104.43
165 194 235 1075
1476 16 1 65 381.33
530 1652 1505 816
1477 10 1 20 146.46
227 181 959 584
1478 3 15 215 17.28
25 33 27 231
1479 28 4 121 83.76
118 503 159 80
1480 2 116 271 117.63
180 217 787 253
1481 7 175 275 510.30
1297 943 220 255
1482 17 60 284 10.33
18 21 16 92
1483 20 86 269 312.34
867 206 163 189
1484 4 127 174 181.60
230 1137 444 197
1485 124 48 238 107.21
151 134 955 129
1486 20 4 188 3.37
5 4 28 5
1487 202 47 279 16.29
31 21 23 149
1488 25 206 286 363.65
966 451 163 248
1489 12 16 193 227.43
355 304 1441 899
1490 24 1 191 551.23
1433 827 266 346
1491 28 7 261 273.75
752 191 191 148
1492 2 21 288 316.25
551 968 1175 469
1493 74 0 274 26.20
40 60 46 281
1494 20 22 174 36.32
102 18 21 19
1495 34 17 121 163.53
298 260 375 1246
1496 43 16 181 617.30
1213 1927 1226 1013
1497 115 55 273 322.94
845 435 191 204
1498 34 33 202 406.91
812 1389 687 380
1499 40 238 287 10.94
13 77 18 16
1500 16 1 77 297.12
824 144 239 178
1501 116 82 259 90.66
259 36 44 30
1502 87 77 288 219.85
370 322 866 1463
1503 7 0 118 74.77
138 118 89 713
1504 37 104 242 277.82
738 328 160 168
1505 12 7 137 193.04
548 95 87 71
1506 5 33 273 43.49
118 37 24 37
1507 3 68 122 68.98
131 96 118 573
1508 29 54 275 174.26
224 377 1259 619
1509 72 22 212 133.52
380 66 43 69
1510 7 70 261 2.47
4 9 9 4
1511 83 17 276 36.62
60 53 54 449
1512 63 2 240 450.19
799 1461 1478 603
1513 22 1 117 34.90
43 249 42 50
1514 1 0 15 157.67
223 291 625 1454
1515 47 56 183 15.39
27 27 23 149
1516 65 39 251 33.44
48 74 67 393
1517 57 65 239 8.50
15 19 14 66
1518 27 8 197 169.46
232 332 869 1218
1519 117 16 258 51.10
91 94 113 389
1520 17 203 271 37.96
72 56 53 331
1521 14 1 221 522.19
1272 1145 331 282
1522 46 4 272 234.63
314 1382 571 285
1523 26 208 288 123.47
352 54 49 58
1524 11 48 227 69.64
107 135 398 260
1525 8 1 20 5.81
16 4 4 3
1526 15 0 31 145.76
402 86 118 71
1527 28 51 164 10.73
19 19 22 89
1528 7 77 210 181.46
213 712 1136 320
1529 57 26 287 36.27
62 52 120 277
1530 17 139 281 239.92
674 135 117 119
1531 86 8 148 117.37
192 229 221 1170
1532 70 64 259 229.78
628 162 183 119
1533 8 42 124 361.20
615 1014 1272 1151
1534 19 12 88 285.63
370 1153 1239 1019
1535 18 1 251 275.18
755 213 170 143
1536 16 4 284 137.26
213 430 672 216
1537 30 17 258 71.64
102 93 603 131
1538 38 47 259 28.10
51 36 167 38
1539 119 3 221 157.64
440 79 106 89
1540 54 25 287 161.39
219 267 1242 506
1541 33 17 87 19.68
36 25 31 195
1542 2 21 121 49.71
66 341 64 37
1543 99 48 213 47.94
132 32 32 29
1544 7 125 283 102.22
156 243 337 756
1545 32 111 272 98.69
169 133 174 1080
1546 29 5 188 8.52
14 15 21 79
1547 49 180 282 106.64
164 480 315 165
1548 4 83 189 15.63
23 28 117 24
1549 8 42 229 138.74
174 780 472 175
1550 2 25 247 71.60
120 389 66 63
1551 30 93 188 47.54
134 25 22 25
1552 88 46 283 51.21
75 124 93 568
1553 99 3 175 245.74
684 146 141 145
1554 7 18 165 2.64
4 5 4 33
1555 36 150 285 68.72
103 166 182 616
1556 97 17 138 51.03
80 107 68 591
1557 3 0 88 400.89
1128 210 204 203
1558 93 97 277 28.50
49 41 59 284
1559 57 5 103 27.18
45 44 47 299
1560 29 240 287 178.71
264 272 1046 989
1561 67 22 228 110.69
130 334 848 185
1562 33 102 288 179.34
401 557 119 97
1563 6 3 238 54.91
152 35 32 36
1564 5 72 288 4.57
8 10 9 34
1565 120 21 260 58.58
139 140 43 37
1566 15 1 285 101.44
187 134 187 916
1567 69 202 287 45.99
74 65 91 541
1568 3 72 242 112.55
197 162 692 154
1569 57 33 112 97.58
127 433 455 159
1570 103 25 159 269.01
768 98 123 138
1571 6 94 230 10.78
18 21 13 117
1572 29 79 287 196.05
390 729 243 197
1573 64 164 262 252.28
699 153 159 156
1574 7 0 248 185.42
514 102 113 150
1575 216 18 257 9.11
16 15 11 96
1576 134 87 277 274.97
712 440 118 159
1577 15 132 244 262.57
747 131 107 91
1578 107 20 169 99.77
119 260 833 127
1579 39 91 288 260.59
392 468 1504 1172
1580 11 61 211 565.05
1270 1627 495 357
1581 10 166 287 40.41
65 53 280 88
1582 16 5 186 27.94
33 111 173 46
1583 9 0 261 354.05
890 595 254 290
1584 32 40 284 47.71
68 287 80 54
1585 153 1 254 11.06
31 6 6 6
1586 50 8 221 88.64
143 135 554 251
1587 31 34 271 165.76
286 288 680 815
1588 14 33 273 13.02
37 6 6 5
1589 20 36 268 140.98
175 527 854 251
1590 73 26 191 30.31
47 167 42 45
1591 70 8 207 28.43
51 54 50 232
1592 8 91 251 193.06
538 98 144 89
1593 26 29 288 214.34
315 695 1141 330
1594 5 20 253 17.63
32 27 24 172
1595 106 19 132 233.69
534 629 200 166
1596 46 12 177 203.23
306 471 1029 880
1597 73 106 288 245.76
532 783 224 197
1598 122 50 253 4.85
5 40 5 6
1599 8 143 211 5.46
8 8 43 10
1600 36 55 278 22.97
65 10 13 10
1601 13 0 248 748.32
1771 1393 1133 556
1602 16 4 134 69.71
102 81 601 89
1603 7 8 233 122.90
179 274 441 1012
1604 5 7 271 112.69
272 234 96 86
1605 10 4 188 26.55
42 33 204 33
1606 43 124 287 43.52
61 98 192 317
1607 43 78 212 225.73
616 180 139 149
1608 22 14 288 73.57
102 346 281 98
1609 122 105 286 36.22
44 270 38 37
1610 78 4 137 94.05
265 39 57 55
1611 26 118 286 21.37
34 34 124 82
1612 33 20 182 20.59
57 15 10 12
1613 18 56 257 416.14
936 990 542 523
1614 68 12 263 59.33
85 104 128 763
1615 6 106 287 108.26
306 42 66 58
1616 95 66 237 115.68
132 318 974 165
1617 47 70 264 43.21
82 59 67 377
1618 11 236 286 51.10
84 82 170 409
1619 5 4 181 397.90
794 1304 735 408
1620 19 11 237 83.03
109 547 120 121
1621 83 75 231 25.44
31 181 35 34
1622 5 186 288 409.69
641 1616 1447 691
1623 8 0 132 64.04
121 104 129 457
1624 86 74 259 14.43
23 28 33 141
1625 103 107 288 281.77
400 834 1333 1204
1626 35 91 173 547.14
1196 1271 1139 412
1627 36 23 224 132.27
220 234 544 750
1628 67 173 287 269.96
780 78 110 96
1629 44 31 195 186.12
280 355 990 943
1630 2 0 175 125.63
179 188 837 594
1631 22 23 284 84.68
108 217 639 157
1632 33 54 255 6.54
11 12 13 62
1633 46 124 276 26.71
39 46 185 81
1634 89 102 284 384.58
949 714 292 328
1635 143 62 276 17.25
47 13 12 12
1636 48 17 267 263.95
676 378 202 213
1637 35 115 185 112.43
308 81 78 66
1638 45 61 268 133.68
384 52 46 56
1639 18 77 268 239.62
342 1129 825 356
1640 9 128 171 174.28
491 92 82 91
1641 10 260 287 799.04
1714 1703 1576 1693
1642 51 60 287 25.70
26 215 25 33
1643 31 50 287 104.38
292 59 55 60
1644 17 161 276 151.43
217 187 1002 831
1645 85 36 173 158.56
256 342 605 917
1646 22 1 159 69.71
84 513 81 85
1647 3 55 288 161.01
455 90 68 65
1648 13 8 257 16.78
30 26 19 177
1649 9 48 86 76.19
83 598 91 99
1650 72 205 288 479.94
1137 1171 327 307
1651 27 21 283 268.19
472 460 924 1559
1652 46 157 276 354.87
844 833 279 205
1653 101 173 288 17.96
27 36 33 211
1654 81 31 267 272.22
666 537 227 177
1655 32 8 207 247.34
384 593 1166 1022
1656 33 132 274 23.65
43 37 43 206
1657 37 220 288 13.49
22 27 26 132
1658 30 42 254 1.79
5 1 1 1
1659 1 46 268 3.30
5 5 25 5
1660 49 57 170 172.99
488 104 69 68
1661 67 68 288 362.29
946 501 229 188
1662 55 33 158 124.86
151 228 1144 219
1663 72 8 200 134.34
346 213 68 89
1664 29 26 282 133.68
205 178 1037 202
1665 62 29 287 204.93
538 272 115 129
1666 57 10 213 46.51
73 78 319 82
1667 8 124 283 243.41
312 1211 1052 237
1668 60 2 276 109.23
196 211 160 944
1669 54 0 269 542.31
1452 597 323 277
1670 14 82 288 36.03
103 16 14 13
1671 6 31 271 186.52
281 379 938 978
1672 132 62 276 12.07
14 92 13 15
1673 59 0 135 101.56
228 303 63 88
1674 34 243 287 105.65
167 200 423 705
1675 44 40 160 141.12
235 202 932 236
1676 107 15 221 146.28
240 212 821 577
1677 89 180 287 94.92
270 45 35 48
1678 17 155 233 151.01
429 73 55 81
1679 152 130 288 3.84
7 7 6 32
1680 2 0 198 165.27
236 402 856 800
1681 3 21 43 185.32
311 227 1033 773
1682 68 15 288 216.39
333 925 704 349
1683 25 222 288 105.13
188 150 158 1069
1684 161 29 263 191.35
291 1095 271 229
1685 68 78 264 88.09
252 30 46 33
1686 61 0 183 34.48
48 81 78 394
1687 17 105 207 34.69
45 239 47 33
1688 23 3 29 139.28
259 240 292 988
1689 67 22 123 99.20
117 134 1033 109
1690 40 3 131 26.97
28 222 27 34
1691 93 0 149 119.56
326 90 79 88
1692 42 159 270 66.54
76 295 396 86
1693 38 247 288 127.40
201 264 328 1151
1694 47 4 268 230.58
355 1199 494 242
1695 37 249 287 564.74
1258 1508 659 541
1696 17 0 37 8.64
14 14 16 97
1697 47 47 238 47.78
70 67 382 85
1698 100 53 284 56.02
106 83 77 493
1699 10 11 287 212.46
290 838 1084 285
1700 44 168 287 12.43
15 88 20 14
1701 15 0 279 90.00
158 132 181 854
1702 126 153 287 147.33
210 237 1178 253
1703 111 27 279 209.16
324 626 1077 319
1704 47 124 288 251.86
359 799 1364 550
1705 28 49 132 30.69
49 47 69 339
1706 10 133 259 17.35
33 21 24 164
1707 27 188 269 6.26
11 9 15 55
1708 27 0 47 5.77
16 3 4 4
1709 181 5 282 101.51
156 259 600 152
1710 30 44 287 81.25
110 543 106 71
1711 54 56 288 416.07
1029 709 386 373
1712 34 80 235 1.88
3 6 8 4
1713 57 30 139 115.73
234 426 120 123
1714 46 0 251 646.32
1528 1429 690 402
1715 6 74 288 163.69
232 650 737 283
1716 112 5 286 5.51
10 12 11 36
1717 46 27 255 401.00
862 1290 440 220
1718 11 146 262 161.57
224 547 939 210
1719 149 84 284 216.22
279 1070 889 293
1720 22 48 175 43.99
52 319 60 64
1721 37 78 198 119.40
194 491 377 130
1722 93 1 244 272.12
767 120 133 198
1723 63 76 169 203.11
282 589 1185 545
1724 30 0 60 599.88
1531 1039 279 379
1725 17 76 288 121.63
127 634 652 184
1726 142 40 246 277.37
768 162 173 201
1727 57 80 267 85.11
118 139 339 869
1728 7 201 288 40.43
62 66 65 522
1729 6 123 288 314.89
531 1026 980 907
1730 3 203 287 351.48
896 574 254 160
1731 171 17 281 52.53
78 101 262 313
1732 26 17 263 78.80
98 146 653 232
1733 2 3 280 88.64
88 631 248 145
1734 19 15 213 215.94
281 968 1043 251
1735 26 40 146 197.23
302 627 998 275
1736 56 112 269 67.29
106 361 105 82
1737 102 37 286 98.64
280 53 35 42
1738 2 71 183 136.84
136 1045 311 153
1739 62 124 264 147.83
410 96 77 99
1740 58 160 262 411.36
1118 403 201 215
1741 2 31 100 369.70
622 1143 1250 1071
1742 22 4 158 80.68
222 44 66 56
1743 58 55 228 96.10
130 174 727 287
1744 33 88 186 11.96
17 25 85 25
1745 18 85 243 62.23
95 84 128 806
1746 54 222 288 10.26
28 7 7 9
1747 14 151 248 161.06
285 246 660 795
1748 72 16 136 4.05
8 7 6 27
1749 140 0 229 102.29
187 130 179 980
1750 29 32 249 102.31
101 826 152 151
1751 4 151 287 77.34
143 113 114 717
1752 4 270 288 16.26
44 10 15 15
1753 30 122 275 365.79
503 1316 1446 1660
1754 29 9 144 244.94
666 185 180 168
1755 74 14 200 413.90
926 1003 632 349
1756 41 6 285 81.34
129 155 420 345
1757 8 1 167 276.57
446 535 1463 976
1758 25 0 109 509.97
1417 341 263 281
1759 5 0 101 58.51
164 35 25 35
1760 7 32 231 481.47
1130 1015 556 480
1761 30 20 137 78.33
127 186 434 124
1762 103 9 286 144.18
210 394 884 236
1763 81 146 285 180.43
335 258 771 660
1764 9 44 207 421.69
960 1114 406 323
1765 46 16 284 117.47
141 616 505 159
1766 55 39 163 58.72
87 341 94 66
1767 45 161 273 270.47
557 987 239 255
1768 100 29 186 19.91
24 26 196 40
1769 26 61 167 65.62
185 29 33 45
1770 189 2 274 159.76
246 313 624 1157
1771 1 26 198 6.83
10 41 9 9
1772 158 52 275 23.94
39 53 49 214
1773 27 161 263 31.28
53 51 53 328
1774 26 50 288 53.21
78 116 121 579
1775 37 11 281 12.05
15 84 18 14
1776 34 50 237 190.45
325 334 584 1372
1777 46 200 278 173.08
390 486 130 176
1778 6 40 140 16.29
32 26 23 120
1779 11 215 287 126.08
186 403 656 232
1780 34 1 286 73.31
92 525 78 96
1781 31 80 189 304.86
648 961 334 330
1782 4 181 287 593.43
1226 1307 1696 737
1783 6 246 283 34.74
51 56 80 434
1784 2 14 231 276.71
767 173 159 182
1785 35 33 281 20.64
28 133 27 32
1786 22 1 252 117.30
223 134 163 1134
1787 2 14 211 120.06
213 549 162 148
1788 53 1 62 134.77
373 92 66 96
1789 75 64 239 52.11
72 117 102 651
1790 116 138 288 102.85
205 170 158 674
1791 5 216 288 152.82
264 225 546 1030
1792 1 154 220 511.48
907 1574 1482 1348
1793 20 44 288 283.14
340 1351 1408 401
1794 65 18 245 23.70
38 44 158 27
1795 62 111 216 116.81
167 523 461 134
1796 71 1 267 13.44
25 21 16 126
1797 135 2 158 42.84
62 81 85 539
1798 7 13 265 60.79
91 70 505 89
1799 24 171 261 20.90
33 57 111 33
1800 46 158 222 180.12
265 323 828 1318
1801 36 144 217 67.03
95 110 424 340
1802 66 78 201 106.41
302 43 47 70
1803 190 68 285 78.30
220 38 47 39
1804 21 90 287 302.36
834 179 218 198
1805 37 47 161 186.00
514 127 103 120
1806 40 24 95 79.08
104 436 241 114
1807 116 37 287 3.67
5 24 5 4
1808 17 161 283 45.75
128 26 26 22
1809 56 174 273 154.32
439 80 58 55
1810 82 1 195 504.28
1082 1398 833 418
1811 83 34 202 217.99
366 1144 239 228
1812 95 12 166 37.00
41 295 36 41
1813 14 98 268 141.62
205 273 518 1292
1814 16 20 288 422.14
925 1159 508 493
1815 21 55 253 87.18
105 518 268 144
1816 21 40 158 219.47
621 118 92 93
1817 11 54 130 91.74
176 150 127 730
1818 13 5 247 102.15
184 444 140 152
1819 46 218 287 242.58
327 794 1379 589
1820 34 18 286 25.04
29 193 29 21
1821 25 204 287 266.03
754 118 117 159
1822 2 11 288 146.68
255 231 458 1053
1823 24 34 210 95.41
264 56 59 72
1824 113 22 216 104.88
288 78 59 72
1825 137 11 278 206.97
362 350 744 1188
1826 6 37 140 267.67
401 1096 1010 451
1827 49 18 211 21.68
35 52 30 215
1828 50 45 284 255.13
406 576 1380 668
1829 36 52 242 15.82
17 129 15 17
1830 136 46 285 9.58
16 20 16 91
1831 10 10 169 25.65
36 155 44 33
1832 38 83 288 265.08
685 399 172 132
1833 53 77 287 322.49
929 111 121 121
1834 79 54 287 24.83
48 29 48 200
1835 128 32 213 236.16
671 95 125 105
1836 64 144 259 290.86
695 658 243 168
1837 40 34 271 116.71
136 380 885 145
1838 44 172 278 17.16
27 27 116 38
1839 14 29 280 172.59
209 1228 234 255
1840 2 1 199 37.00
104 18 19 24
1841 13 3 92 342.99
922 379 180 168
1842 112 43 193 18.69
30 26 132 32
1843 4 102 261 400.77
799 1481 565 269
1844 23 18 178 10.45
29 7 5 7
1845 31 9 268 101.11
185 164 117 980
1846 15 104 260 27.54
65 65 20 25
1847 25 6 229 17.06
30 29 63 92
1848 81 85 274 25.47
24 215 36 29
1849 8 0 187 86.35
103 547 233 120
1850 29 18 288 22.38
33 32 182 29
1851 120 48 288 22.71
34 53 32 266
1852 10 22 239 601.15
1539 1011 280 403
1853 56 75 244 436.73
1144 619 245 193
1854 81 158 272 381.66
1038 382 160 218
1855 6 257 288 103.60
299 35 35 41
1856 78 26 271 48.74
137 26 26 23
1857 35 21 288 205.66
426 685 251 217
1858 12 47 190 91.01
155 155 467 298
1859 6 63 266 221.47
303 759 1311 269
1860 76 147 284 34.83
98 19 15 21
1861 22 39 77 39.66
60 93 113 340
1862 11 177 256 125.70
203 215 334 1186
1863 92 8 258 51.83
73 312 97 50
1864 5 39 113 309.50
379 1276 1552 912
1865 12 82 250 102.38
142 635 145 167
1866 25 69 265 46.22
69 85 113 517
1867 7 191 260 108.81
307 55 44 72
1868 18 18 218 88.85
143 101 513 444
1869 23 0 212 101.46
172 209 199 878
1870 29 34 147 119.77
217 152 191 1213
1871 105 39 285 304.48
868 147 112 120
1872 41 10 283 263.53
750 129 91 128
1873 33 149 244 143.85
218 234 848 662
1874 79 37 286 334.09
898 393 136 172
1875 15 85 287 84.96
104 165 726 207
1876 90 25 288 67.01
119 124 81 647
1877 51 24 219 43.14
57 211 161 80
1878 28 39 146 158.65
260 275 488 1300
1879 67 29 185 120.20
219 218 196 995
1880 105 54 288 106.41
164 239 306 896
1881 28 39 79 183.93
225 1180 439 247
1882 13 85 273 517.51
1279 1081 305 229
1883 6 3 43 122.79
345 70 54 69
1884 61 58 186 26.24
42 32 201 29
1885 31 224 288 654.65
1448 1779 895 416
1886 10 120 204 249.83
712 108 111 101
1887 92 0 186 64.63
75 429 152 105
1888 4 0 288 741.14
1752 1433 1157 349
1889 157 3 206 68.16
115 129 109 681
1890 102 116 271 42.60
123 13 16 17
1891 25 176 274 131.33
189 169 1142 143
1892 34 38 240 362.22
759 1181 427 367
1893 104 3 193 205.26
275 564 1403 373
1894 60 1 253 41.05
57 93 300 67
1895 79 2 194 36.34
59 81 49 377
1896 59 156 280 125.21
252 482 109 128
1897 43 178 286 86.12
191 269 60 58
1898 24 87 239 59.05
107 91 207 324
1899 6 91 288 61.29
163 56 58 38
1900 56 4 151 33.11
59 50 69 293
1901 49 122 287 107.84
170 176 248 1178
1902 5 28 237 41.42
84 162 35 28
1903 55 2 113 1.08
2 4 2 2
1904 139 135 283 148.18
420 72 55 90
1905 43 124 287 32.48
54 65 47 335
1906 2 75 284 1.51
2 9 3 3
1907 37 112 211 289.82
807 206 133 132
1908 9 160 287 60.96
112 124 108 434
1909 13 2 190 33.37
96 13 12 11
1910 56 189 288 102.88
169 205 454 482
1911 5 121 178 21.25
33 44 119 71
1912 59 45 160 22.43
32 126 43 41
1913 27 9 283 521.51
1114 1059 1350 685
1914 81 11 165 62.77
109 129 119 516
1915 15 5 185 474.03
1212 695 340 408
1916 71 58 273 79.17
188 178 73 52
1917 26 2 287 20.52
58 8 13 10
1918 2 53 236 63.48
82 451 59 78
1919 30 31 196 99.09
188 134 168 840
1920 57 51 211 132.39
370 67 68 108
1921 16 16 288 63.90
180 30 37 31
1922 36 41 234 15.56
23 24 37 193
1923 55 97 288 103.86
106 609 458 186
1924 73 1 244 46.27
129 22 32 30
1925 13 19 254 344.78
501 1580 1200 495
1926 22 118 269 77.55
127 123 402 344
1927 5 23 264 256.00
724 118 138 111
1928 8 2 192 350.17
870 601 291 313
1929 2 113 278 4.26
6 8 8 57
1930 118 2 219 117.77
214 132 444 724
1931 14 219 288 198.31
353 314 729 1084
1932 4 130 162 126.25
320 213 69 107
1933 33 37 203 95.08
145 170 690 120
1934 127 98 283 22.74
65 8 10 12
1935 16 89 158 143.71
239 231 424 1219
1936 36 0 219 205.49
575 109 118 118
1937 35 162 287 157.08
254 484 716 234
1938 27 8 193 333.67
582 1311 844 408
1939 7 5 250 573.99
1409 1151 365 479
1940 45 7 123 18.64
28 30 146 18
1941 73 162 235 7.27
20 5 5 4
1942 58 19 198 221.50
621 105 138 126
1943 8 160 240 27.77
37 38 257 34
1944 6 157 288 236.91
383 399 1191 1125
1945 42 57 165 65.95
188 28 31 24
1946 57 22 170 3.06
5 6 6 30
1947 25 106 205 154.54
401 212 114 88
1948 100 5 193 40.86
115 22 18 24
1949 57 16 97 206.93
265 627 1380 441
1950 9 136 238 86.47
244 40 52 34
1951 17 156 263 144.04
222 297 583 955
1952 67 8 186 407.71
1122 376 161 165
1953 2 147 244 437.81
1251 196 159 182
1954 22 224 288 27.07
41 166 26 26
1955 84 23 140 15.82
45 8 6 6
1956 61 36 286 103.25
253 223 55 66
1957 20 215 268 136.48
249 634 138 135
1958 28 38 125 210.48
375 1017 228 186
1959 174 78 281 42.11
79 66 75 335
1960 54 63 274 58.11
84 69 513 60
1961 129 46 286 41.00
73 52 90 384
1962 63 40 284 194.83
289 333 1343 547
1963 141 61 285 256.21
413 812 1098 472
1964 1 148 261 117.94
166 273 833 202
1965 54 85 288 28.50
79 14 23 17
1966 81 33 207 105.02
174 218 175 1022
1967 16 2 149 395.03
614 1265 1476 1441
1968 73 15 265 69.41
198 26 35 29
1969 3 24 286 11.46
19 13 84 14
1970 13 8 266 130.36
191 179 906 516
1971 29 4 166 5.81
7 40 9 11
1972 43 112 229 68.35
101 238 350 76
1973 6 14 239 589.01
1381 1220 736 560
1974 44 17 280 113.63
222 487 81 97
1975 31 57 213 181.91
417 514 101 147
1976 17 70 201 4.12
7 20 6 5
1977 175 29 279 114.34
211 231 204 803
1978 13 49 176 147.66
266 209 617 689
1979 8 106 200 510.49
956 1395 1535 1051
1980 13 39 204 12.59
22 27 22 102
1981 27 1 162 177.60
251 228 1116 1116
1982 66 62 280 62.98
179 30 28 24
1983 2 35 287 76.77
216 42 39 34
1984 40 24 247 70.70
79 520 110 118
1985 83 14 125 590.63
1269 1578 1031 533
1986 10 22 274 29.61
54 38 154 80
1987 6 74 253 34.95
61 54 115 239
1988 1 19 183 11.04
19 24 23 85
1989 42 10 247 479.31
1351 285 165 266
1990 2 111 214 343.43
569 735 1692 1037
1991 147 22 263 24.19
66 16 19 18
1992 29 27 262 415.01
1063 643 275 272
1993 12 4 280 48.72
134 35 34 21
1994 95 32 262 163.93
219 1008 329 217
1995 32 81 265 227.57
300 598 1538 599
1996 2 0 230 386.46
589 1260 1754 886
1997 21 47 223 420.23
765 1534 1075 393
1998 2 153 278 303.57
417 933 1671 919
1999 23 102 259 447.65
865 1615 872 321
