288
0 0.03466
1 0.03466
2 0.03466
3 0.03466
4 0.03466
5 0.03466
6 0.03400
7 0.03400
8 0.03400
9 0.03400
10 0.03400
11 0.03400
12 0.03399
13 0.03399
14 0.03399
15 0.03399
16 0.03399
17 0.03399
18 0.03129
19 0.03129
20 0.03129
21 0.03129
22 0.03129
23 0.03129
24 0.03062
25 0.03062
26 0.03062
27 0.03062
28 0.03062
29 0.03062
30 0.03196
31 0.03196
32 0.03196
33 0.03196
34 0.03196
35 0.03196
36 0.03129
37 0.03129
38 0.03129
39 0.03129
40 0.03129
41 0.03129
42 0.03062
43 0.03062
44 0.03062
45 0.03062
46 0.03062
47 0.03062
48 0.03062
49 0.03062
50 0.03062
51 0.03062
52 0.03062
53 0.03062
54 0.03062
55 0.03062
56 0.03062
57 0.03062
58 0.03062
59 0.03062
60 0.03062
61 0.03062
62 0.03062
63 0.03062
64 0.03062
65 0.03062
66 0.03062
67 0.03062
68 0.03062
69 0.03062
70 0.03062
71 0.03062
72 0.03476
73 0.03476
74 0.03476
75 0.03476
76 0.03476
77 0.03476
78 0.03476
79 0.03476
80 0.03476
81 0.03476
82 0.03476
83 0.03476
84 0.04261
85 0.04261
86 0.04261
87 0.04261
88 0.04261
89 0.04261
90 0.04261
91 0.04261
92 0.04261
93 0.04261
94 0.04261
95 0.04261
96 0.03476
97 0.03476
98 0.03476
99 0.03476
100 0.03476
101 0.03476
102 0.03476
103 0.03476
104 0.03476
105 0.03476
106 0.03476
107 0.03476
108 0.04300
109 0.04300
110 0.04300
111 0.04300
112 0.04300
113 0.04300
114 0.04732
115 0.04732
116 0.04732
117 0.04732
118 0.04732
119 0.04732
120 0.08093
121 0.08093
122 0.08093
123 0.08093
124 0.08093
125 0.08093
126 0.08619
127 0.08619
128 0.08619
129 0.08619
130 0.08619
131 0.08619
132 0.09108
133 0.09108
134 0.09108
135 0.09108
136 0.09108
137 0.09108
138 0.08696
139 0.08696
140 0.08696
141 0.08696
142 0.08696
143 0.08696
144 0.08619
145 0.08619
146 0.08619
147 0.08619
148 0.08619
149 0.08619
150 0.08619
151 0.08619
152 0.08619
153 0.08619
154 0.08619
155 0.08619
156 0.08619
157 0.08619
158 0.08619
159 0.08619
160 0.08619
161 0.08619
162 0.08619
163 0.08619
164 0.08619
165 0.08619
166 0.08619
167 0.08619
168 0.08587
169 0.08587
170 0.08587
171 0.08587
172 0.08587
173 0.08587
174 0.08587
175 0.08587
176 0.08587
177 0.08587
178 0.08587
179 0.08587
180 0.08587
181 0.08587
182 0.08587
183 0.08587
184 0.08587
185 0.08587
186 0.08472
187 0.08472
188 0.08472
189 0.08472
190 0.08472
191 0.08472
192 0.08587
193 0.08587
194 0.08587
195 0.08587
196 0.08587
197 0.08587
198 0.08587
199 0.08587
200 0.08587
201 0.08587
202 0.08587
203 0.08587
204 0.08619
205 0.08619
206 0.08619
207 0.08619
208 0.08619
209 0.08619
210 0.09886
211 0.09886
212 0.09886
213 0.09886
214 0.09886
215 0.09886
216 0.08882
217 0.08882
218 0.08882
219 0.08882
220 0.08882
221 0.08882
222 0.08619
223 0.08619
224 0.08619
225 0.08619
226 0.08619
227 0.08619
228 0.08619
229 0.08619
230 0.08619
231 0.08619
232 0.08619
233 0.08619
234 0.08587
235 0.08587
236 0.08587
237 0.08587
238 0.08587
239 0.08587
240 0.08587
241 0.08587
242 0.08587
243 0.08587
244 0.08587
245 0.08587
246 0.07767
247 0.07767
248 0.07767
249 0.07767
250 0.07767
251 0.07767
252 0.06492
253 0.06492
254 0.06492
255 0.06492
256 0.06492
257 0.06492
258 0.06492
259 0.06492
260 0.06492
261 0.06492
262 0.06492
263 0.06492
264 0.06329
265 0.06329
266 0.06329
267 0.06329
268 0.06329
269 0.06329
270 0.06126
271 0.06126
272 0.06126
273 0.06126
274 0.06126
275 0.06126
276 0.06329
277 0.06329
278 0.06329
279 0.06329
280 0.06329
281 0.06329
282 0.06329
283 0.06329
284 0.06329
285 0.06329
286 0.06329
287 0.06329
