5
3
2
0 150 0.1 0.1
2506 2406 2460
1 120 0.1 0.1
2448 2395 2533
100
0 30 4 288 609.60
1282 2092 2174
1 3 0 68 55.47
175 30 30
2 126 3 233 65.29
110 92 622
3 6 43 280 77.15
128 136 708
4 2 25 196 144.29
239 223 1374
5 3 141 225 142.71
214 959 408
6 1 0 46 250.01
703 520 158
7 16 38 268 80.65
138 130 729
8 2 0 253 478.86
871 1970 2170
9 56 163 287 45.10
81 72 382
10 102 1 161 260.55
744 458 211
11 19 34 211 112.69
356 62 56
12 17 108 221 18.03
57 9 10
13 140 11 252 28.89
46 136 151
14 104 6 183 22.47
30 189 33
15 12 264 287 236.40
743 144 123
16 62 42 142 106.08
150 850 161
17 23 159 207 140.92
443 77 86
18 55 153 271 72.26
125 121 637
19 2 181 258 44.59
71 82 425
20 20 186 279 55.00
171 38 35
21 6 2 62 58.99
88 449 93
22 24 46 176 42.97
72 72 395
23 71 6 201 46.13
143 34 29
24 2 84 141 17.64
28 33 168
25 124 129 271 19.12
31 32 183
26 56 74 281 52.12
89 97 453
27 9 172 210 95.86
142 741 141
28 43 12 218 68.79
103 418 264
29 11 206 255 122.23
199 211 1155
30 96 8 269 91.17
160 133 817
31 91 131 284 89.10
136 148 914
32 29 145 209 226.48
358 1505 544
33 70 14 248 47.22
147 29 34
34 23 137 206 243.38
403 1533 583
35 130 13 279 165.24
380 703 158
36 12 3 232 81.31
120 613 146
37 2 175 235 114.96
200 216 970
38 79 147 288 86.26
273 45 43
39 97 76 256 263.90
826 147 182
40 6 33 245 62.58
109 99 555
41 10 197 276 9.77
17 18 83
42 54 13 272 72.71
110 420 304
43 71 2 119 63.07
197 40 39
44 79 117 287 145.06
456 87 77
45 38 29 186 21.87
34 161 33
46 12 117 288 50.63
157 33 38
47 23 55 256 97.06
303 59 65
48 39 3 273 40.15
55 330 61
49 18 93 214 59.27
103 86 539
50 71 163 259 105.10
330 58 66
51 18 27 239 111.14
346 73 73
52 18 140 283 238.40
751 132 132
53 14 9 214 39.96
65 283 57
54 3 1 68 238.45
673 470 172
55 11 179 257 0.73
1 6 1
56 6 3 196 70.64
113 447 194
57 30 156 212 157.84
347 734 169
58 58 39 288 302.54
581 1698 476
59 9 167 264 0.73
1 6 1
60 28 195 273 83.15
119 663 121
61 124 3 154 72.07
115 122 701
62 14 9 90 28.31
46 123 157
63 82 0 258 79.86
252 43 43
64 117 45 253 5.04
8 36 8
65 10 91 224 85.21
141 150 785
66 105 9 274 115.11
366 53 56
67 32 117 255 132.96
190 920 406
68 5 15 236 5.46
9 38 8
69 84 0 275 39.26
123 24 23
70 66 6 158 75.53
239 36 43
71 23 0 185 98.23
309 54 58
72 53 158 216 138.45
212 967 310
73 19 143 251 132.75
205 838 419
74 52 123 272 29.81
84 59 22
75 31 89 284 18.41
58 11 9
76 26 101 263 90.31
139 147 923
77 5 21 118 37.17
59 270 53
78 46 9 212 107.40
172 774 152
79 17 46 286 144.25
316 673 159
80 10 48 284 73.12
120 119 695
81 24 139 263 78.26
246 46 43
82 129 23 216 36.97
57 273 58
83 22 85 279 205.36
500 741 201
84 66 97 285 33.54
57 54 306
85 139 2 172 9.00
28 6 6
86 74 15 155 69.68
220 36 39
87 4 0 236 165.61
242 1140 477
88 95 1 255 65.35
103 123 626
89 108 101 287 208.04
654 123 113
90 152 22 265 201.28
624 140 139
91 118 5 248 10.33
18 16 92
92 2 0 170 482.76
1518 271 281
93 60 38 266 38.25
120 21 25
94 69 118 288 117.43
198 200 1066
95 133 6 170 269.47
844 158 170
96 113 4 148 34.05
58 52 314
97 107 1 201 39.39
54 324 59
98 80 46 275 41.14
68 68 386
99 85 95 264 8.41
26 6 6
