5
1
10
0 150 0.1 0.1
5334
1 150 0.1 0.1
5543
2 120 0.1 0.1
5479
3 170 0.1 0.1
5631
4 120 0.1 0.1
5639
5 170 0.1 0.1
5541
6 130 0.0 0.1
5567
7 150 0.1 0.1
5435
8 150 0.1 0.1
5455
9 170 0.1 0.1
5318
200
0 39 4 122 258.37
1419
1 104 0 154 198.46
1090
2 43 89 263 14.57
80
3 120 3 265 235.97
1296
4 105 23 195 357.05
1961
5 98 95 287 99.05
544
6 47 30 286 178.62
981
7 112 27 268 35.87
197
8 43 54 288 104.88
576
9 3 121 287 150.40
826
10 41 94 181 46.25
254
11 20 9 235 10.74
59
12 25 11 186 123.08
676
13 42 0 287 172.61
948
14 38 39 267 61.54
338
15 32 88 158 90.67
498
16 55 1 261 468.85
2575
17 1 27 288 21.49
118
18 43 77 280 119.99
659
19 171 1 198 200.10
1099
20 130 28 251 194.46
1068
21 23 207 269 125.82
691
22 122 8 230 61.36
337
23 11 201 240 196.28
1078
24 34 0 223 253.09
1390
25 136 70 288 32.05
176
26 7 35 216 425.88
2339
27 111 94 288 131.28
721
28 51 3 125 61.54
338
29 189 32 241 316.63
1739
30 50 107 260 51.16
281
31 36 249 288 223.77
1229
32 20 108 257 314.45
1727
33 41 65 176 180.99
994
34 132 29 277 119.99
659
35 35 0 278 43.70
240
36 41 218 288 534.22
2934
37 161 33 282 158.59
871
38 58 42 288 6.74
37
39 176 20 257 14.57
80
40 15 11 94 301.70
1657
41 60 125 285 144.39
793
42 67 46 253 57.54
316
43 8 38 250 155.86
856
44 38 10 158 105.24
578
45 39 6 166 88.31
485
46 35 175 256 96.68
531
47 76 87 234 186.27
1023
48 149 3 259 103.78
570
49 7 170 281 67.92
373
50 23 0 177 168.97
928
51 93 76 256 277.30
1523
52 24 14 243 126.91
697
53 9 214 267 151.49
832
54 106 5 256 39.51
217
55 38 151 288 333.38
1831
56 9 134 169 18.03
99
57 146 2 287 58.26
320
58 167 10 259 243.80
1339
59 21 207 287 60.27
331
60 67 12 215 16.93
93
61 49 170 278 32.59
179
62 40 9 277 199.74
1097
63 131 14 287 194.64
1069
64 16 20 129 17.84
98
65 13 190 288 404.03
2219
66 84 47 251 263.47
1447
67 87 162 288 146.94
807
68 66 8 287 393.11
2159
69 3 78 258 126.36
694
70 58 12 242 708.28
3890
71 40 23 234 68.64
377
72 67 202 284 487.60
2678
73 21 1 138 302.61
1662
74 26 9 288 271.11
1489
75 19 76 282 77.38
425
76 47 9 245 31.68
174
77 68 0 285 6.19
34
78 14 15 247 118.17
649
79 4 45 262 8.92
49
80 24 24 287 269.48
1480
81 43 22 245 742.70
4079
82 83 30 140 235.24
1292
83 8 5 271 88.67
487
84 4 165 287 92.86
510
85 62 211 287 95.77
526
86 24 145 283 94.13
517
87 121 127 278 8.38
46
88 47 57 288 29.86
164
89 31 162 259 169.70
932
90 36 107 181 50.80
279
91 167 4 288 6.19
34
92 12 2 194 11.11
61
93 21 42 244 501.26
2753
94 16 2 136 113.43
623
95 159 71 274 195.92
1076
96 94 100 278 217.04
1192
97 47 205 287 343.76
1888
98 12 188 241 212.67
1168
99 54 51 287 381.27
2094
100 129 27 235 300.79
1652
101 113 34 184 15.66
86
102 80 102 288 335.21
1841
103 35 1 66 109.43
601
104 20 113 255 7.83
43
105 165 25 244 98.87
543
106 71 140 288 322.46
1771
107 141 24 215 333.20
1830
108 12 160 229 111.61
613
109 23 110 165 266.56
1464
110 45 0 228 385.82
2119
111 1 61 287 153.67
844
112 55 7 249 52.44
288
113 73 27 218 193.55
1063
114 14 228 287 203.38
1117
115 84 43 215 160.96
884
116 55 15 139 92.68
509
117 18 2 243 326.47
1793
118 17 38 234 261.10
1434
119 57 2 214 125.09
687
120 39 0 271 344.67
1893
121 5 147 212 251.45
1381
122 83 3 274 273.66
1503
123 56 66 279 119.08
654
124 22 146 221 135.47
744
125 15 35 231 86.30
474
126 39 41 109 99.23
545
127 18 117 263 44.97
247
128 21 217 287 99.23
545
129 9 32 244 161.50
887
130 14 47 206 75.56
415
131 51 109 278 247.63
1360
132 22 151 213 283.68
1558
133 72 185 286 88.13
484
134 13 1 132 84.12
462
135 47 25 208 119.81
658
136 131 36 238 7.47
41
137 140 33 269 184.26
1012
138 66 100 277 110.34
606
139 11 0 156 249.26
1369
140 9 155 288 118.90
653
141 9 26 152 437.35
2402
142 9 232 288 599.04
3290
143 22 82 264 27.68
152
144 84 1 216 639.09
3510
145 26 34 140 118.90
653
146 196 31 269 255.64
1404
147 44 1 256 360.88
1982
148 45 3 222 85.21
468
149 75 36 187 302.43
1661
150 86 44 136 95.23
523
151 49 43 223 157.68
866
152 32 6 108 298.06
1637
153 67 93 288 388.37
2133
154 9 145 260 249.45
1370
155 104 59 266 86.12
473
156 45 80 287 134.37
738
157 11 31 246 282.77
1553
158 22 32 275 28.04
154
159 25 186 287 177.53
975
160 34 38 269 111.80
614
161 11 34 251 382.91
2103
162 18 37 78 42.06
231
163 27 138 287 327.38
1798
164 12 30 288 41.15
226
165 16 40 200 374.72
2058
166 90 3 281 285.86
1570
167 19 0 232 161.87
889
168 21 170 221 247.63
1360
169 147 73 245 45.88
252
170 126 21 237 1.82
10
171 39 2 252 11.47
63
172 35 3 70 616.88
3388
173 81 141 277 38.24
210
174 29 100 261 360.88
1982
175 68 129 283 198.28
1089
176 12 0 230 20.94
115
177 23 149 287 12.75
70
178 45 34 256 402.94
2213
179 39 3 233 41.51
228
180 6 16 247 91.77
504
181 71 16 258 38.96
214
182 153 55 281 59.54
327
183 117 35 288 146.39
804
184 44 1 97 285.13
1566
185 105 48 228 322.64
1772
186 13 153 288 7.65
42
187 43 9 77 95.41
524
188 14 13 210 48.07
264
189 10 144 214 86.49
475
190 55 111 231 267.29
1468
191 50 5 138 434.44
2386
192 3 75 275 245.81
1350
193 47 42 288 745.79
4096
194 75 95 288 186.45
1024
195 40 2 286 503.45
2765
196 9 50 142 312.26
1715
197 44 130 287 216.85
1191
198 25 25 219 48.98
269
199 75 10 269 119.81
658
