288
0 0.03532
1 0.03532
2 0.03532
3 0.03532
4 0.03532
5 0.03532
6 0.03497
7 0.03497
8 0.03497
9 0.03497
10 0.03497
11 0.03497
12 0.03221
13 0.03221
14 0.03221
15 0.03221
16 0.03221
17 0.03221
18 0.03196
19 0.03196
20 0.03196
21 0.03196
22 0.03196
23 0.03196
24 0.03196
25 0.03196
26 0.03196
27 0.03196
28 0.03196
29 0.03196
30 0.03145
31 0.03145
32 0.03145
33 0.03145
34 0.03145
35 0.03145
36 0.03196
37 0.03196
38 0.03196
39 0.03196
40 0.03196
41 0.03196
42 0.03196
43 0.03196
44 0.03196
45 0.03196
46 0.03196
47 0.03196
48 0.03196
49 0.03196
50 0.03196
51 0.03196
52 0.03196
53 0.03196
54 0.03221
55 0.03221
56 0.03221
57 0.03221
58 0.03221
59 0.03221
60 0.03221
61 0.03221
62 0.03221
63 0.03221
64 0.03221
65 0.03221
66 0.03425
67 0.03425
68 0.03425
69 0.03425
70 0.03425
71 0.03425
72 0.03438
73 0.03438
74 0.03438
75 0.03438
76 0.03438
77 0.03438
78 0.03438
79 0.03438
80 0.03438
81 0.03438
82 0.03438
83 0.03438
84 0.04300
85 0.04300
86 0.04300
87 0.04300
88 0.04300
89 0.04300
90 0.04300
91 0.04300
92 0.04300
93 0.04300
94 0.04300
95 0.04300
96 0.03438
97 0.03438
98 0.03438
99 0.03438
100 0.03438
101 0.03438
102 0.04300
103 0.04300
104 0.04300
105 0.04300
106 0.04300
107 0.04300
108 0.04610
109 0.04610
110 0.04610
111 0.04610
112 0.04610
113 0.04610
114 0.04788
115 0.04788
116 0.04788
117 0.04788
118 0.04788
119 0.04788
120 0.04788
121 0.04788
122 0.04788
123 0.04788
124 0.04788
125 0.04788
126 0.05560
127 0.05560
128 0.05560
129 0.05560
130 0.05560
131 0.05560
132 0.06013
133 0.06013
134 0.06013
135 0.06013
136 0.06013
137 0.06013
138 0.06649
139 0.06649
140 0.06649
141 0.06649
142 0.06649
143 0.06649
144 0.06166
145 0.06166
146 0.06166
147 0.06166
148 0.06166
149 0.06166
150 0.06802
151 0.06802
152 0.06802
153 0.06802
154 0.06802
155 0.06802
156 0.06166
157 0.06166
158 0.06166
159 0.06166
160 0.06166
161 0.06166
162 0.06802
163 0.06802
164 0.06802
165 0.06802
166 0.06802
167 0.06802
168 0.06115
169 0.06115
170 0.06115
171 0.06115
172 0.06115
173 0.06115
174 0.06391
175 0.06391
176 0.06391
177 0.06391
178 0.06391
179 0.06391
180 0.05593
181 0.05593
182 0.05593
183 0.05593
184 0.05593
185 0.05593
186 0.05909
187 0.05909
188 0.05909
189 0.05909
190 0.05909
191 0.05909
192 0.05929
193 0.05929
194 0.05929
195 0.05929
196 0.05929
197 0.05929
198 0.06564
199 0.06564
200 0.06564
201 0.06564
202 0.06564
203 0.06564
204 0.07434
205 0.07434
206 0.07434
207 0.07434
208 0.07434
209 0.07434
210 0.14457
211 0.14457
212 0.14457
213 0.14457
214 0.14457
215 0.14457
216 0.14668
217 0.14668
218 0.14668
219 0.14668
220 0.14668
221 0.14668
222 0.13943
223 0.13943
224 0.13943
225 0.13943
226 0.13943
227 0.13943
228 0.06538
229 0.06538
230 0.06538
231 0.06538
232 0.06538
233 0.06538
234 0.06802
235 0.06802
236 0.06802
237 0.06802
238 0.06802
239 0.06802
240 0.06027
241 0.06027
242 0.06027
243 0.06027
244 0.06027
245 0.06027
246 0.05593
247 0.05593
248 0.05593
249 0.05593
250 0.05593
251 0.05593
252 0.04788
253 0.04788
254 0.04788
255 0.04788
256 0.04788
257 0.04788
258 0.04788
259 0.04788
260 0.04788
261 0.04788
262 0.04788
263 0.04788
264 0.04610
265 0.04610
266 0.04610
267 0.04610
268 0.04610
269 0.04610
270 0.03438
271 0.03438
272 0.03438
273 0.03438
274 0.03438
275 0.03438
276 0.03438
277 0.03438
278 0.03438
279 0.03438
280 0.03438
281 0.03438
282 0.03438
283 0.03438
284 0.03438
285 0.03438
286 0.03438
287 0.03438
