5
2
25
0 150 0.1 0.1
3204 3145
1 190 0.1 0.0
3393 3275
2 130 0.0 0.1
3238 3282
3 120 0.1 0.1
3200 3259
4 150 0.1 0.1
3238 3249
5 130 0.0 0.1
3278 3280
6 120 0.1 0.1
3106 3238
7 190 0.1 0.0
3423 3289
8 190 0.1 0.0
3166 3205
9 150 0.1 0.1
3238 3245
10 170 0.1 0.1
3214 3229
11 130 0.0 0.1
3201 3150
12 170 0.1 0.1
3261 3229
13 170 0.1 0.1
3260 3161
14 190 0.1 0.0
3196 3239
15 190 0.1 0.0
3226 3265
16 120 0.1 0.1
3198 3141
17 150 0.1 0.1
3279 3180
18 130 0.0 0.1
3250 3206
19 130 0.0 0.1
3218 3275
20 150 0.1 0.1
3165 3198
21 150 0.1 0.1
3272 3191
22 170 0.1 0.1
3198 3218
23 130 0.0 0.1
3276 3259
24 150 0.1 0.1
3224 3241
200
0 37 221 288 207.99
370 2085
1 34 103 279 43.82
84 411
2 81 184 288 296.92
1121 210
3 13 237 287 53.49
101 509
4 50 4 267 284.33
1072 208
5 216 15 287 317.75
1200 223
6 163 0 288 217.32
817 170
7 75 1 288 252.74
958 161
8 241 2 268 322.69
721 2549
9 192 47 280 52.09
94 516
10 17 215 287 596.99
2261 389
11 14 22 287 391.94
991 2558
12 129 11 270 106.72
184 1097
13 11 0 208 158.10
602 88
14 36 39 116 110.46
266 783
15 1 47 288 42.82
79 416
16 44 22 200 439.25
1516 975
17 249 16 287 4.17
8 39
18 15 31 287 203.68
772 130
19 3 128 287 168.16
292 1719
20 111 4 153 68.08
124 669
21 34 120 279 573.69
2168 396
22 115 2 251 110.08
188 1140
23 43 1 279 814.20
2721 2223
24 18 184 287 397.61
1135 1990
25 87 71 265 221.43
834 166
26 45 163 272 477.92
1805 335
27 49 21 134 103.59
392 69
28 80 17 261 43.13
164 25
29 180 8 283 447.47
1679 365
30 70 1 161 214.36
806 167
31 82 195 288 129.42
229 1303
32 159 25 287 112.06
286 719
33 72 1 282 321.51
900 1692
34 172 0 235 628.74
1883 2735
35 102 81 286 680.18
2148 2441
36 24 61 255 134.16
505 102
37 165 8 203 476.94
1802 331
38 96 2 171 80.05
273 193
39 83 3 287 601.11
1743 2882
40 102 7 277 114.05
213 1096
41 180 97 287 787.44
2824 1252
42 64 59 189 114.25
202 1151
43 21 170 273 355.29
1344 239
44 11 5 288 165.52
404 1148
45 39 50 179 105.30
193 1029
46 87 0 247 178.76
315 1806
47 69 9 279 459.37
1733 331
48 33 0 88 4.17
8 39
49 72 7 140 394.67
1042 2370
50 56 13 288 75.83
145 713
51 76 85 258 25.14
43 260
52 178 1 239 243.50
917 183
53 89 153 287 153.97
412 899
54 9 164 236 103.50
388 86
55 75 92 287 160.74
280 1639
56 19 0 261 70.12
126 697
57 19 0 285 276.49
1026 279
58 66 6 153 427.77
1616 298
59 100 158 288 515.15
1951 336
60 21 141 281 135.07
236 1374
61 113 45 283 220.80
494 1741
62 174 77 287 622.10
2356 406
63 44 138 283 139.77
527 102
64 176 4 238 522.06
1970 374
65 100 3 171 229.29
429 2200
66 165 0 267 429.99
1140 2560
67 111 0 280 225.02
475 1907
68 216 8 284 377.46
1340 664
69 82 1 177 223.33
415 2156
70 41 188 288 679.98
2045 2918
71 29 58 204 37.85
67 381
72 90 49 255 38.47
72 369
73 59 168 288 113.08
209 1097
74 22 1 186 352.83
1143 1132
75 167 3 250 300.83
1137 207
76 177 64 287 383.59
1015 2293
77 38 1 160 625.91
1910 2557
78 72 29 208 230.98
423 2259
79 1 197 286 122.47
224 1199
80 9 69 277 329.84
748 2554
81 33 69 288 603.62
2286 394
82 19 0 50 231.95
877 158
83 69 5 149 480.39
1318 2653
84 46 159 288 39.76
151 24
85 107 0 127 240.51
442 2345
86 77 26 287 157.90
445 817
87 65 94 217 103.79
180 1062
88 188 29 286 309.20
1166 225
89 157 67 287 643.55
2398 603
90 101 168 287 366.33
1388 236
91 98 167 284 336.23
1273 221
92 35 119 275 214.60
499 1604
93 83 0 276 403.18
1069 2400
94 17 0 243 166.38
627 123
95 162 2 284 118.79
450 77
96 84 3 256 156.08
587 121
97 24 10 203 11.77
22 113
98 82 15 276 231.31
876 151
99 80 113 287 102.71
188 1005
100 23 0 144 390.36
1474 275
101 3 273 287 687.60
2178 2437
102 90 68 288 23.52
39 249
103 162 7 255 155.66
589 104
104 255 6 288 419.99
1588 286
105 97 2 109 173.65
299 1787
106 24 215 287 85.82
157 840
107 86 31 281 454.80
1237 2562
108 26 91 223 164.18
454 890
109 169 30 288 183.80
317 1889
110 212 0 252 756.01
2713 1194
111 40 1 272 344.90
1303 240
112 37 47 154 614.43
2313 466
113 94 50 287 226.31
404 2262
114 162 42 221 408.13
1538 302
115 93 8 114 393.19
1486 271
116 81 175 287 75.08
132 760
117 13 9 287 732.64
2285 2763
118 3 256 286 201.55
763 133
119 12 172 288 156.50
591 110
120 222 43 288 413.75
1556 321
121 85 143 288 559.50
2111 402
122 188 48 278 131.71
244 1275
123 163 69 279 204.28
775 127
124 241 40 284 353.94
1142 1157
125 21 59 287 384.61
1379 613
126 20 0 73 743.72
2333 2742
127 27 72 265 93.55
353 67
128 141 50 223 286.84
1081 212
129 135 6 288 108.33
179 1150
130 23 66 282 178.56
455 1149
131 82 117 288 744.24
2658 1235
132 16 1 279 414.40
1391 1103
133 50 0 161 453.47
1235 2547
134 138 0 254 752.88
2561 1846
135 57 13 272 196.97
472 1407
136 148 8 259 157.92
600 94
137 97 3 145 643.80
2444 393
138 135 14 255 40.71
75 396
139 27 4 103 385.85
1008 2367
140 44 121 287 301.52
655 2469
141 42 49 211 308.23
1171 184
142 5 264 288 243.41
919 172
143 31 1 247 313.40
1025 960
144 195 66 280 11.82
22 114
145 87 15 258 489.63
1800 573
146 23 89 287 321.51
921 1594
147 3 94 285 242.57
914 180
148 58 119 286 107.66
405 83
149 41 41 288 66.32
251 44
150 37 93 287 143.77
253 1454
151 247 17 288 210.48
794 152
152 75 40 228 105.13
190 1040
153 19 13 278 106.72
202 1013
154 81 38 287 39.45
75 373
155 59 51 264 124.54
230 1209
156 12 0 136 218.18
827 139
157 245 2 276 216.56
361 2284
158 118 28 287 263.98
925 521
159 89 17 250 76.63
131 793
160 256 16 287 167.38
635 104
161 169 45 288 689.40
2544 762
162 71 68 287 259.63
468 2574
163 141 14 180 78.03
294 58
164 16 3 287 206.36
496 1467
165 103 176 286 45.85
86 439
166 189 2 212 143.35
255 1437
167 262 16 288 124.81
227 1228
168 32 0 279 894.92
2861 3049
169 67 21 107 239.35
905 163
170 17 0 217 386.30
1460 266
171 217 53 287 53.97
90 569
172 117 121 288 208.57
404 1937
173 68 6 93 555.73
1559 2909
174 93 76 288 640.44
1873 2996
175 16 0 151 546.60
2022 581
176 64 10 175 327.53
1241 211
177 34 71 287 715.65
2619 893
178 3 0 44 583.38
2199 429
179 116 49 287 128.65
238 1247
180 115 40 251 390.01
1193 1580
181 54 17 121 331.21
1093 969
182 113 101 288 218.18
824 153
183 92 184 288 424.86
1320 1626
184 15 19 102 94.40
357 64
185 190 14 280 706.83
2162 2864
186 64 0 260 180.35
324 1793
187 8 114 287 261.27
498 2464
188 214 25 283 62.44
236 43
189 57 139 258 457.00
1725 325
190 213 29 288 206.10
780 137
191 86 93 287 763.38
2623 1749
192 3 97 288 747.90
2661 1288
193 3 199 287 334.66
1269 211
194 10 64 287 139.38
251 1383
195 88 35 198 217.07
405 2088
196 113 47 172 257.32
898 525
197 88 14 287 757.01
2601 1735
198 18 264 288 431.66
1630 304
199 261 2 286 42.13
75 422
