5
2
25
0 190 0.1 0.0
3256 3374
1 190 0.1 0.0
3211 3270
2 150 0.1 0.1
3285 3267
3 170 0.1 0.1
3292 3213
4 170 0.1 0.1
3227 3166
5 150 0.1 0.1
3328 3161
6 150 0.1 0.1
3355 3250
7 150 0.1 0.1
3415 3247
8 170 0.1 0.1
3372 3127
9 120 0.1 0.1
3229 3292
10 190 0.1 0.0
3237 3301
11 170 0.1 0.1
3218 3358
12 150 0.1 0.1
3160 3188
13 170 0.1 0.1
3356 3266
14 120 0.1 0.1
3210 3235
15 170 0.1 0.1
3302 3158
16 150 0.1 0.1
3288 3203
17 130 0.0 0.1
3255 3230
18 120 0.1 0.1
3227 3354
19 130 0.0 0.1
3128 3294
20 130 0.0 0.1
3275 3244
21 170 0.1 0.1
3197 3193
22 190 0.1 0.0
3312 3239
23 190 0.1 0.0
3237 3151
24 130 0.0 0.1
3220 3233
200
0 47 13 201 77.44
294 58
1 57 98 287 306.22
1171 190
2 105 6 288 281.22
1077 167
3 51 3 91 247.97
444 2507
4 48 0 226 40.99
78 393
5 66 175 287 56.37
108 537
6 103 157 288 632.90
1841 3096
7 55 223 288 20.51
40 192
8 11 82 288 0.99
2 9
9 18 3 67 854.39
2801 2706
10 96 3 251 767.08
2766 1257
11 112 39 282 104.88
187 1064
12 278 2 288 112.49
203 1130
13 42 138 285 364.03
1385 259
14 18 159 287 841.41
2692 2975
15 106 2 241 205.22
781 145
16 11 2 173 786.75
2807 1429
17 162 17 273 308.98
637 2733
18 162 1 254 134.84
234 1398
19 148 1 191 30.20
55 301
20 74 204 288 96.28
168 994
21 11 197 269 25.40
96 21
22 137 25 235 517.38
1983 300
23 79 118 287 312.35
1191 210
24 163 31 284 467.97
1789 293
25 95 1 189 614.13
1858 2670
26 30 1 183 757.13
2582 1932
27 63 26 286 55.15
95 575
28 25 0 249 951.38
3200 2635
29 69 203 287 401.29
1532 261
30 73 16 250 372.74
1176 1395
31 63 11 288 774.10
2728 1564
32 59 12 151 194.36
735 159
33 127 17 211 6.25
11 64
34 33 56 152 61.88
235 46
35 76 101 208 41.16
72 424
36 99 90 272 427.45
1625 310
37 7 0 126 231.20
878 172
38 9 0 168 208.67
377 2094
39 41 48 201 236.94
425 2392
40 40 3 52 9.84
16 107
41 48 42 245 71.95
274 50
42 69 136 288 285.71
624 2364
43 46 55 288 3.09
6 29
44 22 127 207 239.55
907 191
45 62 14 284 400.75
1523 293
46 61 3 286 122.75
220 1240
47 26 21 128 697.96
2668 438
48 146 2 179 31.63
120 24
49 170 80 261 245.04
408 2621
50 53 229 287 223.81
408 2229
51 5 259 288 110.11
194 1128
52 109 92 249 568.84
2168 387
53 105 27 249 215.38
617 1098
54 91 106 260 4.80
10 42
55 79 100 288 762.13
2506 2379
56 93 0 168 238.56
722 1036
57 220 0 280 12.89
27 112
58 202 29 247 28.57
109 19
59 24 21 221 510.09
1724 1374
60 190 13 272 575.94
2186 434
61 73 163 287 234.34
428 2330
62 135 86 287 156.70
295 1517
63 1 14 288 233.18
450 2206
64 152 30 277 88.70
162 882
65 104 58 288 902.93
2941 2949
66 166 1 271 140.85
276 1313
67 89 101 239 461.04
1327 2321
68 34 92 167 622.69
1846 2884
69 143 0 244 778.12
2763 1475
70 20 38 101 629.53
2355 635
71 48 1 191 786.25
2856 1191
72 7 0 283 296.61
911 1226
73 70 177 288 475.36
1815 308
74 8 1 127 257.79
923 453
75 166 112 288 136.14
270 1254
76 67 204 287 86.41
154 877
77 10 192 287 79.73
146 791
78 105 88 257 63.21
113 640
79 118 54 272 668.28
2524 562
80 69 34 189 27.11
43 300
81 93 190 287 142.64
243 1500
82 143 11 231 366.90
1190 1222
83 216 3 287 59.01
106 595
84 217 7 280 820.04
2952 1367
85 65 141 272 380.35
1216 1349
86 22 3 56 366.22
1387 290
87 125 27 199 720.34
2754 450
88 50 45 263 238.29
908 163
89 4 119 261 132.40
252 1269
90 103 20 282 87.93
166 849
91 116 24 288 167.53
301 1689
92 118 97 287 424.58
1478 943
93 50 46 239 150.71
570 123
94 6 48 141 25.07
39 281
95 79 49 287 64.71
117 649
96 26 0 251 662.36
2372 1162
97 8 278 288 448.35
1700 346
98 189 51 287 215.20
816 166
99 16 60 257 508.48
1462 2567
100 27 114 202 420.48
1492 802
101 5 196 287 757.10
2626 1726
102 90 46 288 442.56
1496 1191
103 116 9 245 177.39
328 1745
104 137 5 191 640.77
1987 2560
105 16 153 255 454.31
1745 246
106 30 98 287 724.87
2323 2545
107 28 48 282 143.72
348 1030
108 62 0 251 848.79
2877 2248
109 89 2 256 188.20
326 1954
110 61 11 256 437.97
1666 313
111 47 199 288 129.50
218 1374
112 119 17 167 469.85
1433 1989
113 1 230 288 290.31
1080 321
114 96 5 130 205.73
783 145
115 141 38 229 38.48
73 370
116 88 4 287 63.85
243 45
117 132 71 221 117.78
228 1111
118 123 98 288 87.46
333 61
119 90 28 274 393.01
1160 1844
120 230 1 248 373.26
1420 266
121 166 18 287 638.27
2360 773
122 132 51 281 60.49
108 613
123 54 1 148 119.97
203 1268
124 115 143 287 284.68
1089 175
125 74 18 288 783.20
2806 1368
126 119 36 233 221.63
391 2268
127 142 130 288 702.92
2675 497
128 225 11 287 60.49
114 585
129 223 29 287 9.68
16 104
130 4 130 254 588.10
2001 1522
131 62 45 287 465.84
1322 2433
132 195 22 269 320.60
1220 227
133 29 95 174 184.34
375 1654
134 20 129 229 573.43
1644 2917
135 7 19 142 113.41
197 1175
136 87 5 119 67.20
255 51
137 64 19 197 86.32
174 782
138 162 17 272 2.92
6 26
139 76 107 237 546.73
1533 2942
140 127 5 208 696.06
2650 487
141 63 5 155 802.98
2904 1276
142 42 0 193 750.76
2308 3093
143 9 50 288 199.63
758 149
144 92 66 287 167.53
637 121
145 109 0 287 30.92
117 25
146 218 49 288 76.79
138 774
147 113 117 287 210.85
805 137
148 43 0 157 414.34
1412 1062
149 93 0 282 580.56
2212 398
150 43 112 287 389.02
973 2643
151 143 0 225 144.16
255 1472
152 208 48 281 0.99
2 9
153 116 5 184 447.41
1605 772
154 17 56 284 249.57
946 194
155 120 28 287 94.01
159 994
156 109 102 256 398.95
1494 395
157 30 179 287 12.83
27 111
158 198 13 268 108.02
217 982
159 135 18 254 327.75
1019 1297
160 87 196 287 242.44
468 2293
161 42 47 199 398.57
1506 332
162 135 11 287 51.32
196 33
163 94 70 287 42.89
84 400
164 87 17 234 82.80
315 59
165 98 104 287 643.05
2455 418
166 185 84 287 649.37
2336 1090
167 15 3 87 231.16
376 2514
168 168 91 288 29.55
55 289
169 17 27 276 140.18
259 1380
170 146 50 270 81.10
151 793
171 33 52 206 114.93
209 1147
172 15 54 287 6.14
23 6
173 41 176 285 359.43
1157 1238
174 37 71 275 58.90
103 607
175 60 1 70 58.45
104 594
176 29 3 121 70.99
126 723
177 116 0 248 224.54
401 2275
178 199 0 265 154.72
264 1625
179 30 0 116 55.62
96 579
180 161 61 277 556.71
2114 415
181 41 5 283 133.79
508 100
182 34 58 265 94.57
158 1009
183 10 143 276 70.62
267 58
184 219 65 288 387.19
1473 276
185 50 177 245 364.02
864 2690
186 108 64 281 245.93
449 2446
187 83 1 270 87.44
334 56
188 6 98 288 802.42
2800 1751
189 53 182 287 317.73
1184 342
190 230 3 272 418.78
1607 234
191 52 179 287 394.81
1507 258
192 143 96 287 406.04
1251 1660
193 46 19 92 123.41
228 1215
194 19 31 201 460.55
1594 1066
195 11 176 241 493.26
1651 1404
196 149 123 288 93.72
187 858
197 37 58 138 697.00
2454 1419
198 54 220 288 643.72
1989 2605
199 44 91 262 195.84
743 149
