288
0 0.03408
1 0.03408
2 0.03408
3 0.03408
4 0.03408
5 0.03408
6 0.03408
7 0.03408
8 0.03408
9 0.03408
10 0.03408
11 0.03408
12 0.03321
13 0.03321
14 0.03321
15 0.03321
16 0.03321
17 0.03321
18 0.03321
19 0.03321
20 0.03321
21 0.03321
22 0.03321
23 0.03321
24 0.03321
25 0.03321
26 0.03321
27 0.03321
28 0.03321
29 0.03321
30 0.03321
31 0.03321
32 0.03321
33 0.03321
34 0.03321
35 0.03321
36 0.03285
37 0.03285
38 0.03285
39 0.03285
40 0.03285
41 0.03285
42 0.03285
43 0.03285
44 0.03285
45 0.03285
46 0.03285
47 0.03285
48 0.03321
49 0.03321
50 0.03321
51 0.03321
52 0.03321
53 0.03321
54 0.03321
55 0.03321
56 0.03321
57 0.03321
58 0.03321
59 0.03321
60 0.03321
61 0.03321
62 0.03321
63 0.03321
64 0.03321
65 0.03321
66 0.03351
67 0.03351
68 0.03351
69 0.03351
70 0.03351
71 0.03351
72 0.04126
73 0.04126
74 0.04126
75 0.04126
76 0.04126
77 0.04126
78 0.04363
79 0.04363
80 0.04363
81 0.04363
82 0.04363
83 0.04363
84 0.04383
85 0.04383
86 0.04383
87 0.04383
88 0.04383
89 0.04383
90 0.04620
91 0.04620
92 0.04620
93 0.04620
94 0.04620
95 0.04620
96 0.04615
97 0.04615
98 0.04615
99 0.04615
100 0.04615
101 0.04615
102 0.04620
103 0.04620
104 0.04620
105 0.04620
106 0.04620
107 0.04620
108 0.04781
109 0.04781
110 0.04781
111 0.04781
112 0.04781
113 0.04781
114 0.04823
115 0.04823
116 0.04823
117 0.04823
118 0.04823
119 0.04823
120 0.04823
121 0.04823
122 0.04823
123 0.04823
124 0.04823
125 0.04823
126 0.04823
127 0.04823
128 0.04823
129 0.04823
130 0.04823
131 0.04823
132 0.04823
133 0.04823
134 0.04823
135 0.04823
136 0.04823
137 0.04823
138 0.04823
139 0.04823
140 0.04823
141 0.04823
142 0.04823
143 0.04823
144 0.04823
145 0.04823
146 0.04823
147 0.04823
148 0.04823
149 0.04823
150 0.04823
151 0.04823
152 0.04823
153 0.04823
154 0.04823
155 0.04823
156 0.04823
157 0.04823
158 0.04823
159 0.04823
160 0.04823
161 0.04823
162 0.04781
163 0.04781
164 0.04781
165 0.04781
166 0.04781
167 0.04781
168 0.04781
169 0.04781
170 0.04781
171 0.04781
172 0.04781
173 0.04781
174 0.04781
175 0.04781
176 0.04781
177 0.04781
178 0.04781
179 0.04781
180 0.04781
181 0.04781
182 0.04781
183 0.04781
184 0.04781
185 0.04781
186 0.04823
187 0.04823
188 0.04823
189 0.04823
190 0.04823
191 0.04823
192 0.04823
193 0.04823
194 0.04823
195 0.04823
196 0.04823
197 0.04823
198 0.04823
199 0.04823
200 0.04823
201 0.04823
202 0.04823
203 0.04823
204 0.04823
205 0.04823
206 0.04823
207 0.04823
208 0.04823
209 0.04823
210 0.04940
211 0.04940
212 0.04940
213 0.04940
214 0.04940
215 0.04940
216 0.06886
217 0.06886
218 0.06886
219 0.06886
220 0.06886
221 0.06886
222 0.27520
223 0.27520
224 0.27520
225 0.27520
226 0.27520
227 0.27520
228 0.27101
229 0.27101
230 0.27101
231 0.27101
232 0.27101
233 0.27101
234 0.15037
235 0.15037
236 0.15037
237 0.15037
238 0.15037
239 0.15037
240 0.04940
241 0.04940
242 0.04940
243 0.04940
244 0.04940
245 0.04940
246 0.04940
247 0.04940
248 0.04940
249 0.04940
250 0.04940
251 0.04940
252 0.04823
253 0.04823
254 0.04823
255 0.04823
256 0.04823
257 0.04823
258 0.04781
259 0.04781
260 0.04781
261 0.04781
262 0.04781
263 0.04781
264 0.04620
265 0.04620
266 0.04620
267 0.04620
268 0.04620
269 0.04620
270 0.04479
271 0.04479
272 0.04479
273 0.04479
274 0.04479
275 0.04479
276 0.04615
277 0.04615
278 0.04615
279 0.04615
280 0.04615
281 0.04615
282 0.04615
283 0.04615
284 0.04615
285 0.04615
286 0.04615
287 0.04615
