5
4
70
0 150 0.1 0.1
2180 2137 2122 2138
1 190 0.1 0.0
2077 2080 2193 2088
2 190 0.1 0.0
2175 2127 2103 2064
3 120 0.1 0.1
2144 1984 2087 2143
4 170 0.1 0.1
2135 2060 2139 2145
5 130 0.0 0.1
2107 2151 2121 2169
6 130 0.0 0.1
2130 2207 2084 2120
7 170 0.1 0.1
2140 2134 2174 2052
8 150 0.1 0.1
2023 2110 2161 2167
9 130 0.0 0.1
2099 2079 2097 2039
10 120 0.1 0.1
2112 2039 2065 2123
11 150 0.1 0.1
2148 2207 2163 2193
12 120 0.1 0.1
2139 2079 2104 2160
13 170 0.1 0.1
2158 2052 2179 2164
14 120 0.1 0.1
2125 2144 2155 2148
15 120 0.1 0.1
2066 2178 2082 2118
16 150 0.1 0.1
2101 2153 2085 2197
17 190 0.1 0.0
2162 2176 2089 2135
18 120 0.1 0.1
2092 2128 2155 2056
19 150 0.1 0.1
2160 2127 2183 2166
20 170 0.1 0.1
2105 2186 2169 2068
21 130 0.0 0.1
2116 2099 2137 2102
22 120 0.1 0.1
2058 2114 2150 2081
23 170 0.1 0.1
2066 2165 2071 2123
24 150 0.1 0.1
2123 2165 2105 2171
25 190 0.1 0.0
2235 2144 2105 2165
26 170 0.1 0.1
2124 2104 2114 2153
27 190 0.1 0.0
2130 2197 2139 2122
28 150 0.1 0.1
2078 2117 2164 2093
29 170 0.1 0.1
2080 2113 2148 2073
30 190 0.1 0.0
2075 2151 2125 2186
31 120 0.1 0.1
2149 2130 2186 2138
32 120 0.1 0.1
2135 2107 2136 2071
33 130 0.0 0.1
2107 2191 2145 2061
34 190 0.1 0.0
2167 2171 2155 2078
35 120 0.1 0.1
2020 2179 2047 2106
36 120 0.1 0.1
2169 2115 2178 2186
37 130 0.0 0.1
2070 2106 2099 2084
38 130 0.0 0.1
2040 2140 2049 2220
39 120 0.1 0.1
2158 2097 2102 2122
40 130 0.0 0.1
2085 2126 2076 2059
41 120 0.1 0.1
2181 2068 2139 2173
42 150 0.1 0.1
2054 2042 2178 2058
43 120 0.1 0.1
2118 2160 2162 2162
44 130 0.0 0.1
2132 2157 2106 2078
45 150 0.1 0.1
2073 2127 2226 2114
46 170 0.1 0.1
1986 2152 2135 2119
47 170 0.1 0.1
2057 2137 2086 2128
48 190 0.1 0.0
2175 2178 2081 2055
49 150 0.1 0.1
2161 2162 2131 2083
50 120 0.1 0.1
2183 2123 2199 2191
51 170 0.1 0.1
2174 2152 2185 2167
52 130 0.0 0.1
2140 2149 2101 2129
53 170 0.1 0.1
2039 2033 2055 2110
54 130 0.0 0.1
2097 2174 2129 2080
55 130 0.0 0.1
2192 2216 2088 2217
56 170 0.1 0.1
2111 2075 2040 2142
57 130 0.0 0.1
2090 2138 2138 2150
58 130 0.0 0.1
2125 2182 2108 2127
59 120 0.1 0.1
2042 2110 2113 2147
60 170 0.1 0.1
2121 2121 2111 2108
61 120 0.1 0.1
2145 2086 2126 2151
62 120 0.1 0.1
2049 2048 2122 2243
63 150 0.1 0.1
2171 2151 2080 2038
64 120 0.1 0.1
2080 2147 2083 2160
65 190 0.1 0.0
2120 2163 2087 2204
66 190 0.1 0.0
2084 2075 2154 2188
67 130 0.0 0.1
2182 2212 2102 2124
68 120 0.1 0.1
2160 2190 2108 2083
69 190 0.1 0.0
2121 2117 2148 2151
2000
0 44 156 274 59.20
78 416 57 55
1 14 170 273 242.44
676 115 156 153
2 44 109 251 235.19
670 94 89 127
3 150 1 233 101.82
290 39 45 48
4 12 10 61 17.04
24 31 135 23
5 8 103 245 55.52
75 163 366 82
6 57 125 288 10.52
18 20 17 100
7 3 48 242 65.17
111 106 90 710
8 100 168 272 54.30
91 109 102 496
9 17 11 222 30.86
45 46 62 416
10 92 143 288 12.79
18 25 98 19
11 8 0 270 28.34
38 51 238 40
12 9 205 257 56.89
97 85 134 530
13 69 25 273 87.92
138 174 366 540
14 57 10 139 411.08
1170 182 173 149
15 2 122 214 210.34
320 366 980 1376
16 100 71 249 229.01
653 91 105 80
17 32 228 287 457.97
683 1809 1693 1033
18 28 56 227 225.47
313 795 1159 470
19 23 19 153 146.68
232 187 1053 301
20 44 20 267 61.47
92 235 264 84
21 89 55 288 19.59
28 24 169 28
22 2 79 269 77.19
215 39 44 56
23 131 74 288 60.03
166 35 38 39
24 3 50 227 299.52
847 142 140 129
25 54 63 180 23.38
33 25 209 36
26 89 101 240 99.77
172 186 247 768
27 125 22 209 130.30
355 85 99 99
28 1 53 81 255.93
427 460 973 1542
29 61 4 111 134.88
171 332 1053 220
30 136 85 234 384.75
1079 203 195 200
31 48 4 183 318.80
538 1280 908 322
32 22 24 237 55.19
80 320 91 77
33 8 6 233 3.68
10 3 2 3
34 94 107 280 95.87
148 139 253 1068
35 14 190 231 186.44
299 247 992 990
36 163 44 288 41.37
54 69 362 66
37 34 153 225 533.10
1191 1441 561 473
38 24 111 288 74.66
113 148 138 862
39 7 167 262 147.69
412 90 74 73
40 13 182 286 105.79
117 823 111 154
41 36 109 214 11.82
17 14 103 15
42 97 108 287 274.93
408 455 1673 1228
43 25 256 287 525.88
1233 1304 368 376
44 178 22 279 11.28
21 17 15 103
45 7 80 253 263.32
408 915 1158 386
46 21 10 288 59.96
91 87 379 248
47 28 1 242 3.11
9 1 1 1
48 36 109 288 9.75
14 62 10 11
49 56 23 221 251.92
353 590 1181 1602
50 15 49 233 63.17
115 94 92 601
51 18 27 286 74.59
140 137 96 598
52 74 5 176 113.03
198 174 165 1166
53 1 146 285 436.73
1203 310 243 250
54 73 109 242 11.44
21 20 20 91
55 26 178 288 196.94
544 113 129 133
56 32 6 279 134.69
187 883 144 153
57 2 115 287 206.17
284 416 951 1611
58 31 9 117 56.87
159 32 31 26
59 24 8 190 40.14
66 63 85 418
60 32 44 279 295.32
675 813 225 176
61 33 236 287 103.90
156 114 880 117
62 3 0 88 249.89
689 171 156 119
63 30 227 287 480.60
1329 383 187 238
64 75 25 237 289.98
811 143 170 166
65 12 275 288 93.82
262 53 52 45
66 4 106 243 124.57
319 201 64 82
67 22 190 279 26.90
41 42 201 38
68 17 14 285 185.14
523 82 80 118
69 67 1 232 1.63
3 3 3 12
70 9 3 102 602.62
1292 1681 943 521
71 88 8 258 339.87
630 1433 488 308
72 110 7 128 100.10
161 209 221 919
73 52 6 219 44.91
63 86 302 159
74 66 43 272 150.88
215 486 865 196
75 3 67 269 22.09
61 13 15 13
76 36 243 287 73.20
119 149 117 755
77 27 31 224 48.54
79 71 204 330
78 22 43 282 229.86
353 1350 275 199
79 23 64 144 67.13
107 79 457 196
80 11 222 270 50.54
133 59 37 29
81 7 203 279 223.65
347 386 1117 1228
82 84 16 172 43.61
64 94 95 480
83 162 11 287 69.45
195 36 36 33
84 127 7 178 622.80
1187 1826 1543 1211
85 70 77 288 89.17
122 579 114 106
86 26 55 219 56.75
88 87 104 704
87 9 3 159 181.51
316 233 639 1291
88 4 15 284 244.77
427 356 979 1369
89 20 5 248 115.41
319 77 67 60
90 35 204 287 28.15
38 149 86 42
91 61 12 235 104.06
141 255 748 175
92 49 105 211 11.44
19 56 18 15
93 47 25 170 233.21
589 379 155 190
94 4 0 18 6.54
12 9 12 58
95 117 68 253 13.50
19 86 17 14
96 14 105 212 591.77
1373 1376 639 450
97 33 118 244 2.15
4 4 4 15
98 51 44 211 55.34
155 29 28 32
99 39 75 285 295.20
765 436 165 162
100 27 146 225 152.91
249 270 612 960
101 15 90 286 17.84
50 10 9 8
102 2 108 163 208.29
324 812 777 301
103 52 177 286 148.26
385 216 84 77
104 45 211 288 65.20
184 29 37 26
105 68 94 219 28.41
52 55 42 227
106 32 6 280 41.96
75 73 124 261
107 28 82 277 21.02
25 154 26 27
108 39 24 230 186.11
312 273 989 722
109 183 16 262 73.20
202 42 50 48
110 59 66 288 60.05
82 79 532 96
111 31 210 276 170.35
261 399 1026 316
112 42 29 275 240.08
353 1083 840 303
113 23 41 235 88.09
113 130 802 157
114 9 79 201 49.22
137 24 32 32
115 24 23 213 21.45
32 31 171 26
116 66 2 157 39.55
108 28 28 24
117 45 1 199 29.10
46 46 207 37
118 131 14 288 225.97
643 89 101 105
119 19 5 242 270.16
472 471 1046 1336
120 12 37 124 257.61
355 1182 1072 257
121 43 196 261 22.51
37 37 51 223
122 28 36 272 84.78
235 54 48 45
123 8 229 279 551.34
1243 1564 406 459
124 8 68 241 26.71
36 51 218 39
125 38 57 288 5.07
6 37 7 6
126 116 45 187 212.35
303 1057 654 278
127 11 19 168 154.89
230 590 674 226
128 62 87 215 31.71
51 69 70 283
129 21 0 40 8.90
25 4 5 5
130 42 153 288 9.25
13 58 13 10
131 47 188 283 461.25
1312 221 175 166
132 15 104 157 42.85
61 62 343 90
133 21 2 40 58.71
105 104 117 472
134 32 10 77 345.93
964 189 203 191
135 3 68 198 324.58
591 1312 644 257
136 5 110 272 296.73
808 255 176 146
137 45 0 137 313.25
888 141 134 152
138 37 35 147 115.96
186 214 748 172
139 10 50 218 458.70
1303 193 202 214
140 15 1 182 27.94
77 17 17 21
141 12 0 259 101.77
171 533 97 126
142 132 41 240 162.39
424 224 91 92
143 122 11 271 17.44
24 110 26 21
144 43 92 250 33.18
60 55 56 289
145 11 7 245 348.36
976 190 157 215
146 18 46 106 12.98
25 22 18 98
147 29 181 288 634.31
1224 1772 1692 1045
148 27 28 264 257.92
343 1251 1006 363
149 95 87 288 16.71
27 35 27 171
150 20 147 237 705.76
1510 1581 1354 1318
151 61 31 200 59.70
78 390 104 60
152 39 3 231 10.78
29 8 9 9
153 2 180 231 57.39
101 100 176 366
154 4 56 206 165.23
266 331 725 835
155 6 22 277 155.98
437 88 70 88
156 51 31 281 0.64
1 1 1 8
157 146 15 288 22.02
37 28 148 35
158 52 148 253 280.10
379 1261 1111 559
159 42 38 176 310.63
505 1191 1068 385
160 47 203 287 480.01
1311 402 271 240
161 2 151 220 0.59
1 1 1 6
162 28 183 283 122.28
336 77 86 75
163 8 82 118 461.89
1015 1393 405 375
164 58 7 260 15.76
25 34 35 146
165 38 153 272 224.31
332 588 1387 320
166 95 4 246 173.27
334 732 149 173
167 72 5 279 187.81
531 98 83 65
168 211 4 282 8.71
12 57 10 10
169 30 22 227 4.74
9 8 10 31
170 71 71 240 106.97
186 201 139 1048
171 67 99 287 31.55
41 219 33 40
172 31 7 220 47.85
85 66 88 464
173 81 39 267 604.44
1444 1382 443 367
174 16 127 275 137.12
206 350 835 207
175 34 128 282 490.77
938 1386 1480 548
176 8 68 236 86.46
237 58 62 48
177 78 78 233 55.74
92 108 109 532
178 6 127 188 0.83
1 6 1 1
179 77 20 230 21.54
26 157 28 22
180 8 10 20 42.95
77 54 188 204
181 54 56 197 10.57
19 22 19 78
182 62 3 246 242.53
620 382 142 168
183 55 47 181 70.65
96 281 358 91
184 28 16 128 51.13
89 75 103 490
185 75 59 225 29.64
54 40 55 270
186 64 9 232 25.67
36 161 37 27
187 7 49 125 449.50
1144 689 347 272
188 117 10 197 276.70
779 142 138 118
189 47 66 279 52.81
149 28 21 26
190 11 62 244 36.98
66 63 75 304
191 22 2 288 46.91
85 88 94 346
192 55 7 124 512.69
1039 1410 1227 497
193 3 161 287 160.22
429 177 89 75
194 37 1 275 161.95
452 90 91 83
195 7 5 264 8.31
11 53 13 13
196 49 44 247 151.28
370 298 100 137
197 4 2 63 71.97
201 43 38 31
198 81 9 173 200.13
564 93 107 92
199 31 17 108 62.60
81 411 96 94
200 70 87 249 226.53
354 328 1421 818
201 18 258 288 3.61
7 6 7 23
202 3 73 180 14.75
23 30 24 165
203 63 90 229 332.74
531 773 1489 1370
204 10 0 288 95.07
176 135 177 806
205 14 224 287 81.39
158 134 109 617
206 96 132 287 14.37
25 24 26 135
207 2 10 67 378.50
843 1092 343 276
208 40 33 152 118.41
204 200 224 1114
209 13 48 199 122.00
189 181 877 227
210 26 12 85 364.57
982 350 229 194
211 85 166 287 36.32
54 70 137 299
212 12 86 144 141.70
392 92 74 93
213 25 62 261 179.76
501 99 115 77
214 41 0 245 77.33
99 543 84 94
215 12 0 74 167.56
302 299 441 1094
216 130 75 288 16.82
32 29 25 128
217 149 8 241 232.31
381 397 919 1482
218 82 14 137 136.63
217 271 393 1153
219 124 18 287 1.56
3 3 3 9
220 107 4 248 480.74
1144 1107 379 278
221 13 78 173 144.48
409 61 71 72
222 58 35 102 272.19
403 852 1459 419
223 12 217 288 122.09
189 237 404 1009
224 27 21 205 247.72
375 882 1148 306
225 73 67 209 206.05
313 988 550 286
226 12 49 266 549.22
1280 1223 626 434
227 31 166 287 99.91
164 203 310 709
228 54 51 288 349.12
740 1149 329 330
229 50 42 174 110.22
155 512 414 137
230 47 9 267 20.46
22 134 66 25
231 64 30 160 237.01
650 184 143 106
232 10 2 274 337.79
535 826 1541 1265
233 28 44 196 200.93
275 614 1085 653
234 6 8 228 16.33
27 23 113 19
235 76 39 287 39.05
67 68 70 373
236 25 27 119 97.83
109 774 94 110
237 18 138 288 26.43
37 37 228 35
238 68 182 287 93.85
135 129 771 158
239 52 83 246 15.31
26 30 30 135
240 31 137 210 111.09
136 232 956 196
241 22 45 225 205.70
307 622 1159 235
242 70 18 288 43.49
53 112 352 61
243 9 80 141 183.80
314 276 995 575
244 104 149 288 337.84
538 786 1629 1169
245 29 211 268 45.97
55 330 65 58
246 79 41 223 129.19
174 828 191 173
247 19 191 261 431.00
1229 187 151 196
248 12 41 183 365.19
658 1572 635 278
249 8 94 286 384.09
680 1567 811 434
250 13 32 287 116.71
210 190 433 570
251 71 67 287 106.94
130 544 464 152
252 37 38 151 215.58
245 1236 878 242
253 7 104 275 288.69
728 461 222 215
254 27 42 239 422.46
651 1442 1627 1209
255 14 5 213 62.39
110 105 358 73
256 28 13 134 421.70
867 1417 572 338
257 201 1 260 133.63
207 302 477 905
258 52 152 280 130.77
204 143 1050 157
259 44 88 287 267.90
758 122 126 123
260 27 17 228 200.08
561 102 105 109
261 31 79 147 109.66
254 265 107 82
262 103 155 287 128.51
192 769 148 155
263 5 10 219 69.19
184 84 37 30
264 22 2 237 23.13
45 30 42 176
265 4 0 122 300.96
483 800 1135 1322
266 49 57 287 27.92
79 15 10 12
267 2 7 267 39.64
51 63 355 67
268 67 61 259 21.66
29 136 36 32
269 182 3 236 41.22
57 267 52 44
270 67 40 245 108.71
164 315 610 146
271 69 101 288 135.28
371 91 86 94
272 57 69 232 117.61
211 195 165 1115
273 32 204 281 453.25
833 1590 1106 564
274 25 58 286 97.22
120 682 142 110
275 28 112 286 106.89
163 203 568 503
276 28 123 256 8.64
12 54 13 10
277 91 76 288 82.73
142 141 167 761
278 62 6 253 3.61
6 5 6 42
279 12 77 145 12.34
18 21 96 16
280 196 34 287 17.93
43 40 12 14
281 6 128 255 317.45
464 1098 1278 1107
282 8 0 80 293.36
379 1149 1527 625
283 3 0 16 108.40
130 592 419 160
284 20 105 178 301.26
590 1242 272 237
285 61 32 237 161.17
454 82 76 76
286 12 100 287 199.94
551 127 119 140
287 22 35 288 206.12
574 114 105 147
288 64 94 206 226.56
632 111 143 134
289 23 7 47 534.09
920 1838 1640 960
290 19 24 238 278.16
770 197 136 145
291 38 51 285 257.25
342 1339 897 303
292 138 46 269 25.74
43 56 42 237
293 26 0 56 174.26
459 206 118 105
294 100 108 262 148.85
165 1036 335 220
295 84 18 220 137.67
232 230 395 1106
296 5 229 281 685.42
1451 1430 1540 1363
297 5 97 207 2.24
4 4 4 19
298 153 11 264 227.33
641 121 87 123
299 21 195 287 321.34
457 1389 1274 505
300 92 31 176 93.42
122 656 94 95
301 81 93 287 65.95
103 145 112 694
302 27 0 84 393.65
1045 457 208 265
303 4 82 163 247.70
688 159 132 124
304 36 53 256 108.59
299 70 70 66
305 38 28 144 20.53
59 7 8 7
306 18 5 232 0.57
1 1 1 5
307 23 222 275 323.54
523 1020 1142 1045
308 104 35 230 173.13
438 279 121 126
309 28 79 266 25.18
44 46 40 233
310 150 56 286 102.62
108 802 146 139
311 61 11 272 136.01
209 242 506 1100
312 2 201 277 309.47
631 1076 365 323
313 51 189 288 39.29
47 280 58 51
314 15 56 242 190.36
458 425 140 100
315 10 111 212 96.13
164 145 250 843
316 56 4 198 117.54
310 143 67 78
317 103 1 164 17.53
49 8 11 11
318 79 176 288 101.94
287 48 51 56
319 2 148 288 588.63
1383 1168 773 533
320 123 1 234 52.46
96 107 88 382
321 57 1 263 1.93
2 16 2 2
322 115 67 286 8.78
15 15 16 85
323 81 4 137 231.60
644 133 137 126
324 73 14 105 428.03
922 1441 280 348
325 111 57 191 12.22
21 21 18 125
326 31 23 271 102.46
149 146 828 162
327 60 5 262 54.01
80 97 399 80
328 12 129 268 426.52
1213 181 178 194
329 1 0 250 330.31
664 1158 456 316
330 59 155 284 388.27
633 1241 1609 651
331 32 69 181 144.77
209 285 905 544
332 53 15 166 150.34
242 226 480 1345
333 80 109 267 104.42
187 151 348 658
334 59 96 215 47.41
66 309 52 54
335 58 134 230 55.05
73 85 487 82
336 56 182 288 467.93
1239 560 290 224
337 16 45 227 196.99
287 352 1051 1172
338 19 4 46 180.05
259 744 759 254
339 102 134 260 0.50
1 1 1 2
340 94 16 249 0.61
1 1 1 7
341 152 1 264 9.67
13 66 9 12
342 34 14 71 58.52
109 104 83 476
343 64 64 253 288.97
744 418 184 208
344 52 15 196 24.28
67 16 15 13
345 65 32 197 290.08
512 497 1183 1268
346 4 216 288 244.80
523 809 225 175
347 26 166 281 241.78
408 352 989 1500
348 54 15 270 192.60
533 106 130 122
349 78 11 247 212.92
597 113 114 98
350 25 253 287 51.51
72 84 430 63
351 32 109 244 553.47
1264 1396 562 447
352 96 37 181 153.59
261 203 551 1144
353 28 79 211 325.24
475 1067 1388 1156
354 165 82 288 11.28
21 18 18 94
355 37 7 133 60.36
105 91 111 593
356 12 90 288 259.78
372 774 1414 651
357 86 47 287 67.77
92 334 242 98
358 43 161 278 132.19
221 186 845 260
359 11 170 288 29.76
46 51 49 366
360 61 0 131 154.14
421 100 109 120
361 61 26 162 36.72
63 73 99 257
362 37 124 240 49.25
78 85 98 544
363 37 154 264 263.25
748 101 121 139
364 28 21 110 51.04
69 339 61 58
365 54 110 288 204.42
326 308 835 1505
366 20 85 211 31.17
49 51 181 120
367 9 57 234 31.27
50 59 48 352
368 116 1 232 69.94
194 44 41 34
369 108 121 287 29.00
53 37 52 272
370 101 54 216 344.47
714 1052 537 372
371 158 25 204 9.18
12 59 16 12
372 24 71 281 87.97
157 152 150 774
373 15 10 118 546.39
964 1866 1391 1279
374 13 29 248 48.16
70 76 367 99
375 24 47 275 75.32
124 400 83 90
376 8 20 280 182.22
277 379 1086 535
377 218 44 280 26.31
73 16 13 19
378 22 17 287 91.06
256 48 44 43
379 81 13 134 2.12
6 1 1 1
380 42 157 216 19.75
27 29 173 26
381 4 42 286 37.99
47 103 296 51
382 49 114 268 575.55
1311 1238 878 567
383 10 3 133 40.68
61 229 60 63
384 23 74 251 34.76
71 133 27 26
385 50 80 287 240.45
454 1081 206 179
386 68 30 231 295.72
479 1173 981 345
387 7 207 288 263.70
448 1384 265 221
388 29 33 275 268.91
573 878 255 230
389 95 35 287 154.02
226 201 1102 556
390 4 1 75 83.65
135 142 128 973
391 130 3 262 55.26
155 30 26 30
392 35 18 122 16.94
31 26 23 160
393 50 128 271 139.72
182 635 645 178
394 6 2 232 7.81
14 13 12 72
395 2 159 273 532.51
1079 1510 1250 431
396 114 29 167 50.03
87 84 190 270
397 24 92 230 101.44
158 271 552 170
398 17 190 287 63.76
102 85 367 285
399 16 52 207 44.50
50 327 72 61
400 82 28 261 333.00
917 222 218 172
401 55 40 287 128.51
206 183 347 1319
402 65 148 252 134.01
375 71 66 84
403 37 17 287 4.37
6 28 6 5
404 99 54 288 103.97
186 197 174 863
405 175 40 263 363.58
967 401 218 231
406 40 107 287 167.92
472 74 94 98
407 12 71 270 151.47
227 764 364 221
408 16 2 86 539.40
1286 1251 378 346
409 60 20 126 66.73
102 98 481 144
410 50 137 241 419.13
1186 210 162 204
411 17 30 271 61.26
169 42 33 38
412 5 51 230 422.01
714 1180 1518 1312
413 75 176 287 141.51
239 228 333 1301
414 49 111 266 353.98
985 214 199 171
415 92 23 261 0.97
1 8 1 1
416 39 122 288 34.19
95 20 20 19
417 6 34 137 241.89
582 557 147 138
418 52 4 205 182.76
398 581 153 124
419 102 116 277 80.89
221 60 47 60
420 17 75 288 590.37
1431 1186 489 449
421 90 0 245 249.59
709 107 116 98
422 41 5 100 116.47
161 419 618 189
423 45 233 286 22.13
38 36 35 228
424 18 85 251 1.37
2 2 11 2
425 65 11 134 66.57
108 106 385 221
426 20 0 216 169.29
305 783 190 175
427 83 16 141 188.92
532 94 85 106
428 37 59 182 46.60
130 25 26 28
429 44 121 246 18.67
26 29 156 28
430 5 0 7 18.31
31 34 37 166
431 51 172 283 241.30
318 1132 998 382
432 20 71 171 12.39
21 18 22 133
433 56 185 288 104.77
170 216 203 1006
434 83 1 273 20.79
29 34 173 27
435 115 51 265 35.61
41 278 36 29
436 16 1 106 316.22
885 192 148 139
437 6 38 268 316.25
893 159 142 139
438 43 9 268 155.10
189 973 400 208
439 85 62 287 116.19
171 238 343 1130
440 7 36 244 582.52
1292 1483 863 423
441 69 3 218 187.41
239 949 756 237
442 47 35 282 99.41
280 46 52 51
443 93 17 120 133.61
205 767 144 203
444 65 93 284 88.56
109 625 122 108
445 64 1 82 183.18
321 329 691 900
446 136 39 223 123.62
149 927 125 122
447 80 8 288 250.93
393 382 1399 1188
448 59 57 196 63.85
116 97 124 543
449 55 8 166 64.66
107 94 377 206
450 14 20 253 183.25
313 326 677 1052
451 49 9 287 27.75
77 14 19 18
452 9 62 181 70.89
200 38 28 34
453 17 80 205 12.79
36 6 7 6
454 3 1 149 7.10
20 4 3 3
455 124 46 217 13.66
38 7 9 8
456 32 12 148 387.58
961 742 221 303
457 25 76 287 178.68
273 732 660 234
458 39 6 148 22.30
30 30 198 39
459 28 23 122 230.64
317 1075 897 317
460 8 225 277 10.24
16 21 20 107
461 69 42 257 132.62
199 247 368 1357
462 47 26 158 246.61
681 178 131 121
463 91 54 285 5.85
10 9 8 65
464 52 119 264 109.89
173 158 648 465
465 45 13 276 271.18
762 151 134 103
466 73 27 197 104.87
298 49 40 45
467 47 17 286 135.94
372 94 91 89
468 178 29 226 27.77
77 17 17 14
469 14 219 288 453.18
1286 201 210 178
470 5 107 277 34.73
65 54 58 284
471 41 59 211 267.26
728 226 151 154
472 3 114 139 348.41
477 1544 1237 981
473 25 84 198 83.04
115 277 482 114
474 30 1 75 684.79
1387 1812 1539 1088
475 16 95 165 139.53
396 61 61 64
476 18 28 117 166.88
232 879 494 199
477 5 139 216 79.45
142 114 117 803
478 83 68 278 105.90
180 207 221 905
479 17 19 287 53.14
141 58 34 36
480 4 0 153 13.43
22 24 24 141
481 6 89 282 69.99
104 94 547 134
482 12 31 154 23.69
31 159 31 31
483 62 70 281 98.02
109 741 143 119
484 4 100 278 62.82
88 76 560 82
485 68 6 256 194.27
303 286 1133 867
486 3 45 285 32.63
39 238 41 41
487 2 67 203 59.77
76 427 65 58
488 14 207 287 153.52
255 271 390 1343
489 72 113 287 172.90
242 367 864 1110
490 31 45 287 61.82
103 113 91 657
491 44 1 133 56.42
73 88 511 83
492 32 1 52 241.40
627 336 154 136
493 12 140 178 13.50
36 11 12 11
494 138 0 282 70.72
95 479 71 88
495 18 92 285 5.69
10 8 7 63
496 41 2 178 41.15
72 66 58 422
497 11 72 246 65.91
112 135 116 588
498 2 119 288 170.68
210 1044 482 197
499 25 73 267 24.94
70 13 13 12
500 2 0 189 248.81
357 839 1135 759
501 20 119 237 164.14
276 226 660 1094
502 66 160 288 210.44
338 297 1079 1137
503 50 101 288 324.25
545 1239 945 504
504 40 26 288 33.77
39 249 42 54
505 79 52 247 252.25
685 240 138 104
506 144 10 239 493.48
1175 1145 310 408
507 55 52 287 62.37
166 72 36 31
508 6 63 159 107.32
248 267 85 105
509 58 126 287 61.23
103 88 114 661
510 26 156 287 720.20
1723 1423 851 428
511 42 82 187 137.12
209 204 805 663
512 45 154 287 30.35
84 19 17 19
513 46 2 243 126.69
183 550 499 159
514 27 55 288 207.30
494 455 188 128
515 74 39 239 242.93
677 144 129 127
516 32 230 288 34.52
47 224 42 49
517 104 33 276 27.94
46 56 46 280
518 18 4 97 218.82
615 114 98 125
519 107 130 287 73.55
129 147 119 632
520 36 59 271 155.95
369 372 105 117
521 33 206 262 585.77
1510 926 287 332
522 2 113 237 115.67
323 61 65 67
523 4 49 258 554.72
1239 1317 858 495
524 3 128 273 112.72
318 55 49 62
525 4 23 278 52.48
66 67 516 67
526 40 24 282 151.61
410 118 117 97
527 66 3 242 172.33
475 103 112 120
528 30 7 154 2.78
8 1 1 1
529 42 29 279 79.83
135 108 151 867
530 37 57 257 137.81
392 50 67 68
531 32 55 260 16.00
29 23 30 143
532 23 32 234 98.28
242 183 83 62
533 89 58 180 25.67
35 164 37 32
534 54 173 288 97.50
114 152 968 144
535 32 18 81 185.66
516 115 97 105
536 43 191 274 0.61
1 1 1 7
537 5 1 221 183.33
509 110 111 91
538 36 11 271 508.11
1055 1453 968 468
539 24 1 163 118.46
222 196 189 946
540 28 136 288 516.37
1386 597 205 278
541 32 69 239 206.54
582 103 100 96
542 12 120 217 114.21
284 202 86 86
543 10 24 237 252.79
385 561 1339 962
544 29 20 262 131.93
205 172 981 243
545 9 24 140 471.35
1293 403 237 190
546 39 4 64 27.70
30 213 38 39
547 13 4 222 211.48
335 330 1002 1278
548 97 3 191 216.95
613 106 101 92
549 4 230 287 346.57
581 1166 1217 621
550 13 2 131 10.95
18 21 21 107
551 4 133 256 427.37
1137 435 303 282
552 33 49 217 27.33
35 186 36 38
553 11 0 37 85.70
235 61 53 53
554 110 58 278 1.37
2 2 11 2
555 6 255 267 113.55
152 731 172 147
556 15 101 279 117.99
327 65 75 77
557 94 101 283 17.11
17 138 25 23
558 89 56 268 106.78
304 43 44 52
559 23 154 252 4.34
5 31 7 7
560 2 35 219 434.99
1166 441 258 271
561 73 27 186 168.95
463 124 107 92
562 11 22 287 586.88
1380 1361 522 424
563 8 13 240 109.91
146 550 409 146
564 53 16 223 12.62
22 21 16 132
565 36 52 266 36.43
53 52 291 64
566 59 6 234 11.59
20 22 21 103
567 14 23 210 601.37
1179 1603 1532 1106
568 40 62 276 428.50
1208 212 220 171
569 45 7 120 178.23
290 208 1080 709
570 1 145 287 509.41
822 1700 1758 1464
571 86 10 284 100.74
282 58 48 51
572 7 154 267 460.64
1005 1230 646 469
573 64 40 287 457.12
1267 317 235 213
574 45 39 167 6.58
11 12 13 63
575 20 24 155 5.24
9 10 8 50
576 77 24 136 10.93
18 20 22 107
577 192 46 275 102.62
231 283 93 80
578 50 15 160 170.80
295 237 687 1023
579 12 2 215 3.40
9 3 3 3
580 90 139 281 257.59
429 1417 197 265
581 72 175 266 34.64
66 65 52 245
582 24 10 159 103.66
277 99 71 76
583 67 4 186 134.83
378 72 68 70
584 19 46 118 197.44
307 343 807 1426
585 95 9 262 1.04
1 9 1 1
586 34 63 270 303.15
837 201 174 178
587 63 53 288 111.02
193 188 162 1115
588 48 125 231 66.17
87 457 70 75
589 40 104 287 240.31
410 325 1221 1027
590 20 12 146 16.47
27 33 36 149
591 8 36 200 328.42
747 916 253 206
592 27 3 286 105.29
230 310 109 94
593 59 163 286 233.19
571 463 170 159
594 25 32 222 91.60
253 51 66 55
595 10 3 177 196.52
245 864 986 334
596 58 107 240 206.99
396 875 203 197
597 23 146 199 296.07
368 1301 1424 644
598 3 5 106 40.45
58 63 244 225
599 22 123 178 168.15
256 245 989 829
600 33 127 280 102.72
141 656 130 151
601 69 96 232 189.06
275 312 869 1488
602 61 63 205 604.79
1437 1442 380 426
603 68 8 263 60.74
68 447 100 81
604 22 3 263 250.91
687 169 182 144
605 73 2 222 37.38
105 19 19 19
606 93 122 272 56.23
101 111 104 428
607 3 1 158 113.83
123 891 154 121
608 69 32 249 30.65
42 39 277 40
609 79 20 287 333.00
897 319 199 199
610 14 19 244 16.97
22 119 19 16
611 78 167 287 68.86
101 101 555 91
612 8 237 287 293.36
352 1618 1178 294
613 33 118 212 263.30
749 100 124 124
614 18 1 177 79.55
144 128 126 719
615 64 144 287 77.45
111 346 292 106
616 8 58 281 651.40
1575 1421 424 444
617 8 68 238 12.03
17 75 15 17
618 5 5 226 46.27
99 149 44 40
619 69 6 258 77.73
114 97 657 93
620 70 215 288 36.01
54 45 293 49
621 82 6 164 119.00
319 128 64 65
622 4 15 272 38.18
45 282 49 44
623 115 10 226 235.97
557 535 215 167
624 65 138 287 64.96
101 112 273 457
625 129 6 228 118.43
330 57 84 60
626 26 2 48 186.61
517 105 121 113
627 38 169 282 206.00
579 86 122 122
628 10 109 260 157.68
284 243 408 1161
629 97 33 288 406.46
646 1306 1228 1807
630 79 22 263 95.66
265 55 63 53
631 57 82 264 52.69
147 31 28 26
632 49 65 276 342.32
960 168 186 191
633 30 93 275 223.68
325 596 1066 1009
634 88 0 276 121.03
195 195 603 608
635 31 4 234 119.47
337 62 53 53
636 109 16 229 14.02
18 94 20 20
637 19 251 287 226.98
628 149 133 114
638 25 3 264 43.25
73 51 301 56
639 53 144 210 47.31
69 86 271 239
640 72 16 160 47.12
133 23 21 24
641 93 7 260 148.87
243 232 483 1245
642 39 8 206 115.74
184 232 747 139
643 26 1 143 637.85
1497 1222 983 441
644 65 169 277 161.66
449 96 90 97
645 16 22 268 71.29
201 31 42 30
646 8 6 260 182.45
314 239 701 1217
647 24 30 152 543.35
996 1748 1615 608
648 110 6 284 143.00
243 277 794 239
649 20 17 220 187.24
322 305 572 1368
650 124 25 243 142.86
403 77 53 75
651 54 58 280 13.59
22 21 25 155
652 3 222 273 250.41
362 739 1367 593
653 26 3 251 512.10
962 1548 1296 998
654 54 74 261 2.12
6 1 1 1
655 59 15 190 492.38
1158 1194 314 444
656 14 2 249 40.26
58 63 327 51
657 28 30 186 93.09
147 120 698 131
658 30 82 199 138.68
387 78 73 79
659 95 106 288 498.56
984 1321 1280 829
660 39 4 283 734.01
1592 1726 1418 804
661 94 20 234 142.95
223 232 1018 204
662 31 50 228 414.34
647 1135 1828 1440
663 91 77 264 56.70
71 85 529 96
664 4 134 288 622.06
1218 1766 1342 1328
665 51 10 113 199.68
259 1127 567 321
666 16 13 33 625.30
1477 1111 990 508
667 34 5 269 25.37
70 16 16 15
668 122 23 158 48.21
135 22 28 31
669 56 11 222 42.17
75 58 76 411
670 80 151 287 18.90
31 29 28 224
671 7 72 192 0.47
1 1 1 1
672 8 91 232 206.03
311 434 1317 441
673 1 160 277 29.24
34 219 36 34
674 2 22 264 72.44
116 110 426 264
675 10 150 253 79.83
125 95 621 106
676 74 91 283 75.32
127 121 131 789
677 72 160 287 40.82
116 16 20 18
678 16 179 259 349.54
708 1150 571 309
679 7 1 221 32.28
52 52 59 366
680 38 1 149 389.59
691 1328 1205 442
681 6 155 271 386.92
1030 460 207 183
682 13 34 251 126.29
187 243 727 551
683 61 12 246 182.00
439 402 103 155
684 51 22 100 38.11
53 52 326 65
685 84 65 273 23.83
40 37 42 255
686 14 14 81 74.05
108 103 506 305
687 11 127 262 47.05
57 348 46 60
688 123 148 288 23.24
43 45 43 162
689 100 0 161 1.51
2 9 3 3
690 59 96 288 79.85
146 120 104 772
691 40 137 288 103.17
163 155 730 165
692 19 19 287 11.04
32 3 4 3
693 132 7 183 145.85
410 83 68 56
694 85 14 275 13.05
18 19 111 22
695 10 54 216 3.37
6 5 20 4
696 37 103 288 297.96
372 1067 1474 1270
697 4 28 161 261.86
432 370 1333 1273
698 10 164 274 125.72
206 207 433 957
699 11 139 288 41.44
44 330 53 44
700 59 95 259 424.98
877 1201 848 433
701 60 198 287 298.81
843 156 140 113
702 9 71 224 82.50
136 121 150 929
703 17 14 187 41.67
71 64 117 346
704 20 168 283 69.33
75 539 91 89
705 55 103 263 136.60
198 802 207 197
706 49 69 235 71.00
109 153 142 740
707 67 6 197 123.67
167 773 208 168
708 34 31 127 150.38
232 890 141 173
709 28 6 267 11.09
19 21 19 103
710 11 20 228 24.71
32 31 235 36
711 29 22 236 202.46
261 834 1041 342
712 6 38 256 528.10
1411 576 292 314
713 42 160 268 8.02
23 3 3 3
714 9 3 238 391.38
1104 194 174 200
715 62 2 93 4.34
5 32 6 6
716 1 19 220 63.07
178 31 28 32
717 50 1 232 3.23
6 6 5 25
718 113 113 274 92.12
153 148 428 462
719 63 93 287 2.78
8 1 1 1
720 11 0 72 298.08
837 142 144 200
721 56 53 244 319.62
882 213 187 184
722 13 124 268 211.50
602 89 88 92
723 42 11 201 432.89
1224 222 172 199
724 15 14 186 77.96
131 124 115 868
725 44 15 287 73.86
207 43 31 41
726 46 22 250 187.22
427 517 145 115
727 31 112 209 517.06
1284 991 363 237
728 35 8 273 66.57
108 124 122 693
729 101 50 287 71.29
118 124 254 489
730 10 83 287 108.99
142 557 409 142
731 139 73 287 69.73
111 131 128 752
732 2 66 251 99.65
123 710 107 157
733 17 92 270 143.02
398 88 66 93
734 14 50 280 393.83
973 693 354 281
735 111 170 288 7.01
13 13 13 50
736 27 35 172 121.31
337 70 66 81
737 26 13 283 225.80
343 414 1064 1397
738 18 33 218 92.43
260 51 40 44
739 92 33 279 342.44
502 1203 1249 1377
740 3 40 287 604.18
1142 1420 1898 1560
741 7 13 102 46.16
81 84 69 432
742 8 203 288 22.82
62 17 17 14
743 108 18 134 98.35
176 163 138 939
744 39 1 218 57.06
108 99 99 411
745 86 6 260 1.75
3 3 10 3
746 21 1 221 301.59
465 1049 1314 496
747 9 45 263 46.39
134 14 16 16
748 4 68 233 39.83
113 18 18 16
749 14 2 261 95.17
147 225 576 148
750 24 37 204 79.12
94 585 95 92
751 34 134 275 261.67
445 386 1266 1169
752 5 33 177 1.70
3 3 3 15
753 87 65 282 17.96
26 34 136 23
754 50 0 149 2.88
4 5 6 39
755 38 92 203 6.82
19 4 4 3
756 120 57 253 13.31
38 5 5 7
757 91 180 287 238.83
674 118 103 125
758 77 66 162 173.53
490 70 96 92
759 8 0 102 196.14
325 342 957 822
760 44 39 240 7.65
10 13 67 11
761 2 81 200 67.82
107 117 156 713
762 13 104 278 642.19
1405 1624 1121 431
763 36 12 287 45.99
69 271 58 54
764 5 1 158 83.04
145 166 154 683
765 36 49 288 169.64
477 91 83 72
766 30 49 141 5.03
7 32 7 5
767 44 12 161 50.47
56 377 73 78
768 11 96 220 46.60
130 28 22 27
769 32 0 75 1.93
3 3 14 3
770 76 5 211 435.93
1112 665 303 305
771 43 118 229 353.46
574 1317 1312 368
772 69 7 165 149.70
205 956 191 224
773 22 11 287 60.93
85 85 495 147
774 58 25 258 22.18
40 39 40 183
775 19 187 257 345.44
502 1266 1579 655
776 10 3 214 139.55
228 216 946 182
777 73 23 118 31.01
88 13 15 13
778 13 1 283 80.96
158 124 120 607
779 30 174 249 49.93
85 109 93 413
780 38 21 186 139.46
393 78 59 56
781 24 22 74 39.88
66 69 81 397
782 14 69 269 74.54
120 111 349 448
783 8 63 171 255.01
344 1353 832 268
784 41 4 94 17.06
31 31 24 148
785 64 49 235 264.17
637 558 196 211
786 55 7 253 82.19
103 580 101 99
787 43 29 265 293.81
406 1509 948 344
788 12 110 265 710.74
1699 1323 877 611
789 35 50 287 35.21
63 50 59 342
790 24 145 230 40.33
71 62 146 237
791 21 49 224 61.71
98 93 108 748
792 96 38 280 146.77
198 494 882 202
793 79 12 130 39.17
44 303 41 53
794 4 1 53 38.06
104 27 25 26
795 20 94 145 55.43
102 105 72 462
796 42 13 231 42.29
50 308 54 60
797 10 36 75 30.35
40 210 34 28
798 110 7 165 513.92
1274 973 311 402
799 13 65 166 32.00
52 71 68 279
800 16 50 147 107.04
290 78 80 82
801 69 13 101 58.69
97 125 120 514
802 58 27 126 60.95
105 89 190 466
803 79 98 288 191.70
272 523 1248 251
804 30 65 261 82.38
112 528 113 113
805 1 1 137 314.08
851 284 196 152
806 39 168 288 359.88
966 356 195 269
807 41 0 262 48.37
65 65 441 63
808 77 19 277 48.47
63 91 368 163
809 67 5 269 103.14
166 586 100 89
810 27 0 137 3.52
6 4 24 5
811 109 117 276 101.51
175 201 168 913
812 11 35 288 212.35
306 358 1222 1197
813 23 55 213 67.98
107 147 158 626
814 25 5 264 62.34
92 314 155 102
815 61 57 260 73.36
112 418 92 103
816 37 77 218 55.92
85 178 291 64
817 112 81 282 356.72
631 1273 980 504
818 2 22 282 96.96
132 131 856 156
819 6 106 208 9.27
13 58 12 13
820 57 134 257 47.12
79 60 313 85
821 52 186 278 167.00
298 222 744 751
822 18 156 284 228.91
380 1139 335 294
823 42 48 246 97.74
145 171 201 1197
824 40 80 240 574.07
1321 1550 396 392
825 55 167 269 10.88
17 56 21 13
826 18 37 275 162.39
250 281 842 855
827 50 188 288 175.75
256 872 522 204
828 206 34 272 6.44
11 12 11 61
829 42 28 274 88.02
247 46 45 44
830 9 52 256 168.36
231 274 1308 463
831 42 7 191 18.74
34 30 38 152
832 39 169 286 191.11
514 206 96 93
833 33 186 287 28.62
40 48 236 37
834 11 132 183 165.06
394 395 94 106
835 38 53 287 445.13
1015 1149 393 421
836 52 182 287 358.08
1008 170 183 187
837 13 12 166 279.72
468 604 1267 956
838 4 135 288 45.57
74 86 69 499
839 65 103 245 79.40
91 495 240 126
840 28 131 287 180.16
265 350 859 1157
841 72 67 288 32.26
91 17 13 16
842 14 0 87 43.09
80 65 77 357
843 27 140 267 128.72
192 213 699 730
844 66 15 286 82.68
155 146 127 642
845 72 5 131 237.50
323 1063 1013 328
846 54 66 188 77.47
144 126 135 619
847 25 92 258 0.57
1 1 1 5
848 16 27 238 154.70
243 265 595 1169
849 50 7 134 39.95
73 69 74 316
850 22 131 181 369.60
554 1242 1659 863
851 24 95 272 64.66
80 463 75 81
852 5 17 207 144.04
404 69 78 85
853 123 103 237 44.20
125 23 16 22
854 36 13 222 126.55
319 215 88 76
855 11 27 286 102.22
153 211 180 1197
856 31 7 195 120.09
232 180 194 913
857 32 8 98 145.48
205 208 1199 273
858 4 30 196 93.26
129 350 483 130
859 52 7 234 209.16
298 439 1005 1365
860 110 5 271 11.18
19 23 23 93
861 9 3 276 251.50
344 608 1277 1464
862 48 63 254 85.52
96 650 104 122
863 106 122 258 32.59
46 195 47 58
864 1 48 135 44.46
73 49 301 113
865 19 10 287 153.81
257 214 522 1234
866 10 28 131 219.10
295 676 1262 603
867 5 147 288 141.28
389 90 95 81
868 37 21 145 104.32
295 53 46 40
869 30 2 98 88.42
152 161 135 866
870 11 0 226 237.62
379 1147 509 305
871 11 67 288 284.67
471 678 1145 1146
872 106 103 286 14.11
24 24 32 126
873 13 59 134 109.58
312 42 49 52
874 4 175 287 30.58
51 52 60 306
875 67 19 266 152.67
249 262 549 1100
876 35 4 284 203.26
290 616 1006 694
877 15 1 217 252.54
402 1039 783 391
878 26 19 287 191.42
303 435 1008 549
879 2 48 209 63.38
89 79 559 85
880 55 55 288 63.69
103 109 306 318
881 66 36 234 152.30
206 259 1184 425
882 59 17 278 97.95
154 189 158 1112
883 8 23 270 115.13
296 169 70 88
884 52 174 272 22.96
40 46 35 205
885 4 79 151 286.16
805 147 125 166
886 183 3 282 13.19
21 23 27 142
887 12 4 212 829.22
1709 2023 1679 1788
888 10 24 286 112.16
184 210 442 663
889 36 195 287 55.50
89 115 163 435
890 44 4 176 34.48
61 51 59 336
891 29 31 259 3.73
6 5 7 45
892 2 91 253 520.10
1005 1576 1318 607
893 33 142 245 371.04
1020 260 232 200
894 10 1 81 712.68
1496 1409 1626 1779
895 29 160 270 251.85
415 358 1297 1195
896 44 2 148 49.25
79 90 220 271
897 6 233 287 259.52
725 148 136 132
898 155 0 197 69.99
120 104 96 782
899 23 33 242 394.24
587 1286 1403 1825
900 65 13 195 109.11
159 188 822 190
901 2 1 38 157.86
236 229 1231 237
902 20 145 260 639.53
1509 1420 637 442
903 3 51 207 52.79
147 32 26 31
904 45 13 136 42.36
46 331 47 64
905 53 14 99 26.31
74 14 12 13
906 46 40 288 14.87
22 20 113 36
907 61 4 89 419.51
1181 209 204 209
908 8 42 258 29.19
54 55 41 234
909 23 106 257 301.62
838 191 156 165
910 2 207 260 54.04
81 63 444 79
911 78 15 274 16.42
29 29 29 145
912 235 51 288 18.71
36 26 25 161
913 193 33 271 7.08
12 12 12 72
914 138 43 229 44.60
124 27 26 21
915 58 14 253 47.78
131 30 33 35
916 39 175 287 195.50
221 941 1064 240
917 102 33 277 23.79
30 142 68 26
918 60 80 288 18.38
52 10 7 7
919 63 0 136 133.56
201 244 351 1412
920 8 0 150 18.57
34 26 26 181
921 70 13 268 138.47
256 247 445 653
922 50 89 287 4.86
13 4 4 4
923 203 30 284 13.19
18 23 110 18
924 18 123 275 66.80
89 110 578 99
925 123 29 272 54.41
98 102 110 408
926 20 160 264 215.75
558 314 123 143
927 13 3 36 120.30
338 65 60 51
928 39 131 226 89.10
111 647 90 101
929 59 56 250 8.80
11 63 11 8
930 23 69 229 92.55
148 284 446 106
931 14 3 272 115.51
297 177 74 58
932 48 49 238 76.12
113 131 374 503
933 141 93 287 100.74
233 254 83 79
934 8 172 243 303.98
523 1306 663 316
935 2 28 160 266.69
414 538 1289 1314
936 13 72 167 21.85
62 10 9 10
937 26 233 288 84.62
136 170 185 802
938 12 54 169 66.28
81 458 94 113
939 10 5 185 7.01
12 21 27 12
940 19 4 32 58.14
64 292 306 80
941 36 24 181 52.34
143 37 34 37
942 32 98 194 137.31
232 189 470 1064
943 9 15 277 179.46
508 78 80 99
944 28 21 274 8.19
12 13 65 10
945 7 72 246 321.77
457 1038 1648 828
946 67 13 271 12.81
25 17 17 108
947 22 147 183 126.74
198 283 373 1004
948 20 35 126 44.29
56 301 62 66
949 31 0 49 112.44
198 536 129 127
950 24 4 113 50.45
78 82 299 202
951 19 181 287 132.12
240 202 393 847
952 122 27 215 4.88
7 30 6 7
953 26 2 236 21.33
37 45 31 189
954 34 55 260 86.29
160 384 90 85
955 11 87 183 9.67
17 18 17 84
956 16 27 224 49.13
139 23 21 25
957 117 39 247 128.91
209 213 876 146
958 67 52 184 0.54
1 1 1 4
959 32 42 213 46.20
83 70 75 436
960 13 6 266 95.33
126 641 115 123
961 3 80 287 253.38
394 1024 925 300
962 3 71 178 101.87
141 188 655 469
963 154 81 276 38.42
63 74 55 414
964 31 0 60 836.09
1811 1850 1862 804
965 114 12 150 17.93
23 126 18 24
966 20 3 166 515.90
1218 1295 265 396
967 126 4 202 120.93
343 45 65 58
968 47 8 109 3.42
6 6 6 31
969 15 85 113 55.00
73 93 483 64
970 107 1 208 14.42
23 25 33 148
971 31 180 241 238.85
584 487 172 141
972 8 24 92 296.61
421 1520 914 288
973 95 86 254 428.62
945 1097 649 345
974 84 4 259 117.96
210 203 199 1052
975 5 12 226 207.37
584 89 108 129
976 13 26 232 29.80
30 250 32 29
977 4 30 214 157.72
273 252 552 1002
978 15 2 226 56.54
80 65 492 97
979 86 102 224 54.32
84 86 227 414
980 10 42 116 58.95
106 101 91 529
981 30 50 287 144.11
195 913 219 200
982 44 193 287 12.25
19 27 21 130
983 45 3 286 225.71
297 1259 685 260
984 17 98 180 106.16
198 204 164 787
985 16 144 276 83.46
102 575 139 106
986 119 10 267 59.30
101 106 243 295
987 47 47 287 455.68
1299 166 206 215
988 15 118 255 61.19
80 348 183 63
989 57 109 288 29.61
42 48 241 41
990 15 271 288 30.37
55 48 52 269
991 14 0 73 62.56
86 332 186 79
992 14 19 182 180.49
236 900 695 255
993 56 6 154 375.69
994 445 200 270
994 62 0 161 11.96
34 5 5 6
995 121 60 241 139.34
205 262 653 943
996 172 78 284 97.50
271 59 53 55
997 3 176 288 84.01
111 405 351 89
998 11 13 247 68.57
101 275 298 71
999 106 31 244 360.92
1026 160 135 181
1000 99 36 267 38.35
58 75 263 62
1001 57 24 268 77.35
135 152 142 648
1002 35 28 148 123.88
215 239 331 861
1003 11 118 247 32.61
41 233 38 33
1004 2 1 160 195.31
548 86 121 105
1005 41 7 98 504.27
1006 1624 1000 414
1006 22 52 239 76.55
102 92 704 132
1007 37 27 286 5.07
14 3 3 4
1008 8 104 199 70.18
134 289 84 63
1009 21 5 127 10.74
30 6 6 5
1010 53 4 112 38.56
68 65 74 339
1011 78 114 288 54.72
94 77 159 454
1012 3 5 129 6.98
13 12 11 56
1013 7 1 225 268.51
447 467 1133 1454
1014 116 1 212 30.30
43 52 239 48
1015 68 91 237 62.84
116 108 85 545
1016 61 164 287 153.52
255 282 461 1168
1017 133 42 273 81.86
146 132 126 777
1018 115 128 288 12.65
17 24 104 18
1019 58 66 193 18.08
51 9 8 9
1020 48 81 287 261.17
598 725 170 181
1021 22 5 239 75.91
125 125 137 818
1022 31 19 253 316.39
850 291 215 205
1023 52 35 171 123.44
200 242 452 801
1024 33 2 260 69.89
116 138 124 676
1025 77 2 277 251.80
649 382 145 149
1026 11 189 276 53.61
72 80 475 74
1027 12 91 216 4.88
8 25 6 8
1028 75 28 252 14.87
23 26 105 20
1029 75 15 118 98.00
279 40 39 49
1030 181 6 246 23.53
44 35 37 202
1031 42 67 176 67.28
105 83 514 104
1032 5 5 47 60.81
95 85 388 216
1033 22 162 287 210.01
293 1295 349 215
1034 78 25 253 15.34
28 23 27 135
1035 11 127 288 49.51
90 86 80 420
1036 32 70 155 34.45
59 67 75 283
1037 68 107 238 51.32
89 81 79 528
1038 4 0 133 830.87
1804 1652 1599 1801
1039 33 42 287 166.26
241 281 765 1299
1040 8 53 178 126.31
184 348 777 179
1041 35 23 212 416.16
1172 195 231 181
1042 50 33 278 7.46
9 53 10 11
1043 17 3 191 226.67
634 126 113 126
1044 118 136 288 165.84
212 1107 256 227
1045 76 136 232 12.93
18 83 14 19
1046 123 119 288 358.75
1008 182 186 173
1047 11 190 288 7.60
13 14 14 70
1048 11 71 191 36.95
105 16 17 14
1049 56 84 251 49.79
85 68 108 500
1050 59 1 68 95.50
125 551 248 148
1051 4 75 192 60.05
72 423 97 74
1052 23 5 267 57.46
74 394 77 63
1053 26 131 201 20.60
29 22 188 25
1054 56 98 263 59.04
104 104 87 560
1055 19 0 240 285.03
585 984 292 353
1056 73 0 161 248.67
688 162 131 158
1057 78 137 273 16.31
31 27 26 124
1058 63 155 264 41.53
48 304 56 64
1059 8 0 214 319.62
497 891 1184 1546
1060 40 63 256 187.93
260 852 740 288
1061 20 132 257 288.85
463 340 1618 1503
1062 18 113 259 1.86
3 4 3 19
1063 62 63 162 46.13
48 366 67 51
1064 9 104 283 84.45
237 46 45 33
1065 2 42 226 80.70
226 39 47 45
1066 117 140 280 127.49
216 172 519 825
1067 41 2 106 43.87
80 64 61 425
1068 41 37 287 114.56
166 206 856 201
1069 50 13 92 36.67
59 53 257 55
1070 21 25 269 156.17
259 208 891 586
1071 11 35 209 339.82
956 174 159 177
1072 24 1 72 4.20
7 7 9 41
1073 30 22 256 195.03
233 998 860 289
1074 3 5 181 220.16
305 454 1357 984
1075 74 8 240 204.61
250 712 1298 439
1076 8 193 287 202.56
362 356 653 1142
1077 2 124 261 593.06
1296 1547 931 486
1078 59 21 222 145.55
249 276 330 1194
1079 19 1 271 125.84
186 757 141 176
1080 32 136 285 48.82
79 72 334 79
1081 53 85 264 146.44
158 1124 231 160
1082 44 5 266 263.93
736 129 166 162
1083 76 64 266 56.85
80 209 299 64
1084 101 10 218 232.34
343 519 1422 643
1085 90 25 267 2.24
4 4 4 19
1086 13 56 155 94.60
267 43 42 58
1087 32 42 251 6.02
7 44 8 9
1088 89 139 287 43.04
79 72 152 198
1089 64 0 241 45.90
77 78 73 487
1090 27 149 288 452.14
953 1121 1029 398
1091 37 15 111 212.40
349 337 959 1186
1092 67 26 258 452.31
1214 491 250 199
1093 113 26 223 162.94
256 487 825 210
1094 10 2 223 35.11
52 54 276 46
1095 116 86 223 70.27
198 36 33 32
1096 26 33 198 538.89
1145 1376 1096 487
1097 61 26 254 17.25
28 38 41 143
1098 1 0 227 288.14
812 143 142 130
1099 242 8 286 34.03
48 68 186 194
1100 37 180 279 63.64
97 102 431 171
1101 77 17 254 48.14
76 94 101 492
1102 29 173 287 645.00
1447 1608 889 474
1103 8 3 255 401.72
1082 358 277 248
1104 110 5 212 13.80
25 17 20 144
1105 18 138 185 143.28
213 767 305 179
1106 67 153 288 142.22
395 89 79 72
1107 91 159 285 54.51
94 82 210 328
1108 30 90 288 344.07
491 1167 1413 1380
1109 10 59 149 53.14
88 116 115 442
1110 45 2 207 486.81
1182 1040 341 280
1111 51 19 99 452.35
661 1672 1665 1570
1112 34 95 185 260.61
693 308 126 166
1113 33 166 252 142.41
270 615 121 168
1114 73 69 204 441.17
928 1401 577 347
1115 12 70 214 195.55
544 119 98 118
1116 35 18 276 211.64
296 975 786 328
1117 25 47 230 222.00
609 152 142 142
1118 44 88 275 39.93
50 202 167 52
1119 120 24 250 191.80
509 184 148 154
1120 66 19 254 119.05
334 66 53 65
1121 5 170 288 85.02
121 483 166 128
1122 19 3 138 134.20
374 72 84 67
1123 43 189 287 15.67
43 9 12 11
1124 96 4 132 179.08
304 392 927 303
1125 165 1 218 135.19
386 47 62 60
1126 15 190 287 365.71
928 568 288 226
1127 23 23 288 96.13
145 178 447 616
1128 125 5 164 22.16
29 151 25 30
1129 30 107 247 66.59
116 98 260 384
1130 35 223 285 130.66
149 827 393 184
1131 88 81 195 33.08
93 16 19 14
1132 3 28 287 16.94
47 10 9 12
1133 12 220 288 75.27
132 107 143 735
1134 34 91 152 4.29
5 32 5 6
1135 75 3 167 5.97
10 13 12 50
1136 2 89 218 136.11
201 158 1129 222
1137 84 56 281 20.81
29 24 186 32
1138 37 72 243 368.75
1030 213 206 156
1139 10 0 148 102.25
277 75 74 82
1140 12 0 34 218.06
352 260 1361 811
1141 88 57 275 54.37
87 81 390 63
1142 14 4 141 292.56
763 363 206 215
1143 82 182 288 163.57
198 663 997 177
1144 68 24 249 649.08
1354 1685 1420 656
1145 16 5 276 91.98
133 461 271 111
1146 3 17 139 356.86
1017 149 140 158
1147 26 27 151 198.69
459 523 125 175
1148 37 149 246 0.68
1 4 1 1
1149 172 39 259 34.95
60 63 62 328
1150 47 47 288 675.54
1573 1594 659 506
1151 36 124 288 276.01
662 573 248 214
1152 6 207 284 156.19
427 110 110 91
1153 8 4 283 293.66
820 154 174 155
1154 45 5 143 16.80
33 23 33 115
1155 15 55 270 252.68
701 126 171 174
1156 58 39 180 16.42
29 29 24 155
1157 15 93 277 67.18
91 445 78 82
1158 33 2 262 162.23
259 279 540 1332
1159 67 6 182 690.54
1562 1329 1435 539
1160 37 130 288 4.29
6 5 39 5
1161 101 2 218 28.20
54 42 40 233
1162 32 0 64 100.07
140 126 813 277
1163 12 154 256 11.56
18 66 13 14
1164 157 67 288 391.07
1042 427 210 284
1165 34 97 239 250.51
386 356 1423 1298
1166 23 195 268 491.97
1265 763 260 330
1167 164 13 200 95.78
265 52 64 65
1168 52 5 76 587.16
1512 863 392 342
1169 84 11 158 151.37
190 989 310 168
1170 136 147 288 192.34
536 97 114 128
1171 35 25 269 188.99
234 855 926 316
1172 149 77 285 14.51
25 28 32 117
1173 267 4 287 72.37
131 113 116 662
1174 92 11 202 238.40
636 248 166 123
1175 21 166 269 58.54
98 116 94 573
1176 38 9 154 99.15
127 373 579 147
1177 45 86 286 19.49
25 130 27 32
1178 39 78 288 33.13
58 70 57 268
1179 4 0 4 212.18
489 559 165 139
1180 116 57 272 66.35
116 105 152 569
1181 63 130 278 394.75
1112 167 216 228
1182 33 12 96 237.93
468 914 277 235
1183 10 19 118 51.04
73 81 414 70
1184 23 105 260 222.97
619 129 128 140
1185 20 63 168 32.42
51 185 34 37
1186 123 90 230 121.97
204 162 735 357
1187 106 11 182 97.53
159 121 697 150
1188 131 3 287 59.13
90 132 129 592
1189 94 65 283 227.48
647 100 94 94
1190 24 125 288 10.17
17 18 20 99
1191 27 1 230 716.83
1644 1401 1194 771
1192 20 77 264 616.17
1453 1197 866 447
1193 70 16 126 136.79
390 59 52 56
1194 1 20 210 54.08
72 341 95 71
1195 74 173 281 389.35
1067 273 265 213
1196 47 110 226 216.74
337 569 1257 246
1197 42 94 208 191.94
538 86 125 94
1198 8 51 229 64.63
100 107 255 508
1199 45 8 257 62.39
97 103 127 723
1200 15 10 135 7.60
11 45 11 11
1201 106 29 213 344.23
512 1174 1350 1198
1202 47 34 285 128.58
209 233 471 882
1203 39 34 193 46.46
72 72 280 185
1204 71 106 273 248.62
328 804 1386 760
1205 63 33 275 113.10
186 156 641 439
1206 6 0 155 288.69
802 148 204 154
1207 60 10 135 224.93
637 107 97 99
1208 52 124 255 100.59
185 176 137 871
1209 47 1 271 247.75
338 884 1416 283
1210 30 131 287 56.09
86 61 460 70
1211 118 8 181 17.89
32 32 28 158
1212 55 2 287 101.33
179 173 191 887
1213 65 14 261 3.78
6 7 6 43
1214 152 32 244 164.05
452 106 114 78
1215 2 72 123 35.58
100 18 16 22
1216 101 25 276 23.24
39 41 37 242
1217 5 112 218 8.07
11 52 11 10
1218 83 37 288 148.90
219 471 796 239
1219 73 66 285 254.90
375 395 1437 1493
1220 52 51 171 17.37
49 8 9 8
1221 13 0 66 780.97
1818 1179 1574 959
1222 72 208 287 472.70
1080 1166 474 466
1223 56 1 217 52.72
76 330 62 56
1224 28 15 231 520.76
1303 971 293 328
1225 7 146 257 15.81
44 10 7 10
1226 3 37 283 186.86
278 901 537 250
1227 49 66 240 33.67
56 55 58 362
1228 48 34 220 23.15
40 35 46 224
1229 36 0 74 860.28
1864 1673 1692 1958
1230 112 40 260 1.58
2 11 2 2
1231 8 111 241 78.44
145 146 119 618
1232 2 65 252 31.08
57 49 45 282
1233 38 147 288 224.38
632 112 106 113
1234 81 117 287 167.77
306 223 580 997
1235 38 39 172 32.85
46 45 277 59
1236 35 137 231 359.50
1017 167 158 180
1237 6 249 287 89.65
247 59 52 60
1238 14 24 243 422.50
1152 335 253 266
1239 46 200 280 12.08
22 19 19 109
1240 71 10 173 58.97
87 80 476 89
1241 29 47 211 388.45
1019 500 243 210
1242 10 0 169 213.29
279 956 994 277
1243 66 10 258 476.90
714 1806 1671 1454
1244 25 10 78 317.33
488 773 1585 1127
1245 135 2 258 399.07
1070 394 274 202
1246 47 213 287 289.94
475 459 1518 1224
1247 30 114 288 208.08
357 309 954 985
1248 32 32 240 247.91
707 99 105 101
1249 88 13 271 164.92
284 214 565 1241
1250 41 61 273 224.69
481 729 193 215
1251 20 6 244 5.24
10 8 9 40
1252 50 125 282 117.30
331 58 55 53
1253 27 62 288 21.10
37 31 35 213
1254 40 6 127 192.15
545 92 77 83
1255 36 38 249 18.92
32 36 33 180
1256 46 0 211 59.77
108 101 101 516
1257 7 55 197 288.87
814 146 123 162
1258 48 0 217 376.25
537 1379 1651 988
1259 54 9 244 224.57
634 98 110 127
1260 4 0 46 57.53
97 116 106 520
1261 24 9 276 61.05
171 34 31 29
1262 76 115 251 159.63
226 1024 179 171
1263 87 1 288 164.24
466 85 60 61
1264 30 11 154 27.47
38 45 224 49
1265 110 22 288 123.37
157 277 994 211
1266 30 76 206 421.89
1199 187 176 180
1267 2 237 280 28.69
79 19 18 17
1268 37 24 287 312.59
487 782 1269 1545
1269 68 79 247 1.58
2 11 2 2
1270 173 3 277 3.40
6 6 6 30
1271 14 120 278 297.89
850 107 125 153
1272 3 98 194 345.30
987 120 165 125
1273 93 44 220 36.13
57 57 255 52
1274 130 1 221 19.49
29 20 166 28
1275 85 104 287 100.92
118 759 114 120
1276 42 70 218 8.87
11 61 13 13
1277 116 5 205 27.14
42 40 177 88
1278 8 0 221 10.57
30 4 5 6
1279 38 7 131 71.95
186 105 47 36
1280 127 37 188 98.85
277 53 47 58
1281 36 6 127 26.07
37 169 26 28
1282 24 108 288 104.89
175 233 161 974
1283 118 74 254 87.43
136 180 176 909
1284 10 112 263 16.09
30 29 23 129
1285 39 79 271 247.75
689 125 164 150
1286 4 0 233 2.52
5 5 5 12
1287 2 72 253 340.25
475 1035 1703 1258
1288 69 51 287 472.88
1272 488 261 246
1289 9 98 194 370.43
630 917 1326 1475
1290 41 156 271 261.01
738 102 142 139
1291 39 2 275 458.82
1271 316 226 250
1292 76 97 277 5.50
6 43 7 6
1293 71 125 230 211.12
283 641 1400 262
1294 32 1 74 58.57
167 23 25 25
1295 37 0 287 254.64
719 119 129 110
1296 39 24 215 494.36
809 1780 1667 950
1297 104 139 283 57.36
87 95 417 94
1298 3 155 266 75.58
100 150 625 103
1299 42 17 230 195.15
283 1166 298 214
1300 36 97 288 18.29
50 13 13 10
1301 69 49 282 3.70
7 5 7 30
1302 69 24 187 619.94
1211 1638 1847 710
1303 39 0 281 30.20
51 36 205 48
1304 16 9 277 45.47
54 338 52 53
1305 8 19 167 84.43
137 140 418 404
1306 15 230 271 217.66
283 677 1349 533
1307 18 48 285 44.88
78 67 65 479
1308 40 35 271 184.48
308 954 218 208
1309 146 111 288 227.76
652 90 85 84
1310 6 19 100 146.73
224 435 798 181
1311 59 91 260 281.84
785 156 150 186
1312 38 99 226 468.26
1033 1450 355 322
1313 40 35 244 24.85
70 11 13 14
1314 19 0 229 30.37
84 18 19 19
1315 54 15 206 19.47
33 39 30 186
1316 111 8 162 78.20
86 611 95 87
1317 42 1 288 2.22
4 4 4 18
1318 1 77 234 18.57
52 9 10 12
1319 47 156 253 125.04
186 205 860 360
1320 25 19 266 56.02
101 80 92 536
1321 82 10 255 224.08
352 533 1199 571
1322 25 2 141 6.11
10 18 27 11
1323 61 4 200 137.41
197 292 982 225
1324 31 56 223 19.96
24 35 188 29
1325 40 36 166 285.83
741 369 211 210
1326 16 44 264 29.38
55 59 45 208
1327 41 85 231 511.09
1044 1267 1400 442
1328 86 65 273 371.23
731 1136 833 424
1329 11 77 276 336.71
946 176 168 161
1330 65 36 170 129.29
204 248 375 1129
1331 79 67 250 248.74
411 1346 256 237
1332 5 83 219 372.20
758 1403 281 390
1333 173 1 190 302.28
768 480 204 210
1334 6 135 287 38.37
59 73 87 407
1335 65 193 288 433.43
642 1681 1357 1623
1336 138 96 288 0.54
1 1 1 4
1337 19 66 158 170.51
254 1062 162 160
1338 121 76 285 6.77
9 45 9 8
1339 43 12 250 113.50
176 239 447 735
1340 47 7 274 264.62
346 1044 1364 510
1341 59 36 273 73.25
200 50 56 42
1342 20 264 288 513.16
1178 1355 367 456
1343 87 59 287 74.66
140 109 114 649
1344 19 4 165 544.76
1101 1543 1166 711
1345 13 2 162 128.89
368 51 50 57
1346 25 104 263 155.53
250 270 575 1131
1347 45 14 170 90.82
120 616 105 111
1348 6 0 93 478.83
1273 575 226 293
1349 156 62 270 7.10
12 11 13 74
1350 49 4 240 107.41
172 158 765 140
1351 29 62 155 167.23
443 204 95 83
1352 62 38 200 141.89
338 324 116 77
1353 107 21 270 164.28
464 64 93 88
1354 73 70 276 100.29
286 36 47 44
1355 29 14 264 194.89
320 282 923 1087
1356 4 3 221 173.08
262 343 776 1086
1357 66 3 111 156.00
285 276 406 981
1358 20 4 161 618.19
1514 1160 562 398
1359 5 104 284 12.60
34 9 11 9
1360 31 4 217 214.00
324 384 1164 1053
1361 7 174 257 124.73
203 213 814 177
1362 56 55 240 290.01
815 124 166 176
1363 25 6 96 52.55
86 91 208 334
1364 38 48 218 384.51
864 1161 248 220
1365 96 5 240 20.15
33 39 31 213
1366 82 35 224 5.55
10 10 10 45
1367 21 7 160 20.81
58 11 13 11
1368 13 10 131 283.38
792 170 137 137
1369 54 13 260 273.70
559 1047 222 188
1370 40 50 275 903.25
1981 1800 1862 1420
1371 74 140 283 37.76
44 270 59 56
1372 20 23 218 57.25
78 309 170 67
1373 103 107 288 55.17
103 100 102 392
1374 122 61 255 97.67
161 131 663 166
1375 36 240 287 561.23
1364 1167 413 361
1376 59 165 258 113.83
141 809 138 147
1377 37 33 288 332.43
929 193 168 167
1378 48 70 252 154.21
247 549 619 192
1379 43 87 253 99.08
166 146 216 1005
1380 39 240 288 523.69
1327 893 316 304
1381 23 1 219 113.71
181 208 387 887
1382 62 182 259 19.44
38 33 34 125
1383 31 26 245 133.32
250 611 95 127
1384 69 0 243 327.95
529 866 1307 1280
1385 13 5 287 401.15
565 1504 1579 1420
1386 21 59 170 23.13
64 12 16 16
1387 46 34 288 411.58
1107 458 192 186
1388 130 4 241 214.52
355 344 899 1291
1389 37 124 287 101.80
122 750 127 102
1390 40 95 288 128.39
184 781 165 192
1391 11 24 280 9.96
28 5 5 5
1392 25 89 209 1.72
2 13 2 2
1393 32 161 288 401.17
1147 177 136 140
1394 81 152 287 135.14
344 213 94 84
1395 28 102 160 273.47
404 665 1541 856
1396 23 47 115 4.34
7 7 28 9
1397 38 182 287 20.48
30 23 175 29
1398 8 110 206 4.22
8 7 6 34
1399 31 128 222 94.22
149 144 197 1081
1400 134 7 206 19.44
55 10 8 8
1401 26 172 241 180.87
507 97 91 94
1402 48 15 267 106.38
165 159 232 1257
1403 1 0 48 83.72
105 402 383 106
1404 5 0 120 562.25
1173 1618 1021 509
1405 59 68 278 81.13
134 156 146 802
1406 136 151 287 20.69
38 35 38 164
1407 95 28 193 202.86
318 1155 231 218
1408 64 74 275 68.12
74 531 79 100
1409 7 152 248 20.13
24 28 204 25
1410 8 0 276 51.80
62 218 301 71
1411 66 28 224 3.89
6 7 7 46
1412 9 20 214 26.90
74 18 16 18
1413 58 185 288 165.34
199 1127 306 228
1414 41 84 287 112.46
179 137 836 177
1415 164 43 255 56.16
97 101 97 525
1416 2 7 267 82.66
111 487 196 96
1417 145 2 222 29.24
40 50 240 49
1418 43 17 194 228.16
331 615 1062 1066
1419 10 27 252 509.41
1163 1385 364 423
1420 96 1 282 302.37
839 171 192 171
1421 12 163 287 46.86
79 74 94 470
1422 10 16 288 539.71
1445 615 271 255
1423 18 4 159 416.46
724 1537 1157 588
1424 48 80 257 392.80
1058 346 270 256
1425 32 175 264 55.67
55 456 82 57
1426 29 24 271 210.27
572 179 133 100
1427 93 65 245 19.87
33 38 37 192
1428 94 56 214 63.22
119 88 90 569
1429 58 188 288 9.77
27 5 7 7
1430 22 52 256 112.75
150 211 930 185
1431 10 10 152 212.16
322 1247 249 244
1432 5 43 257 149.11
202 938 232 213
1433 85 15 163 382.25
597 1219 1449 1286
1434 34 22 142 70.18
110 129 326 395
1435 50 1 78 35.21
51 56 277 56
1436 11 148 288 2.45
7 1 1 1
1437 8 119 275 13.24
20 17 106 18
1438 26 144 288 0.50
1 1 1 2
1439 15 169 287 112.02
171 257 369 844
1440 6 16 156 591.20
1366 1193 948 455
1441 1 229 287 313.11
876 140 203 179
1442 112 6 168 96.35
181 191 139 698
1443 42 1 72 122.14
221 200 307 868
1444 56 37 160 211.85
577 157 154 121
1445 40 0 263 43.32
75 74 58 448
1446 64 151 283 69.12
114 145 154 590
1447 94 157 287 5.57
9 11 10 57
1448 45 83 181 110.39
131 834 104 134
1449 76 194 287 33.34
42 225 51 48
1450 22 0 283 767.73
1534 1791 2043 1600
1451 54 6 165 355.89
769 1146 308 262
1452 26 127 275 26.05
46 37 105 139
1453 41 110 182 87.03
114 614 78 94
1454 19 9 146 236.82
314 1176 895 322
1455 37 8 93 22.94
39 35 45 231
1456 36 234 288 140.31
386 94 86 88
1457 56 73 285 49.81
78 106 105 491
1458 3 1 49 91.89
160 464 78 106
1459 75 7 245 6.47
11 15 12 51
1460 145 36 228 64.70
116 109 90 611
1461 117 169 287 50.12
82 88 84 544
1462 48 54 288 32.59
60 43 55 302
1463 15 212 239 30.37
83 21 20 22
1464 35 131 283 192.03
306 497 1034 295
1465 41 24 263 99.65
130 454 450 141
1466 38 22 218 73.81
206 47 33 37
1467 26 100 288 117.73
333 58 47 59
1468 45 43 266 386.64
622 987 1785 1146
1469 19 60 243 11.59
21 24 20 85
1470 17 5 41 147.17
246 192 744 729
1471 55 19 210 34.88
50 53 279 61
1472 11 49 179 373.09
1042 187 245 172
1473 19 6 273 383.99
927 773 304 368
1474 34 7 273 71.57
108 140 123 855
1475 68 152 267 395.23
1109 195 218 202
1476 12 6 164 38.20
59 55 282 64
1477 23 49 264 25.77
38 36 213 26
1478 76 132 287 218.01
343 382 954 1383
1479 23 25 147 171.93
288 920 174 146
1480 51 116 282 20.93
25 152 27 27
1481 31 164 282 7.57
9 58 7 7
1482 89 9 256 60.62
99 121 110 600
1483 31 43 257 129.78
172 287 1024 183
1484 83 10 259 115.81
122 870 215 160
1485 1 21 224 478.88
1167 1024 298 288
1486 41 124 288 804.92
1641 2023 1620 1828
1487 67 137 207 47.29
54 369 49 43
1488 15 48 174 318.87
475 1347 1246 330
1489 108 88 228 36.69
67 58 46 351
1490 46 8 278 88.96
124 561 114 123
1491 5 20 279 47.41
56 353 48 70
1492 50 10 111 28.20
36 200 30 31
1493 6 24 250 98.59
142 173 693 285
1494 64 38 187 167.70
287 205 887 700
1495 100 34 257 78.70
137 114 150 775
1496 9 22 101 21.99
29 30 200 36
1497 41 53 169 610.24
1565 922 410 365
1498 55 31 230 1.04
2 2 2 6
1499 88 40 188 50.14
55 381 78 56
1500 82 69 263 61.42
169 39 40 40
1501 20 143 277 175.54
183 1228 460 273
1502 75 50 262 7.88
12 16 15 88
1503 119 46 279 142.03
147 1145 178 170
1504 47 146 199 14.49
18 103 17 19
1505 11 148 215 25.18
70 12 17 17
1506 18 54 231 59.23
82 76 513 108
1507 27 36 248 468.00
1248 544 236 257
1508 123 118 287 39.05
111 17 15 20
1509 7 7 257 41.46
58 115 270 60
1510 12 145 285 346.52
728 1143 401 262
1511 58 16 269 75.86
116 129 418 368
1512 24 98 222 173.58
286 455 850 287
1513 26 0 225 474.13
1256 548 257 351
1514 7 182 283 623.50
1561 1063 453 474
1515 6 57 209 51.11
75 102 98 614
1516 34 27 250 61.19
96 103 113 714
1517 47 138 288 18.85
27 111 27 34
1518 64 91 281 166.10
220 504 1100 247
1519 10 0 229 597.43
1601 699 269 269
1520 53 18 261 59.63
165 39 30 40
1521 21 11 167 438.27
633 1662 1518 1689
1522 5 123 275 53.47
74 80 454 82
1523 3 41 276 58.45
76 393 84 66
1524 133 34 191 172.54
258 476 1010 252
1525 38 12 287 566.89
1117 1314 1470 1504
1526 125 10 247 79.10
150 143 109 605
1527 2 74 271 123.67
230 201 387 644
1528 14 122 231 313.65
456 1001 1636 633
1529 1 0 124 58.17
95 66 425 87
1530 49 32 251 37.47
41 291 46 49
1531 4 37 225 99.44
168 122 533 430
1532 13 55 148 15.88
45 7 7 8
1533 81 110 287 18.36
25 115 29 25
1534 135 24 233 195.36
556 81 76 100
1535 59 82 286 153.90
196 796 573 244
1536 45 30 284 7.29
20 5 5 4
1537 7 9 93 6.11
11 8 9 63
1538 5 104 189 44.24
127 16 16 17
1539 66 67 288 137.15
246 665 117 139
1540 119 4 189 23.88
66 14 16 14
1541 37 23 188 33.91
53 39 265 48
1542 42 22 110 184.69
517 92 103 107
1543 66 63 284 557.31
1425 875 322 399
1544 55 156 284 142.05
403 54 75 66
1545 72 175 286 261.90
367 1053 1252 298
1546 22 243 288 301.97
837 190 172 165
1547 38 114 284 111.83
315 58 52 51
1548 28 9 281 111.33
139 233 967 139
1549 19 2 137 183.77
354 746 190 214
1550 72 119 254 143.12
240 253 479 988
1551 69 52 285 5.31
10 8 7 47
1552 77 15 286 55.57
78 340 85 73
1553 28 0 214 34.78
43 247 43 45
1554 24 72 283 196.23
265 873 839 309
1555 12 74 287 742.01
1730 1197 1520 594
1556 6 75 269 106.89
152 526 347 130
1557 11 167 202 185.38
298 244 1165 622
1558 110 5 222 129.15
359 87 59 68
1559 5 87 176 19.47
39 33 30 120
1560 35 145 287 59.06
66 398 145 95
1561 13 87 165 485.72
1181 1018 309 378
1562 40 19 243 78.51
124 89 466 392
1563 40 202 283 323.42
481 1305 1255 547
1564 107 0 177 102.65
123 288 807 150
1565 17 8 120 182.74
258 842 657 292
1566 9 24 245 36.83
79 126 23 31
1567 107 20 282 168.62
472 92 86 90
1568 9 18 88 200.34
285 365 1235 935
1569 16 229 288 53.61
88 83 102 587
1570 27 57 280 160.74
226 539 905 221
1571 11 81 126 88.61
248 42 56 45
1572 50 13 70 188.07
287 945 435 247
1573 25 123 246 144.41
364 249 95 87
1574 80 36 280 324.15
482 1556 959 403
1575 11 16 176 11.80
20 18 21 124
1576 100 7 225 44.81
73 81 72 490
1577 22 53 265 317.73
726 868 212 273
1578 17 198 282 10.74
15 64 20 13
1579 49 10 247 361.79
575 1222 1341 934
1580 10 133 288 30.09
52 47 49 308
1581 3 93 243 90.33
118 603 127 113
1582 30 100 277 226.74
639 124 98 95
1583 21 16 204 333.50
930 188 196 157
1584 36 206 282 16.16
44 10 13 13
1585 54 0 169 172.33
261 252 1239 415
1586 84 121 244 230.83
634 142 163 154
1587 2 91 265 127.54
130 944 305 143
1588 21 1 260 4.18
7 8 8 39
1589 72 42 267 45.85
60 305 62 64
1590 86 49 283 31.43
57 42 58 292
1591 78 196 287 12.08
18 16 97 18
1592 15 3 199 657.34
1441 1494 1317 567
1593 41 208 281 215.11
599 128 114 118
1594 59 37 169 53.28
76 82 427 94
1595 61 25 275 380.62
1018 447 182 173
1596 13 74 158 138.44
165 567 810 236
1597 3 19 198 6.73
13 9 10 56
1598 4 56 128 51.37
68 74 457 89
1599 39 92 223 116.85
177 148 940 150
1600 65 78 286 6.77
19 4 3 3
1601 83 162 284 60.72
113 90 97 527
1602 28 42 154 283.02
456 502 1536 1032
1603 36 47 119 7.95
22 5 5 4
1604 83 8 266 154.80
240 241 709 1059
1605 55 84 216 254.47
342 768 1446 800
1606 67 12 263 35.58
54 78 76 366
1607 45 230 288 146.68
198 837 362 209
1608 5 28 168 361.60
601 1299 1172 669
1609 23 128 275 152.44
435 58 62 72
1610 2 0 49 68.97
116 116 159 633
1611 97 82 286 19.68
26 136 21 20
1612 12 2 69 205.13
479 494 178 149
1613 101 179 288 182.97
513 95 96 95
1614 7 22 112 448.96
1203 462 280 238
1615 25 59 232 72.56
88 533 83 78
1616 30 39 270 218.06
317 543 1403 368
1617 21 8 229 233.59
660 94 122 133
1618 85 92 288 12.41
19 28 23 130
1619 53 68 228 182.15
505 98 120 115
1620 15 0 213 40.75
52 282 54 45
1621 73 44 231 2.67
5 4 4 23
1622 15 166 249 169.59
293 853 164 198
1623 36 89 263 17.96
28 26 135 21
1624 135 26 233 196.80
560 72 92 100
1625 23 121 274 26.92
43 144 33 41
1626 33 2 76 111.35
195 200 170 1049
1627 10 52 264 53.38
100 84 88 434
1628 49 156 235 412.19
1126 340 219 246
1629 4 85 230 294.70
419 1176 1402 291
1630 114 17 191 119.09
166 438 610 189
1631 3 64 266 52.20
75 302 91 74
1632 7 12 229 131.53
211 185 644 777
1633 16 83 183 423.12
1194 227 177 180
1634 9 125 288 233.35
499 756 229 177
1635 10 14 216 2.97
5 4 4 36
1636 103 15 272 41.39
68 79 74 417
1637 15 53 284 76.08
107 99 651 127
1638 22 94 287 163.31
303 217 519 990
1639 18 98 162 385.20
751 1100 1012 486
1640 8 114 200 274.22
766 168 125 143
1641 82 24 185 33.65
57 52 50 372
1642 198 34 286 80.63
140 399 87 86
1643 14 1 111 184.86
278 359 816 1233
1644 64 27 194 294.73
634 957 253 237
1645 128 8 274 19.87
35 37 36 169
1646 37 24 261 32.66
52 40 249 38
1647 105 70 261 27.37
48 51 39 257
1648 34 7 140 5.64
11 8 9 43
1649 96 27 183 471.92
1249 553 286 282
1650 67 196 287 36.72
45 61 346 51
1651 10 7 259 533.88
1111 1560 918 555
1652 19 35 285 411.91
1160 222 177 196
1653 20 195 288 70.67
197 42 36 39
1654 75 211 288 13.50
37 9 9 9
1655 53 6 123 383.19
1049 280 228 257
1656 20 7 181 7.57
12 17 17 68
1657 125 16 223 127.16
188 198 958 247
1658 54 35 278 210.77
595 97 98 115
1659 31 2 240 55.62
69 389 76 72
1660 32 202 288 467.76
1254 492 252 287
1661 65 32 201 96.58
116 669 152 158
1662 77 0 284 60.46
95 112 102 692
1663 6 138 249 141.37
180 901 299 170
1664 266 6 288 5.88
10 12 11 51
1665 7 19 223 284.06
802 135 145 115
1666 1 56 243 241.78
316 984 1307 256
1667 8 2 42 28.60
38 39 258 47
1668 4 151 275 171.17
260 309 710 1267
1669 20 114 242 162.82
222 879 447 261
1670 74 50 282 39.24
67 67 87 350
1671 86 156 265 76.08
117 150 123 890
1672 54 2 190 29.64
47 39 219 43
1673 34 3 142 116.47
175 155 836 349
1674 44 102 213 231.72
323 587 1389 759
1675 17 54 197 26.12
30 193 40 28
1676 26 73 288 234.41
663 105 109 119
1677 80 5 217 138.44
192 226 556 1389
1678 65 2 251 74.50
111 114 347 567
1679 23 0 162 17.04
29 31 26 171
1680 52 31 219 22.54
31 145 28 30
1681 68 48 288 47.74
87 86 69 409
1682 21 7 130 523.31
1360 719 320 340
1683 8 217 288 274.43
439 421 1543 1135
1684 46 85 288 80.94
230 34 36 36
1685 67 76 288 61.82
99 83 449 87
1686 130 51 284 27.16
40 38 221 35
1687 36 42 267 117.61
176 219 566 731
1688 12 75 280 19.89
35 31 38 184
1689 96 3 239 185.59
336 873 188 166
1690 12 3 237 81.43
137 127 162 828
1691 7 1 251 507.62
1368 476 322 288
1692 60 19 210 33.22
92 20 21 18
1693 27 9 126 7.46
14 11 11 65
1694 127 5 249 119.50
231 167 218 893
1695 75 12 169 265.66
760 93 125 89
1696 39 66 288 482.42
1226 818 267 292
1697 6 25 269 232.12
656 105 110 118
1698 28 1 242 727.80
1589 1256 1883 1063
1699 14 21 144 156.26
162 1254 206 180
1700 13 178 288 219.90
370 367 861 1316
1701 41 52 269 165.70
223 1072 259 166
1702 41 21 128 314.52
521 691 1334 1294
1703 38 98 271 309.71
796 472 180 205
1704 9 103 278 57.03
81 89 459 98
1705 48 134 288 93.66
103 740 91 125
1706 41 81 284 6.61
11 15 13 55
1707 18 51 261 17.27
31 23 28 173
1708 13 94 288 26.43
52 45 42 173
1709 27 1 168 270.56
753 144 165 162
1710 45 62 267 64.04
115 96 116 584
1711 14 1 194 315.85
866 225 196 194
1712 20 11 103 61.59
86 87 523 99
1713 16 6 218 446.81
732 1538 1246 1581
1714 2 89 245 291.35
476 747 1374 694
1715 87 5 132 206.99
584 96 113 82
1716 100 106 242 183.58
324 269 944 549
1717 83 8 127 52.64
90 74 77 595
1718 25 120 226 371.16
1038 182 208 235
1719 11 65 158 103.40
130 170 940 172
1720 6 76 283 109.54
314 41 40 43
1721 62 81 197 127.57
186 199 903 399
1722 31 5 217 137.22
214 353 795 170
1723 102 88 288 78.37
125 136 141 881
1724 190 32 287 73.79
117 120 520 89
1725 45 19 236 362.05
979 370 162 203
1726 49 5 269 12.79
19 76 17 14
1727 45 87 245 264.03
751 118 98 125
1728 52 67 287 93.44
150 183 184 943
1729 11 9 213 65.36
100 376 84 74
1730 41 133 228 335.53
520 1336 1258 415
1731 34 6 285 19.09
53 12 10 11
1732 108 9 229 9.42
9 82 9 9
1733 62 78 288 373.00
1047 213 184 142
1734 7 99 246 98.66
133 146 881 119
1735 3 66 239 549.86
1182 1569 763 521
1736 4 0 56 21.97
40 41 35 178
1737 88 159 288 52.48
90 95 79 521
1738 23 93 257 45.19
55 326 60 47
1739 69 16 251 69.85
193 45 38 47
1740 122 0 274 40.35
55 98 290 66
1741 1 117 249 126.62
354 69 68 67
1742 8 23 205 13.88
23 26 20 148
1743 4 32 261 257.87
728 128 113 126
1744 1 26 128 90.14
119 460 314 146
1745 69 137 261 173.89
491 83 84 78
1746 16 75 243 59.25
101 104 119 547
1747 28 21 142 195.15
230 1125 712 251
1748 36 8 116 192.13
466 406 136 128
1749 93 188 288 124.31
340 91 77 81
1750 7 0 48 39.71
109 30 23 21
1751 20 175 278 404.55
1147 179 176 197
1752 7 1 49 75.51
215 33 30 31
1753 11 8 71 300.11
500 1342 708 276
1754 12 138 277 0.61
1 1 1 7
1755 33 207 287 4.29
5 6 44 6
1756 23 188 288 275.97
467 459 1347 1086
1757 38 76 287 305.46
400 1460 1264 437
1758 42 123 205 115.13
324 57 54 64
1759 127 70 288 488.84
1147 1161 435 305
1760 17 11 154 179.48
215 834 931 232
1761 24 94 277 80.87
121 96 680 85
1762 63 25 224 128.86
193 255 322 1350
1763 30 157 259 68.38
89 471 73 93
1764 54 2 286 123.44
188 245 560 744
1765 4 0 18 45.21
76 73 90 453
1766 12 23 228 7.76
13 14 16 73
1767 8 116 280 32.42
45 53 264 57
1768 5 78 238 209.52
538 302 140 161
1769 31 0 250 90.68
251 55 56 52
1770 13 89 282 234.13
505 742 204 218
1771 6 55 101 341.59
585 1327 938 429
1772 29 75 287 138.02
215 277 522 964
1773 19 6 249 104.13
154 172 799 143
1774 8 0 215 243.50
437 1152 269 207
1775 13 21 268 105.69
175 194 218 1011
1776 26 0 205 249.96
359 574 1433 979
1777 74 23 213 237.34
448 969 293 293
1778 30 34 200 94.69
128 124 854 141
1779 37 84 270 55.19
98 92 99 493
1780 61 0 172 175.96
234 691 912 284
1781 15 272 288 173.53
220 917 652 219
1782 18 6 206 63.03
108 78 413 99
1783 110 126 284 378.76
969 603 230 216
1784 34 95 283 106.26
126 777 134 140
1785 101 2 123 91.75
120 633 111 87
1786 15 73 248 102.43
184 176 203 831
1787 126 52 288 39.50
74 53 63 353
1788 14 62 151 420.10
1192 193 166 204
1789 31 205 287 71.29
102 101 583 124
1790 35 116 275 120.37
132 753 411 172
1791 12 0 262 736.23
1651 1581 1363 617
1792 20 87 264 487.89
1325 445 270 251
1793 54 175 287 45.47
75 75 84 484
1794 32 58 192 106.49
299 51 60 54
1795 10 187 288 376.84
616 1177 1202 1411
1796 13 23 148 23.43
43 37 31 218
1797 55 14 180 235.97
631 280 112 102
1798 15 2 197 127.05
175 280 973 148
1799 52 167 288 538.70
1143 1595 772 498
1800 22 8 145 65.76
96 94 526 109
1801 2 125 237 5.29
9 9 8 55
1802 23 58 276 72.47
142 103 117 540
1803 16 64 159 62.84
75 155 532 84
1804 25 39 248 133.11
165 943 175 152
1805 5 238 254 93.02
257 59 54 59
1806 56 2 112 212.26
604 85 96 92
1807 118 33 182 18.67
30 40 32 187
1808 43 219 287 76.48
117 90 607 119
1809 68 97 241 92.08
143 163 639 133
1810 155 3 171 2.22
4 5 4 15
1811 45 124 243 25.96
41 33 151 125
1812 7 26 163 40.99
70 56 268 53
1813 6 6 187 89.62
152 156 432 338
1814 61 14 226 584.78
1411 1245 425 443
1815 1 23 207 85.40
241 40 40 45
1816 78 36 206 238.54
664 138 119 161
1817 58 213 288 31.17
55 53 49 294
1818 100 6 265 279.39
798 105 132 89
1819 11 1 265 17.58
20 126 29 29
1820 73 14 182 16.31
45 11 10 8
1821 11 222 287 201.40
302 322 934 1473
1822 15 104 240 84.62
238 40 47 40
1823 55 4 270 222.14
620 132 106 126
1824 41 60 279 228.16
644 108 123 83
1825 8 257 287 45.14
76 83 72 456
1826 11 0 248 399.31
996 689 287 337
1827 23 43 274 103.26
114 802 127 120
1828 51 75 288 349.54
554 780 1567 1583
1829 50 32 273 122.87
303 226 97 93
1830 28 181 235 441.29
889 1564 629 305
1831 9 7 226 135.99
349 212 73 95
1832 66 1 181 48.26
101 172 38 39
1833 24 51 215 109.07
186 194 483 470
1834 25 6 55 175.09
283 226 904 972
1835 118 72 241 22.20
35 27 168 34
1836 13 25 95 288.31
801 166 165 176
1837 14 144 287 314.41
888 153 142 149
1838 52 125 233 98.14
120 700 126 127
1839 3 74 288 140.24
168 971 241 196
1840 10 173 240 34.95
46 51 318 48
1841 2 75 167 465.47
1037 1316 407 446
1842 114 22 253 176.34
493 108 80 87
1843 10 42 288 444.57
1272 176 159 186
1844 180 8 259 105.57
167 184 164 1256
1845 61 4 183 99.56
146 164 676 331
1846 22 1 274 99.32
144 397 436 130
1847 12 7 142 398.74
625 1525 1411 751
1848 38 18 233 59.23
127 198 45 48
1849 16 115 206 101.23
164 162 385 738
1850 29 126 276 55.67
98 84 141 453
1851 3 0 86 149.51
418 74 85 92
1852 84 54 287 92.36
155 171 199 833
1853 38 162 287 301.76
773 460 179 228
1854 90 126 270 73.36
97 97 671 118
1855 9 1 176 54.91
91 67 244 364
1856 44 5 92 105.95
160 219 176 1241
1857 36 56 276 45.33
54 326 63 61
1858 14 218 246 402.80
685 1314 1270 998
1859 54 99 255 86.44
103 638 115 77
1860 81 37 226 79.66
113 130 644 116
1861 128 30 228 307.23
740 680 210 200
1862 71 13 269 126.39
146 815 369 129
1863 29 4 257 125.98
201 387 589 186
1864 9 131 265 0.59
1 1 1 6
1865 52 66 195 49.51
65 81 432 81
1866 26 117 288 3.68
7 5 7 29
1867 4 208 288 5.90
16 4 5 4
1868 75 41 243 87.71
86 672 201 95
1869 125 7 217 163.93
185 985 598 206
1870 6 198 287 261.20
661 409 205 178
1871 18 120 288 81.36
140 148 135 774
1872 38 29 260 746.47
1702 1180 1816 634
1873 96 52 245 111.21
128 651 387 194
1874 70 29 271 1.56
3 3 3 9
1875 8 23 126 33.20
48 58 255 51
1876 14 103 288 29.38
80 20 22 21
1877 16 2 191 1.91
3 10 3 3
1878 96 114 234 13.14
20 26 90 19
1879 146 36 239 44.53
78 74 75 423
1880 5 140 254 304.12
852 146 173 176
1881 3 106 288 188.19
506 179 113 128
1882 3 101 288 203.36
568 110 111 114
1883 153 96 269 27.07
42 58 53 279
1884 5 81 181 66.94
93 145 495 110
1885 13 1 43 26.88
75 14 16 15
1886 102 57 269 53.05
70 364 61 54
1887 78 54 288 202.23
376 875 216 249
1888 2 134 201 198.07
558 109 81 93
1889 31 63 158 111.05
157 701 126 153
1890 28 143 247 4.22
7 8 7 43
1891 44 3 101 43.96
71 67 81 506
1892 25 4 116 126.62
213 234 214 1254
1893 1 16 161 68.60
86 483 81 92
1894 80 16 238 95.71
270 47 46 43
1895 27 111 288 428.03
1203 215 219 214
1896 56 75 287 207.49
588 90 107 77
1897 30 3 239 383.52
636 1397 1322 514
1898 10 4 132 87.97
156 414 101 100
1899 56 109 265 144.15
400 89 73 96
1900 3 1 49 34.33
49 210 43 53
1901 100 47 250 54.93
77 86 438 116
1902 70 67 218 133.42
223 173 649 715
1903 17 84 135 88.25
247 46 47 50
1904 51 35 248 281.02
478 434 1270 1375
1905 70 10 233 150.03
244 246 356 1492
1906 18 28 145 42.78
78 74 74 351
1907 30 100 212 355.61
588 763 1640 1269
1908 96 38 184 328.99
921 186 155 180
1909 33 83 287 187.57
534 79 69 98
1910 76 14 157 22.37
61 15 16 17
1911 6 97 152 41.86
73 73 58 417
1912 30 130 286 231.46
636 133 167 172
1913 58 138 277 216.86
609 129 94 89
1914 41 5 94 45.26
73 60 307 102
1915 25 32 245 115.67
330 40 55 52
1916 29 51 275 275.02
770 135 150 170
1917 110 4 154 52.31
88 99 93 502
1918 50 7 179 201.28
277 400 1154 1144
1919 45 22 118 215.30
340 846 783 260
1920 15 0 96 180.64
286 318 682 1333
1921 28 102 252 436.83
1242 193 188 169
1922 30 93 232 270.92
374 572 1579 1371
1923 68 49 280 10.17
28 6 7 7
1924 63 150 288 69.35
96 205 439 102
1925 5 34 169 12.79
14 100 14 18
1926 8 2 262 372.03
754 1400 378 254
1927 37 29 232 179.01
226 1021 555 249
1928 18 4 101 407.78
1155 205 145 206
1929 77 58 258 167.35
461 120 94 90
1930 8 24 202 24.89
42 35 160 42
1931 57 57 278 11.66
14 86 13 14
1932 26 1 280 125.09
341 90 91 75
1933 100 31 168 36.76
104 18 17 14
1934 17 69 260 193.07
272 701 1038 195
1935 41 2 201 178.58
468 225 113 115
1936 32 63 254 173.37
474 119 118 118
1937 152 21 237 84.85
239 47 38 33
1938 8 92 136 324.25
477 1107 1584 574
1939 14 178 287 20.95
59 9 12 11
1940 98 69 271 194.51
268 565 1237 322
1941 27 1 248 68.17
170 120 52 45
1942 22 89 287 362.29
525 1200 1358 1687
1943 61 31 219 42.12
120 16 17 23
1944 164 1 207 425.36
1142 441 243 229
1945 26 28 154 29.33
43 43 236 40
1946 93 59 255 440.77
1170 527 256 206
1947 12 101 240 512.08
1071 1546 834 401
1948 86 124 263 86.39
117 147 721 140
1949 11 18 229 485.93
1315 491 228 254
1950 81 7 284 204.44
291 457 1388 443
1951 134 74 287 37.00
106 14 14 14
1952 64 59 239 327.08
929 129 175 118
1953 17 11 245 166.52
246 275 967 854
1954 80 111 287 159.42
254 240 911 658
1955 71 3 262 94.69
123 656 117 89
1956 107 167 287 153.55
385 271 108 88
1957 22 24 214 4.01
7 7 7 37
1958 45 12 275 7.17
20 4 4 4
1959 31 4 115 706.14
1558 1643 1321 542
1960 67 76 282 24.56
33 32 226 31
1961 42 115 261 42.52
54 285 63 65
1962 34 89 255 166.48
248 254 935 951
1963 39 22 173 142.67
226 295 465 1067
1964 58 0 257 326.91
933 132 126 144
1965 41 1 228 12.06
33 8 9 7
1966 48 0 225 52.46
85 84 353 75
1967 38 156 287 188.21
313 283 1036 673
1968 47 170 262 335.62
944 173 168 152
1969 30 2 217 8.87
13 53 13 9
1970 4 57 287 737.48
1697 1669 991 506
1971 20 59 267 82.57
142 159 176 682
1972 28 86 243 22.82
63 14 14 15
1973 13 226 288 249.80
379 1158 757 292
1974 108 174 287 147.39
211 178 1187 384
1975 66 6 259 478.15
1170 939 332 402
1976 120 15 200 16.47
25 33 26 197
1977 26 18 288 78.81
135 415 68 69
1978 39 43 263 734.74
1689 1437 1299 582
1979 17 20 281 135.85
211 206 728 729
1980 60 5 75 13.88
14 113 18 17
1981 67 47 156 5.50
8 8 44 9
1982 3 123 287 482.91
1102 1257 430 406
1983 60 53 206 103.94
138 454 468 175
1984 23 237 288 577.37
1255 1301 1200 595
1985 46 48 239 459.32
840 1452 1416 517
1986 8 41 125 58.21
103 81 86 610
1987 68 53 256 32.75
53 51 58 377
1988 54 148 249 10.90
30 7 7 7
1989 46 71 241 70.96
162 190 60 49
1990 123 5 190 523.31
1280 1080 311 395
1991 136 15 264 18.69
27 28 153 24
1992 76 32 203 98.21
161 151 221 1013
1993 55 20 280 165.89
462 104 80 90
1994 10 4 158 14.09
40 7 5 6
1995 41 35 225 219.64
501 582 175 198
1996 4 277 287 174.83
297 274 755 919
1997 9 144 271 118.81
166 221 739 570
1998 21 159 205 29.12
38 51 251 47
1999 61 3 239 836.99
1772 1943 1743 1347
