288
0 0.04761
1 0.04761
2 0.04761
3 0.04761
4 0.04761
5 0.04761
6 0.04558
7 0.04558
8 0.04558
9 0.04558
10 0.04558
11 0.04558
12 0.04543
13 0.04543
14 0.04543
15 0.04543
16 0.04543
17 0.04543
18 0.04449
19 0.04449
20 0.04449
21 0.04449
22 0.04449
23 0.04449
24 0.04449
25 0.04449
26 0.04449
27 0.04449
28 0.04449
29 0.04449
30 0.03705
31 0.03705
32 0.03705
33 0.03705
34 0.03705
35 0.03705
36 0.03427
37 0.03427
38 0.03427
39 0.03427
40 0.03427
41 0.03427
42 0.03427
43 0.03427
44 0.03427
45 0.03427
46 0.03427
47 0.03427
48 0.04449
49 0.04449
50 0.04449
51 0.04449
52 0.04449
53 0.04449
54 0.04449
55 0.04449
56 0.04449
57 0.04449
58 0.04449
59 0.04449
60 0.04449
61 0.04449
62 0.04449
63 0.04449
64 0.04449
65 0.04449
66 0.04449
67 0.04449
68 0.04449
69 0.04449
70 0.04449
71 0.04449
72 0.04683
73 0.04683
74 0.04683
75 0.04683
76 0.04683
77 0.04683
78 0.04771
79 0.04771
80 0.04771
81 0.04771
82 0.04771
83 0.04771
84 0.04771
85 0.04771
86 0.04771
87 0.04771
88 0.04771
89 0.04771
90 0.05154
91 0.05154
92 0.05154
93 0.05154
94 0.05154
95 0.05154
96 0.05137
97 0.05137
98 0.05137
99 0.05137
100 0.05137
101 0.05137
102 0.05179
103 0.05179
104 0.05179
105 0.05179
106 0.05179
107 0.05179
108 0.06881
109 0.06881
110 0.06881
111 0.06881
112 0.06881
113 0.06881
114 0.06881
115 0.06881
116 0.06881
117 0.06881
118 0.06881
119 0.06881
120 0.06881
121 0.06881
122 0.06881
123 0.06881
124 0.06881
125 0.06881
126 0.06881
127 0.06881
128 0.06881
129 0.06881
130 0.06881
131 0.06881
132 0.06881
133 0.06881
134 0.06881
135 0.06881
136 0.06881
137 0.06881
138 0.06881
139 0.06881
140 0.06881
141 0.06881
142 0.06881
143 0.06881
144 0.06878
145 0.06878
146 0.06878
147 0.06878
148 0.06878
149 0.06878
150 0.06878
151 0.06878
152 0.06878
153 0.06878
154 0.06878
155 0.06878
156 0.05158
157 0.05158
158 0.05158
159 0.05158
160 0.05158
161 0.05158
162 0.05102
163 0.05102
164 0.05102
165 0.05102
166 0.05102
167 0.05102
168 0.04771
169 0.04771
170 0.04771
171 0.04771
172 0.04771
173 0.04771
174 0.04771
175 0.04771
176 0.04771
177 0.04771
178 0.04771
179 0.04771
180 0.04771
181 0.04771
182 0.04771
183 0.04771
184 0.04771
185 0.04771
186 0.04771
187 0.04771
188 0.04771
189 0.04771
190 0.04771
191 0.04771
192 0.04771
193 0.04771
194 0.04771
195 0.04771
196 0.04771
197 0.04771
198 0.04806
199 0.04806
200 0.04806
201 0.04806
202 0.04806
203 0.04806
204 0.06878
205 0.06878
206 0.06878
207 0.06878
208 0.06878
209 0.06878
210 0.10624
211 0.10624
212 0.10624
213 0.10624
214 0.10624
215 0.10624
216 0.13707
217 0.13707
218 0.13707
219 0.13707
220 0.13707
221 0.13707
222 0.14859
223 0.14859
224 0.14859
225 0.14859
226 0.14859
227 0.14859
228 0.10624
229 0.10624
230 0.10624
231 0.10624
232 0.10624
233 0.10624
234 0.06878
235 0.06878
236 0.06878
237 0.06878
238 0.06878
239 0.06878
240 0.04779
241 0.04779
242 0.04779
243 0.04779
244 0.04779
245 0.04779
246 0.04683
247 0.04683
248 0.04683
249 0.04683
250 0.04683
251 0.04683
252 0.04683
253 0.04683
254 0.04683
255 0.04683
256 0.04683
257 0.04683
258 0.04683
259 0.04683
260 0.04683
261 0.04683
262 0.04683
263 0.04683
264 0.04558
265 0.04558
266 0.04558
267 0.04558
268 0.04558
269 0.04558
270 0.04525
271 0.04525
272 0.04525
273 0.04525
274 0.04525
275 0.04525
276 0.04525
277 0.04525
278 0.04525
279 0.04525
280 0.04525
281 0.04525
282 0.03824
283 0.03824
284 0.03824
285 0.03824
286 0.03824
287 0.03824
