5
3
50
0 170 0.1 0.1
2562 2527 2574
1 130 0.0 0.1
2480 2545 2424
2 120 0.1 0.1
2506 2491 2531
3 150 0.1 0.1
2564 2422 2511
4 170 0.1 0.1
2491 2535 2500
5 150 0.1 0.1
2438 2474 2461
6 150 0.1 0.1
2489 2558 2485
7 120 0.1 0.1
2527 2535 2473
8 120 0.1 0.1
2409 2451 2498
9 130 0.0 0.1
2383 2570 2441
10 190 0.1 0.0
2428 2456 2477
11 150 0.1 0.1
2460 2537 2558
12 130 0.0 0.1
2500 2538 2561
13 170 0.1 0.1
2533 2459 2466
14 120 0.1 0.1
2575 2484 2456
15 170 0.1 0.1
2474 2536 2588
16 190 0.1 0.0
2514 2495 2532
17 170 0.1 0.1
2449 2585 2438
18 120 0.1 0.1
2440 2491 2401
19 120 0.1 0.1
2532 2527 2430
20 190 0.1 0.0
2556 2597 2473
21 130 0.0 0.1
2394 2472 2479
22 150 0.1 0.1
2553 2495 2374
23 190 0.1 0.0
2531 2473 2487
24 150 0.1 0.1
2486 2507 2558
25 190 0.1 0.0
2462 2437 2494
26 170 0.1 0.1
2432 2514 2479
27 190 0.1 0.0
2385 2510 2485
28 130 0.0 0.1
2446 2436 2512
29 120 0.1 0.1
2485 2493 2481
30 190 0.1 0.0
2492 2559 2489
31 190 0.1 0.0
2481 2578 2541
32 130 0.0 0.1
2524 2520 2457
33 150 0.1 0.1
2452 2450 2461
34 170 0.1 0.1
2492 2562 2491
35 120 0.1 0.1
2499 2514 2556
36 190 0.1 0.0
2505 2497 2518
37 170 0.1 0.1
2561 2486 2447
38 120 0.1 0.1
2525 2431 2465
39 130 0.0 0.1
2489 2446 2475
40 130 0.0 0.1
2550 2465 2528
41 150 0.1 0.1
2466 2486 2451
42 190 0.1 0.0
2509 2495 2481
43 130 0.0 0.1
2481 2568 2468
44 150 0.1 0.1
2570 2571 2484
45 170 0.1 0.1
2452 2415 2449
46 120 0.1 0.1
2543 2506 2571
47 130 0.0 0.1
2459 2600 2474
48 150 0.1 0.1
2479 2544 2485
49 120 0.1 0.1
2514 2444 2401
1000
0 14 171 265 356.01
721 1854 600
1 26 35 283 27.69
86 17 28
2 134 2 228 41.08
73 57 376
3 43 2 206 274.84
864 189 175
4 38 13 59 223.94
249 1597 1163
5 20 3 219 10.48
20 26 69
6 52 13 287 103.24
184 598 259
7 67 53 186 16.77
51 18 13
8 89 163 287 198.64
621 153 126
9 30 0 230 74.24
203 163 92
10 22 4 66 190.13
223 1352 912
11 4 149 259 152.55
328 715 243
12 93 8 256 11.76
17 11 143
13 25 64 288 137.09
313 207 744
14 38 60 277 78.15
138 474 173
15 13 0 256 157.18
505 58 99
16 29 103 237 256.30
778 259 233
17 125 56 241 64.40
83 573 84
18 31 25 125 195.64
609 181 97
19 37 175 288 193.51
612 118 120
20 61 62 206 81.10
127 152 803
21 98 132 287 204.62
329 750 1416
22 42 4 222 600.74
1551 1425 1227
23 54 52 276 45.28
139 30 54
24 11 124 241 414.62
1032 1369 538
25 13 84 263 155.32
257 186 1599
26 55 4 229 361.88
899 1198 477
27 110 98 288 58.48
185 33 40
28 75 22 253 124.38
228 227 1008
29 13 81 235 25.01
47 24 227
30 17 8 205 481.17
1160 1572 913
31 28 5 235 251.48
412 1137 1364
32 42 0 93 8.03
13 8 87
33 17 34 276 4.44
9 10 27
34 30 182 287 71.16
104 175 694
35 14 132 286 12.40
36 21 10
36 15 159 288 32.86
101 30 26
37 121 59 231 222.95
460 1170 303
38 45 29 186 35.42
43 333 38
39 91 0 228 371.94
1103 534 283
40 38 72 288 239.85
304 1578 1183
41 20 78 180 254.65
812 105 187
42 19 90 149 8.17
12 17 84
43 21 155 283 68.03
111 173 574
44 25 10 195 59.60
117 112 424
45 3 0 32 112.17
149 1021 81
46 25 159 287 9.95
13 23 110
47 215 0 258 50.82
157 38 47
48 30 176 271 51.28
76 428 40
49 65 82 273 4.60
6 40 7
50 35 202 288 289.14
707 1068 294
51 67 13 287 66.45
110 120 623
52 22 19 288 53.03
63 117 639
53 154 39 287 23.72
34 193 34
54 147 33 283 29.15
44 182 109
55 129 10 275 47.25
65 265 266
56 9 21 241 34.64
56 250 53
57 29 222 288 93.46
296 65 43
58 88 68 223 75.89
140 199 518
59 109 8 279 48.22
76 315 137
60 12 0 79 65.09
122 88 555
61 102 10 230 626.48
1884 828 401
62 7 6 50 343.32
1081 273 151
63 24 24 91 69.25
204 83 87
64 40 64 277 34.85
70 90 200
65 95 89 248 2.94
5 5 27
66 83 57 194 296.89
947 197 104
67 20 5 150 257.67
476 1450 593
68 9 0 262 322.26
856 808 425
69 44 41 183 147.32
475 53 83
70 169 35 286 16.33
29 29 140
71 29 116 241 177.56
400 819 175
72 15 7 279 11.81
24 19 83
73 3 135 287 3.04
4 24 8
74 8 186 257 34.49
108 25 23
75 41 7 127 133.27
199 1004 256
76 9 3 190 48.87
96 128 293
77 11 141 255 424.00
907 1871 882
78 18 181 223 17.34
23 139 41
79 2 273 287 115.55
139 161 1521
80 3 4 284 239.40
780 81 86
81 18 135 288 186.05
434 789 183
82 47 70 282 148.50
241 483 1104
83 30 1 233 16.71
22 43 177
84 14 6 110 218.07
404 517 1559
85 8 13 235 32.25
56 41 310
86 2 47 215 622.03
1564 1933 878
87 94 167 287 29.36
36 64 347
88 17 157 275 18.57
32 49 142
89 27 7 155 170.51
538 141 59
90 3 25 156 81.06
261 34 41
91 53 101 286 84.95
150 312 493
92 20 207 263 133.25
273 705 186
93 27 23 275 132.70
387 175 170
94 7 19 250 125.84
201 568 720
95 21 37 210 79.69
130 571 120
96 11 51 268 81.84
124 631 123
97 22 112 271 32.31
54 58 300
98 11 121 280 329.61
869 966 271
99 10 271 287 241.94
770 141 126
100 15 6 185 44.97
71 79 449
101 44 123 270 87.40
153 278 581
102 39 94 273 184.93
588 126 73
103 40 82 280 45.45
61 406 40
104 25 0 147 161.53
265 1138 262
105 25 1 287 80.41
162 155 537
106 30 107 288 41.10
83 222 59
107 6 10 276 33.37
61 48 291
108 1 70 201 254.97
805 190 116
109 14 1 159 298.65
804 678 425
110 96 9 228 91.33
114 160 1124
111 15 80 272 76.35
104 679 61
112 44 80 281 251.13
744 398 140
113 15 10 267 140.01
432 103 136
114 16 39 193 30.48
49 49 305
115 49 4 208 460.20
1484 225 169
116 83 32 142 95.57
153 399 593
117 123 14 239 55.63
86 442 52
118 11 4 229 490.82
1157 913 2151
119 15 269 288 113.44
371 33 39
120 42 176 271 79.18
144 537 61
121 23 51 228 25.79
30 61 309
122 2 1 270 199.51
357 348 1702
123 95 29 266 539.49
1581 987 224
124 50 8 197 3.04
5 4 31
125 102 123 279 0.40
1 1 1
126 184 71 287 129.28
194 563 858
127 117 66 283 140.85
311 235 805
128 20 15 187 137.96
184 1242 115
129 93 34 207 3.00
5 4 30
130 132 87 268 159.76
300 228 1340
131 94 70 198 140.94
217 235 1465
132 54 114 227 75.80
99 113 932
133 28 32 120 339.96
1025 434 222
134 33 46 228 8.91
15 10 91
135 28 170 272 195.28
626 112 73
136 1 82 287 10.62
15 85 19
137 35 161 287 26.36
84 14 15
138 56 3 229 89.21
132 174 927
139 3 71 215 191.86
271 862 1352
140 13 45 288 41.10
61 164 300
141 15 36 260 280.31
522 1764 336
142 85 91 287 148.94
172 1202 519
143 55 48 248 50.82
77 62 571
144 27 23 269 349.53
873 957 728
145 126 90 242 460.62
1395 609 226
146 49 8 131 3.06
7 5 16
147 9 4 124 115.45
170 314 1072
148 9 175 278 173.00
521 209 135
149 21 215 288 131.41
213 728 528
150 138 99 248 202.78
413 827 669
151 113 40 284 43.30
54 368 95
152 6 32 288 137.56
245 263 1147
153 13 240 288 24.69
74 27 26
154 16 11 142 90.71
116 833 86
155 29 94 264 198.58
578 298 208
156 39 69 274 201.64
428 1021 246
157 74 39 178 118.34
245 153 857
158 39 236 288 206.88
282 1223 1089
159 27 35 207 364.40
1139 251 277
160 36 0 94 480.18
1469 505 327
161 84 22 248 142.92
249 403 1036
162 14 223 288 487.97
1208 1782 423
163 20 1 71 233.45
368 887 1620
164 43 47 129 57.58
85 418 141
165 40 63 254 71.73
139 68 623
166 11 93 203 59.03
113 277 191
167 109 3 139 93.16
190 361 334
168 7 0 185 13.03
26 15 104
169 146 3 268 371.32
946 1119 490
170 11 9 93 352.91
1047 561 184
171 60 75 254 6.91
20 11 7
172 79 84 288 592.84
1732 1119 232
173 6 164 286 146.47
255 445 1015
174 28 0 257 464.40
862 2340 1450
175 47 59 189 141.51
456 68 56
176 91 63 252 62.56
128 342 72
177 74 44 257 195.09
296 1403 442
178 21 122 208 118.78
370 68 120
179 20 143 287 142.08
183 1259 194
180 28 82 260 224.24
658 293 263
181 98 83 288 16.81
26 18 189
182 145 60 285 30.43
65 45 198
183 60 145 283 4.75
7 9 50
184 1 71 269 47.39
86 114 349
185 63 14 196 80.55
112 112 955
186 4 1 172 41.12
89 87 220
187 5 104 278 78.06
130 152 710
188 8 185 235 119.10
375 71 88
189 94 110 242 220.73
377 595 1694
190 48 81 284 11.49
14 106 15
191 61 29 154 23.04
36 41 232
192 33 25 279 278.43
391 1853 1075
193 10 0 137 247.13
280 1401 1789
194 12 58 207 192.62
620 106 61
195 83 2 242 209.56
668 124 99
196 79 61 270 537.65
1747 152 271
197 159 64 288 5.05
9 9 43
198 26 11 271 40.40
128 23 26
199 81 50 277 8.45
16 18 61
200 35 200 287 238.85
373 1389 960
201 27 56 186 34.62
53 247 78
202 2 118 188 67.52
90 85 841
203 210 15 240 110.14
228 177 746
204 18 1 95 29.42
57 63 203
205 25 27 90 41.06
69 296 45
206 14 121 285 32.36
42 64 376
207 54 0 80 148.96
341 225 802
208 50 4 287 196.80
320 1110 754
209 20 74 285 177.60
341 679 799
210 78 15 142 456.67
1084 1892 385
211 1 21 200 439.86
1012 1574 968
212 118 35 223 149.87
460 108 166
213 8 128 232 97.66
164 138 957
214 24 94 212 37.85
57 284 71
215 28 74 259 86.34
275 52 41
216 12 78 287 522.19
1566 726 311
217 30 6 175 29.23
54 172 56
218 31 0 66 422.86
974 1547 872
219 47 8 287 3.76
7 24 4
220 14 18 272 168.48
340 809 395
221 84 64 282 420.51
1333 218 297
222 102 32 277 59.58
113 137 414
223 9 56 278 6.36
10 7 70
224 54 45 233 137.12
186 1224 108
225 124 48 245 37.64
58 302 32
226 76 41 287 228.48
718 164 137
227 35 6 230 158.66
281 358 1252
228 6 45 58 33.50
40 292 75
229 116 14 157 7.81
16 16 49
230 27 147 268 280.53
884 222 120
231 27 226 272 357.66
1003 720 366
232 30 159 272 337.83
827 1347 188
233 3 60 212 432.36
1250 709 422
234 59 1 256 303.55
870 596 202
235 115 47 287 62.05
194 50 36
236 25 10 264 163.60
244 984 689
237 19 31 218 30.20
29 304 56
238 10 21 102 357.89
1098 427 146
239 1 118 148 1.99
6 2 2
240 40 1 137 99.14
130 572 579
241 18 67 287 21.94
31 45 235
242 103 49 287 500.14
1607 190 306
243 32 0 174 451.84
1178 1465 253
244 10 190 249 35.88
44 337 36
245 10 108 211 334.51
920 772 321
246 4 47 154 198.43
371 865 803
247 19 121 177 76.03
240 40 60
248 76 23 133 50.61
81 158 394
249 87 39 174 346.63
1103 184 209
250 99 135 261 33.48
61 215 43
251 92 36 220 187.53
571 229 99
252 12 1 128 314.06
1022 130 86
253 2 229 283 74.37
114 203 658
254 107 10 221 9.88
31 8 5
255 82 115 268 347.10
831 1332 402
256 72 113 272 380.98
833 1872 380
257 27 185 288 587.70
1755 852 350
258 19 78 277 156.46
491 106 108
259 57 59 158 86.00
83 792 267
260 66 34 278 14.15
13 150 19
261 73 34 284 15.46
48 8 18
262 2 0 84 66.38
115 105 609
263 8 1 77 98.68
104 416 984
264 74 8 173 129.79
228 101 1325
265 22 10 288 48.96
81 86 463
266 59 31 259 16.88
26 21 186
267 33 18 125 122.37
386 80 75
268 40 219 288 27.96
85 24 31
269 16 14 226 155.55
239 935 607
270 28 222 275 397.43
1282 223 100
271 9 258 288 508.57
1368 1287 533
272 52 166 286 29.04
37 255 46
273 106 0 288 231.34
747 73 138
274 25 93 272 572.41
1238 1824 2149
275 35 28 144 62.88
127 125 412
276 13 6 76 188.69
268 1536 287
277 36 10 288 399.24
1255 273 257
278 33 0 213 46.47
144 36 38
279 38 80 255 203.29
315 1329 614
280 116 78 287 184.60
603 54 68
281 39 15 127 129.83
216 655 579
282 46 2 286 39.66
84 190 66
283 4 39 165 437.73
1430 145 135
284 74 110 276 185.52
328 1270 191
285 52 160 257 144.34
470 52 49
286 3 59 266 42.30
81 39 376
287 21 53 259 64.14
187 85 82
288 15 210 288 288.80
917 144 202
289 81 39 242 128.88
404 80 103
290 8 1 209 35.59
38 341 65
291 92 46 276 59.79
73 105 747
292 62 98 276 26.78
43 40 273
293 55 20 111 343.72
1083 240 196
294 12 126 267 33.58
55 210 95
295 6 17 268 12.67
24 26 93
296 96 94 246 383.89
1016 1044 410
297 57 11 205 22.22
31 186 30
298 6 2 115 5.28
16 6 4
299 1 28 120 33.29
51 54 350
300 150 4 246 453.57
1334 717 324
301 23 114 279 297.44
949 159 160
302 74 86 274 2.83
4 22 6
303 59 69 156 18.23
25 147 36
304 67 0 201 89.64
151 108 903
305 11 89 287 226.60
731 105 90
306 14 5 284 120.28
223 463 592
307 4 2 104 22.09
30 184 37
308 20 9 95 13.43
43 8 5
309 6 39 143 34.34
53 60 352
310 22 5 153 371.81
1184 216 190
311 158 126 287 28.41
44 69 261
312 65 154 282 64.73
103 101 660
313 58 2 123 389.89
1222 298 229
314 8 18 246 25.03
43 37 236
315 122 47 288 12.63
22 82 22
316 18 3 184 387.80
1142 587 306
317 11 233 288 45.54
67 336 105
318 87 131 285 51.37
106 56 390
319 118 68 281 46.53
48 479 47
320 13 27 277 173.32
229 1518 223
321 40 243 288 191.42
375 541 1095
322 3 16 195 31.22
54 212 43
323 42 16 152 69.49
146 82 500
324 24 1 62 24.35
78 13 11
325 69 129 278 51.77
162 37 36
326 58 161 287 329.67
527 1553 1786
327 29 153 287 88.81
177 153 634
328 6 148 288 121.82
373 92 135
329 27 4 115 48.11
55 76 640
330 38 107 183 13.22
20 34 122
331 29 8 154 383.72
753 1682 1290
332 150 40 285 67.06
83 139 798
333 63 0 278 94.52
120 171 1141
334 12 148 259 312.80
502 1468 1689
335 9 249 287 460.58
1174 1387 605
336 15 137 287 19.87
28 47 204
337 23 237 279 519.76
1207 2003 851
338 63 24 240 128.67
190 142 1503
339 10 148 288 117.35
170 244 1222
340 60 2 81 55.76
91 146 464
341 107 6 257 597.44
1749 967 450
342 46 197 263 185.65
579 136 138
343 15 14 122 71.68
226 38 58
344 57 143 231 18.21
53 26 21
345 8 76 287 278.88
736 766 301
346 93 49 277 112.91
340 128 101
347 17 116 285 327.56
1059 115 169
348 24 110 237 189.66
603 124 83
349 116 5 201 28.11
44 209 44
350 25 31 252 61.57
110 389 104
351 41 131 285 451.22
1357 606 274
352 78 161 272 376.69
995 967 502
353 48 52 242 56.58
175 53 35
354 3 185 252 382.01
1190 377 148
355 59 123 288 27.37
53 44 211
356 22 15 189 23.34
74 17 9
357 133 59 287 446.34
1425 247 221
358 18 57 161 100.70
166 708 160
359 14 3 169 56.84
106 347 83
360 44 33 228 48.75
65 432 51
361 13 13 197 42.26
63 89 426
362 63 75 176 6.82
8 15 83
363 20 4 139 4.48
8 8 38
364 106 76 204 25.68
40 192 40
365 2 0 281 169.90
322 850 493
366 78 158 288 142.86
158 324 1790
367 65 33 258 620.78
1812 952 584
368 10 192 288 265.78
469 1738 402
369 22 98 288 87.48
122 716 143
370 43 33 252 11.38
17 85 23
371 44 40 188 92.83
293 57 61
372 3 113 217 8.81
11 19 103
373 79 168 288 334.76
571 1902 1075
374 51 2 284 9.23
13 75 15
375 11 31 268 18.46
28 144 25
376 35 2 181 73.99
119 535 116
377 20 7 243 113.97
182 398 827
378 56 16 234 275.33
551 1518 384
379 130 4 232 34.47
53 258 58
380 12 31 102 267.51
819 302 147
381 125 3 206 88.39
277 59 65
382 8 15 65 24.86
47 93 120
383 125 75 254 24.90
56 27 157
384 110 36 259 253.13
793 173 182
385 25 39 288 415.23
976 1378 931
386 2 37 241 185.46
573 175 117
387 14 13 148 55.40
93 193 371
388 10 1 96 89.43
145 196 808
389 10 87 279 82.16
112 128 969
390 76 71 277 32.57
49 52 350
391 48 163 223 105.05
106 1024 209
392 83 33 284 253.07
799 166 149
393 94 5 267 39.69
107 105 33
394 29 37 246 86.68
151 594 104
395 156 56 217 26.06
37 50 283
396 123 33 218 551.93
1752 302 349
397 12 73 288 36.88
58 270 62
398 37 5 56 371.43
1084 588 323
399 7 128 272 222.11
589 638 178
400 19 128 288 414.07
937 1539 935
401 10 8 288 384.95
911 1486 507
402 2 69 236 23.00
33 51 237
403 15 32 82 682.85
1844 1781 586
404 1 51 217 424.42
1179 915 422
405 67 143 288 223.67
435 816 1026
406 4 17 201 144.23
211 645 970
407 97 131 287 6.38
15 8 34
408 136 18 288 60.95
109 102 527
409 99 2 178 1.65
5 2 1
410 17 211 288 175.18
284 776 995
411 39 48 159 349.00
1113 232 123
412 20 29 287 91.16
189 470 130
413 14 37 244 34.22
111 14 12
414 58 87 287 162.04
489 174 152
415 97 98 287 18.50
58 10 17
416 27 16 112 325.79
557 1291 1877
417 39 13 287 192.37
283 806 1364
418 46 14 288 290.33
511 1398 1199
419 20 2 204 24.16
75 20 17
420 2 100 266 88.52
121 373 689
421 6 191 285 140.71
242 132 1439
422 31 25 90 17.09
22 25 213
423 30 0 72 113.44
179 127 1242
424 28 67 287 105.12
222 213 615
425 3 50 182 26.42
41 55 256
426 52 124 288 95.91
216 413 139
427 22 35 288 677.13
1783 990 2064
428 10 53 278 249.37
797 123 140
429 10 3 261 121.85
137 1077 310
430 39 95 287 341.44
969 660 310
431 21 219 287 59.16
186 47 28
432 41 123 212 207.03
424 1118 256
433 1 188 288 47.06
59 416 77
434 88 22 160 408.73
1277 382 164
435 1 40 234 26.21
49 29 234
436 60 120 288 10.14
31 8 11
437 108 171 287 90.00
158 197 729
438 84 99 287 222.19
348 1316 850
439 1 141 275 20.32
33 140 40
440 10 271 287 301.98
487 1358 1703
441 76 59 288 318.75
946 420 294
442 19 11 248 56.62
74 93 683
443 49 26 199 559.02
1765 394 288
444 49 12 285 155.81
256 881 575
445 47 18 281 279.72
634 1240 324
446 1 20 136 206.60
223 1612 912
447 34 83 287 21.14
35 159 17
448 96 86 239 163.96
273 617 1045
449 3 51 244 48.45
77 116 434
450 69 32 226 104.29
136 934 116
451 4 92 285 94.73
290 97 67
452 14 58 215 588.23
1660 1239 447
453 6 0 110 712.78
2069 1130 696
454 22 5 101 78.36
124 612 69
455 5 185 241 84.72
270 53 36
456 76 2 247 179.91
466 542 184
457 79 18 257 16.45
28 25 156
458 147 31 199 129.70
410 103 46
459 55 3 197 96.67
305 77 38
460 107 165 287 122.80
383 78 109
461 72 37 272 64.78
107 79 666
462 48 42 225 280.29
889 187 132
463 3 265 287 117.24
149 707 672
464 84 123 287 241.43
383 1037 1479
465 25 5 173 165.10
299 267 1415
466 10 5 143 394.01
778 1549 1558
467 3 86 262 245.00
615 790 310
468 10 14 260 99.46
128 869 155
469 29 174 240 7.81
16 10 58
470 17 50 233 25.75
79 29 13
471 48 59 254 54.41
79 108 573
472 11 122 275 107.91
156 561 621
473 30 7 216 43.40
137 29 25
474 93 23 268 748.39
2211 1146 521
475 1 62 238 44.94
94 76 292
476 31 201 266 16.71
51 19 10
477 34 8 219 299.64
589 935 1568
478 4 2 211 23.17
40 39 210
479 80 32 288 41.67
133 19 27
480 1 3 194 7.52
12 54 13
481 4 175 271 265.72
859 115 105
482 102 1 182 163.05
497 168 129
483 6 58 192 508.33
1629 316 157
484 9 41 65 60.05
57 599 124
485 20 16 267 16.77
26 26 176
486 113 25 251 24.77
33 179 87
487 61 5 183 372.36
645 2016 1276
488 29 0 219 83.68
87 788 190
489 66 82 236 53.69
119 56 354
490 62 105 249 126.28
387 89 147
491 123 33 276 44.35
76 84 392
492 56 59 273 170.82
378 824 162
493 34 43 281 59.56
155 190 40
494 24 5 248 67.50
216 30 41
495 8 191 288 7.18
13 44 13
496 14 3 105 430.27
1220 912 278
497 87 18 169 26.25
49 69 175
498 1 140 287 94.26
190 155 669
499 18 84 269 136.14
164 852 797
500 28 150 254 62.56
99 468 86
501 87 132 264 44.08
67 341 63
502 86 5 226 82.39
258 45 77
503 97 100 288 30.16
51 34 306
504 2 182 277 397.60
1141 725 338
505 35 90 287 470.48
1496 334 165
506 206 0 288 38.93
120 33 32
507 10 2 163 133.31
432 52 54
508 14 77 285 0.40
1 1 1
509 107 44 251 122.52
182 631 680
510 23 143 267 232.31
350 805 1842
511 72 28 284 35.57
109 38 22
512 8 5 215 37.72
46 354 40
513 25 152 274 58.21
116 92 428
514 56 1 161 208.38
643 210 117
515 1 43 269 471.58
1123 1634 852
516 12 18 261 18.50
51 46 12
517 29 127 287 100.32
173 190 879
518 53 139 287 101.38
185 236 751
519 34 99 288 1.58
5 1 1
520 40 8 114 41.86
91 194 63
521 2 106 283 110.33
222 496 314
522 8 0 91 88.41
132 334 668
523 167 36 286 61.29
102 52 659
524 5 41 208 717.64
2055 1118 927
525 7 22 238 269.42
772 460 284
526 14 6 42 42.20
63 352 30
527 4 9 216 7.27
9 66 10
528 52 11 173 543.71
1423 1183 1136
529 68 47 287 25.47
46 36 227
530 6 7 287 535.35
1534 1027 395
531 3 24 259 389.80
966 1320 486
532 54 33 198 113.10
350 83 103
533 38 63 270 105.08
328 89 58
534 20 14 169 313.28
997 209 124
535 35 47 158 54.13
59 529 75
536 20 7 178 3.46
6 4 34
537 16 37 275 201.45
660 60 59
538 47 12 170 10.69
12 102 16
539 49 18 265 37.83
67 71 320
540 23 102 237 81.78
146 110 749
541 13 63 248 16.47
24 30 177
542 15 25 261 27.73
57 143 43
543 41 63 241 30.69
96 25 17
544 91 59 287 45.73
87 113 304
545 56 115 285 50.65
59 482 63
546 48 181 288 421.21
1357 127 282
547 84 127 288 15.84
48 16 15
548 31 14 197 52.59
89 298 175
549 15 1 76 42.14
67 95 386
550 2 70 174 89.13
144 176 838
551 45 23 141 204.34
265 1579 614
552 60 163 288 296.49
945 156 170
553 7 136 286 15.00
27 16 142
554 4 137 166 643.76
1683 1526 1170
555 155 112 287 47.54
87 305 59
556 41 70 190 57.74
83 492 48
557 63 38 199 1.06
2 2 8
558 110 99 285 12.97
13 130 21
559 5 121 275 96.56
143 402 682
560 24 197 263 6.51
11 10 62
561 74 62 270 169.90
520 172 124
562 33 16 124 128.50
226 320 980
563 8 60 280 572.81
1472 2011 240
564 17 0 144 54.20
89 146 441
565 18 34 283 226.08
322 1590 713
566 57 52 278 69.13
206 79 76
567 62 89 256 35.42
113 17 22
568 14 48 261 215.45
263 1023 1725
569 10 52 228 149.22
164 1445 217
570 53 33 264 28.75
47 45 284
571 49 21 282 29.27
92 22 16
572 76 56 266 35.33
61 67 309
573 126 23 262 17.36
15 184 30
574 62 13 287 127.99
402 74 105
575 55 31 136 49.21
96 86 364
576 38 12 184 231.40
740 104 142
577 7 10 197 104.06
312 129 86
578 5 6 253 13.75
20 107 25
579 25 116 288 274.82
395 1942 828
580 6 199 275 38.23
67 196 142
581 66 29 208 22.60
40 56 171
582 16 187 288 268.49
648 1056 236
583 74 11 133 15.59
17 150 25
584 26 153 253 65.73
104 218 501
585 6 27 168 430.33
1313 471 290
586 5 29 225 125.46
268 156 860
587 46 44 238 229.14
300 1245 1457
588 16 3 35 208.61
362 1287 474
589 29 23 176 344.96
1119 143 119
590 33 67 273 50.01
149 66 42
591 64 27 203 45.94
69 69 501
592 2 54 79 17.53
26 46 164
593 35 31 184 464.23
1186 1458 501
594 6 159 287 24.39
41 39 232
595 2 75 287 157.33
277 493 1046
596 1 0 70 3.78
5 5 47
597 12 118 287 21.65
35 39 209
598 53 86 282 95.42
163 202 815
599 37 81 282 453.53
1454 195 266
600 77 171 288 73.80
110 122 794
601 35 5 257 10.98
16 18 121
602 59 152 281 310.77
916 520 165
603 9 52 205 20.70
34 26 213
604 28 216 288 29.21
61 145 47
605 114 16 288 62.35
131 122 376
606 11 159 274 106.17
131 223 1262
607 7 44 200 145.65
227 534 1058
608 44 3 259 5.91
11 10 48
609 142 5 254 6.74
20 9 6
610 120 17 288 216.76
697 117 77
611 110 0 269 333.16
1063 144 230
612 17 23 245 23.74
44 106 95
613 92 3 113 32.99
64 58 246
614 33 6 185 80.81
116 162 858
615 94 19 250 20.97
40 27 176
616 80 136 285 110.50
326 138 127
617 167 99 287 45.20
70 92 442
618 66 7 192 41.71
60 313 98
619 26 15 241 36.86
54 299 46
620 77 57 202 85.81
110 757 126
621 104 0 286 125.58
212 242 1126
622 44 57 285 139.35
293 182 975
623 33 8 179 172.35
261 806 1044
624 24 12 77 224.45
541 835 274
625 112 20 276 60.91
197 26 24
626 13 116 204 105.08
167 811 102
627 59 78 287 213.15
427 666 1058
628 5 115 215 59.69
84 488 93
629 26 137 275 56.39
184 20 17
630 56 108 242 113.90
366 67 34
631 46 1 108 10.35
20 62 12
632 43 84 287 13.07
16 119 19
633 70 10 95 146.22
266 555 767
634 1 3 193 17.40
23 144 35
635 65 76 150 1.58
5 1 1
636 15 0 138 145.23
216 620 996
637 80 77 245 13.56
25 88 14
638 16 6 221 474.77
1520 229 256
639 3 25 233 23.49
67 44 21
640 71 86 252 67.97
104 530 86
641 9 8 255 93.44
178 164 720
642 11 25 127 17.45
28 14 196
643 3 13 126 33.60
108 15 17
644 61 212 288 152.98
354 675 131
645 5 61 267 33.37
60 78 253
646 7 128 174 152.64
488 57 112
647 16 15 209 100.05
154 783 116
648 6 58 284 19.77
30 24 222
649 93 101 268 235.33
755 106 127
650 75 101 287 181.00
566 150 98
651 41 134 275 305.68
954 291 122
652 117 87 267 46.40
141 45 44
653 7 7 132 52.23
60 379 248
654 16 230 288 9.06
17 19 67
655 44 16 244 24.44
36 45 259
656 34 53 258 62.56
133 322 67
657 87 5 184 71.75
224 55 48
658 18 40 266 93.44
251 244 89
659 96 2 154 280.19
508 1292 1139
660 8 2 244 85.75
123 674 158
661 88 138 285 113.06
102 1235 110
662 13 10 288 79.58
152 162 577
663 1 270 287 55.13
70 126 626
664 28 218 284 232.58
738 134 139
665 40 5 262 38.71
72 247 42
666 56 81 155 155.53
287 930 278
667 49 32 148 61.33
81 540 75
668 70 29 288 28.60
59 42 201
669 70 82 287 20.91
59 46 13
670 9 27 263 632.59
1532 2155 1019
671 13 182 276 107.59
346 46 56
672 20 0 261 85.16
177 182 504
673 60 150 219 333.39
1079 147 119
674 43 242 288 518.53
1671 221 247
675 1 0 141 166.71
542 69 49
676 16 2 231 123.32
237 201 959
677 15 155 238 30.73
39 55 372
678 31 65 199 2.32
4 4 21
679 103 64 178 35.08
46 95 366
680 56 11 229 8.41
15 18 67
681 42 158 274 12.36
17 35 121
682 49 20 193 593.34
1866 445 317
683 46 42 219 358.23
1119 315 175
684 4 34 256 136.97
407 141 182
685 10 1 231 22.87
40 153 32
686 40 178 280 237.19
554 1036 183
687 173 59 284 88.66
278 76 39
688 20 2 220 91.75
120 754 201
689 7 72 233 12.80
40 10 8
690 89 97 201 73.12
75 732 108
691 82 8 108 14.57
17 138 19
692 74 79 288 272.08
686 964 193
693 30 79 183 53.41
130 211 38
694 73 31 270 3.40
5 25 8
695 32 232 287 198.22
270 791 1616
696 14 269 288 90.44
287 56 48
697 95 6 287 559.55
1654 811 452
698 118 57 230 22.62
41 51 172
699 18 78 253 153.17
201 1080 599
700 19 149 232 40.76
62 330 36
701 17 7 89 93.80
197 105 684
702 8 191 288 83.57
273 29 24
703 44 129 287 109.62
352 64 35
704 38 2 260 11.00
12 101 25
705 7 37 145 159.50
328 816 256
706 3 209 287 15.10
24 17 164
707 57 220 288 46.23
84 69 403
708 97 95 264 127.44
231 300 950
709 140 18 257 36.37
58 82 332
710 59 111 277 65.01
114 156 507
711 20 14 94 548.89
1331 1862 884
712 64 213 288 22.24
36 159 36
713 3 50 266 349.25
727 1612 761
714 26 18 288 150.46
467 132 95
715 7 7 116 33.46
50 268 40
716 61 157 251 71.85
226 52 41
717 114 120 238 146.16
468 82 61
718 113 56 197 43.00
62 78 467
719 27 78 231 129.01
363 252 135
720 93 1 288 222.61
605 490 300
721 22 66 272 392.02
1023 1057 534
722 51 68 234 171.33
505 288 89
723 19 2 152 110.46
200 458 528
724 19 21 285 3.23
7 7 17
725 126 12 259 461.99
1236 1218 458
726 56 3 201 131.58
246 386 814
727 42 3 249 37.15
70 43 325
728 103 96 277 23.40
35 174 48
729 6 14 285 14.68
27 97 13
730 1 0 94 360.95
850 1316 621
731 8 3 273 505.93
1049 2158 1397
732 2 0 11 3.68
6 4 39
733 2 0 163 13.14
25 30 91
734 48 32 127 152.22
305 579 600
735 81 46 156 566.20
1721 762 214
736 3 182 272 142.16
206 727 833
737 8 6 150 164.30
517 111 104
738 40 10 187 168.33
529 116 108
739 110 87 280 102.20
141 463 738
740 15 0 285 135.68
434 72 66
741 20 58 288 116.12
184 244 1095
742 16 234 270 29.93
60 155 56
743 66 112 288 134.71
225 232 1266
744 1 159 232 24.06
38 37 248
745 137 116 288 409.17
1300 243 222
746 14 78 288 313.24
707 1451 290
747 53 58 252 591.19
1664 1347 327
748 68 128 250 14.59
24 23 143
749 26 25 287 115.19
228 444 465
750 92 0 126 33.58
43 78 377
751 112 52 265 307.33
999 123 98
752 15 14 132 280.88
657 1113 381
753 71 17 221 195.47
630 59 129
754 2 226 288 5.70
11 8 46
755 142 96 271 26.99
49 60 206
756 12 2 86 380.72
1002 1198 202
757 8 0 136 21.48
36 39 198
758 92 1 256 6.21
19 6 5
759 28 99 288 351.45
755 1556 701
760 156 67 277 80.81
111 172 878
761 2 21 145 64.59
97 142 637
762 31 18 257 26.04
81 25 12
763 119 45 224 139.97
357 397 219
764 2 42 213 267.16
847 163 151
765 4 75 233 7.62
14 11 66
766 45 179 287 120.54
238 273 778
767 5 5 272 132.98
204 350 1195
768 20 4 230 84.53
164 78 736
769 48 6 75 34.79
49 55 398
770 104 67 224 49.11
71 57 580
771 65 146 287 656.75
1892 1253 424
772 149 10 269 367.46
728 1470 1398
773 132 147 288 37.93
56 50 431
774 43 49 285 5.96
11 14 43
775 94 38 287 51.66
122 216 45
776 7 46 284 276.24
549 1449 523
777 36 2 229 138.11
439 85 69
778 112 25 170 70.27
130 71 647
779 3 95 246 425.08
924 1840 835
780 30 6 101 109.87
210 432 483
781 39 30 231 69.09
224 33 18
782 16 164 242 115.78
371 46 75
783 26 90 191 120.18
206 270 998
784 54 36 277 167.40
249 668 1218
785 66 8 197 102.33
324 47 84
786 2 46 255 223.86
366 1637 282
787 52 19 219 141.61
461 51 49
788 30 8 238 106.72
122 217 1347
789 99 0 229 11.19
18 24 103
790 108 43 236 70.25
97 516 210
791 64 94 287 169.62
251 1365 211
792 116 49 222 219.61
269 1088 1684
793 10 26 232 4.71
8 33 6
794 2 36 288 8.22
12 59 22
795 81 181 288 45.26
144 25 26
796 27 168 281 7.14
10 8 87
797 20 102 204 302.07
930 276 227
798 9 218 245 337.83
1076 231 119
799 64 0 288 252.20
538 1065 607
800 70 118 259 150.59
175 900 990
801 1 250 288 17.15
31 32 141
802 48 236 288 56.81
78 120 619
803 67 60 279 136.02
226 778 471
804 58 42 245 54.64
73 135 580
805 26 210 277 2.85
5 5 25
806 8 96 288 17.19
35 90 27
807 188 6 214 79.63
119 150 827
808 23 17 288 247.70
783 174 122
809 8 97 287 9.08
14 10 102
810 55 18 228 84.95
161 482 161
811 34 9 171 73.65
117 147 704
812 38 12 191 89.19
178 135 663
813 91 48 281 29.10
62 148 33
814 71 19 288 56.96
152 171 28
815 45 1 220 167.49
308 1092 171
816 4 80 279 204.81
487 841 178
817 29 97 287 195.89
622 117 108
818 12 141 287 112.93
218 243 783
819 32 52 207 17.87
55 16 14
820 34 5 192 317.11
855 820 292
821 9 69 287 3.55
7 6 26
822 26 83 254 112.34
130 219 1421
823 46 145 279 166.14
518 116 133
824 133 62 253 34.32
56 65 323
825 16 240 288 164.99
295 638 884
826 23 2 218 27.52
43 47 280
827 58 69 288 124.49
168 232 1423
828 16 184 287 288.47
917 156 176
829 42 103 255 373.35
925 1261 472
830 67 95 284 272.96
765 532 309
831 24 45 240 174.73
558 95 88
832 19 21 71 72.99
80 602 265
833 35 9 110 145.86
458 108 85
834 127 48 284 309.84
981 184 192
835 21 175 243 246.01
789 142 88
836 5 2 167 20.15
29 158 37
837 56 138 288 39.83
54 352 37
838 69 172 287 158.79
512 76 61
839 37 3 182 284.28
904 176 138
840 24 62 221 11.91
37 10 8
841 85 79 283 9.00
19 14 59
842 70 11 203 445.06
1163 1328 403
843 23 0 239 135.55
219 254 1295
844 69 138 287 375.67
1188 247 207
845 51 12 172 31.64
59 62 243
846 32 212 288 129.49
413 67 74
847 25 44 262 256.41
336 1646 1249
848 5 85 227 28.83
46 29 317
849 58 55 287 478.98
1066 1838 1120
850 81 17 171 105.90
184 152 991
851 5 177 287 285.59
515 1850 381
852 181 96 286 4.77
7 40 4
853 45 52 288 511.44
1658 169 248
854 52 7 102 37.11
54 71 394
855 11 152 273 30.58
47 226 56
856 25 86 285 123.81
258 434 474
857 18 32 224 131.67
318 486 162
858 3 21 163 88.88
123 184 967
859 32 28 243 175.05
257 984 869
860 30 89 288 28.47
48 202 35
861 18 94 221 562.95
1489 1428 762
862 30 12 140 84.57
262 74 57
863 7 0 71 355.86
1121 287 147
864 27 198 283 30.37
47 228 48
865 34 118 260 27.03
35 232 47
866 57 140 288 33.84
40 276 107
867 21 7 106 4.54
6 37 10
868 16 66 115 50.50
81 367 78
869 35 43 243 15.54
19 146 16
870 6 7 164 314.26
606 1477 982
871 5 27 208 99.94
317 60 57
872 39 15 230 62.16
62 619 109
873 85 50 281 15.63
46 18 21
874 33 86 213 152.43
201 1301 250
875 23 250 287 390.71
1014 1201 350
876 24 112 287 57.32
83 462 83
877 27 225 287 451.31
997 1942 792
878 4 1 83 28.32
43 215 47
879 29 86 245 172.28
551 99 73
880 31 1 98 159.04
320 948 103
881 16 132 193 70.42
131 160 510
882 68 4 280 118.44
215 146 1080
883 26 32 128 248.08
276 1942 1028
884 96 74 263 153.46
482 104 103
885 34 43 283 387.95
895 1604 513
886 40 71 288 18.88
40 26 128
887 26 132 259 32.29
44 77 341
888 48 183 276 38.65
63 276 60
889 16 8 274 311.28
624 1146 1282
890 132 5 258 402.16
1286 169 265
891 4 58 243 137.18
187 387 1358
892 12 35 271 174.52
530 231 75
893 2 120 254 119.37
147 1070 192
894 52 152 286 137.62
194 1130 205
895 14 210 288 14.68
23 27 146
896 25 164 281 7.86
10 10 101
897 11 2 31 48.77
67 389 102
898 65 43 147 115.95
362 88 79
899 18 11 191 343.02
550 1715 1698
900 34 8 215 47.99
49 494 52
901 9 46 288 458.36
1455 228 324
902 109 103 254 169.62
266 913 784
903 15 15 69 85.54
86 828 181
904 37 19 248 120.09
203 460 732
905 4 0 122 102.65
162 614 375
906 29 46 120 62.41
94 421 188
907 67 200 288 47.97
86 73 424
908 67 61 285 24.52
48 55 162
909 9 21 115 82.67
150 96 763
910 25 17 277 343.44
824 1327 372
911 2 136 257 33.50
49 266 51
912 3 78 247 424.89
1317 367 289
913 5 0 131 32.55
105 11 19
914 13 84 252 293.01
898 349 127
915 17 222 283 18.16
30 18 193
916 93 17 286 133.76
414 79 150
917 46 95 271 47.31
94 102 309
918 3 210 288 470.95
1322 1068 293
919 26 174 287 457.98
1287 956 399
920 44 12 219 71.07
97 509 240
921 111 39 246 177.96
381 892 208
922 11 71 208 55.46
80 456 69
923 91 41 186 33.14
26 367 52
924 30 44 264 64.00
84 536 123
925 39 3 254 373.44
1171 243 279
926 52 17 263 135.05
249 526 665
927 28 118 257 344.75
1091 179 256
928 55 49 197 87.93
163 119 762
929 127 155 287 105.16
190 631 213
930 96 6 167 70.46
155 112 415
931 16 36 165 20.11
36 38 167
932 46 70 288 14.57
22 24 155
933 103 71 287 130.27
194 332 1228
934 91 47 273 148.04
183 289 1790
935 44 64 280 216.45
685 142 116
936 13 184 282 37.30
69 56 316
937 11 251 288 150.95
478 95 85
938 137 126 277 96.99
162 712 94
939 56 32 266 364.65
1038 711 300
940 13 16 203 197.75
319 615 1526
941 7 3 209 163.71
321 691 592
942 55 32 209 14.53
22 36 136
943 6 27 261 65.96
207 53 33
944 33 95 274 14.24
45 8 10
945 127 60 204 53.84
92 355 98
946 267 2 287 23.51
45 139 33
947 106 109 284 83.53
149 141 723
948 42 124 259 265.30
835 135 233
949 65 79 256 74.15
146 305 276
950 92 29 249 23.61
74 14 20
951 90 48 211 61.84
90 506 75
952 19 3 123 315.14
858 719 376
953 51 49 282 324.96
888 832 229
954 48 110 288 305.87
947 228 270
955 10 17 278 80.26
258 42 31
956 15 13 36 277.51
807 431 274
957 22 47 125 113.95
188 497 636
958 2 43 164 30.52
49 221 48
959 20 144 256 308.85
852 735 245
960 6 270 287 6.17
10 8 64
961 142 22 236 355.99
779 1373 915
962 29 6 288 40.19
127 27 22
963 14 36 241 151.48
228 702 937
964 10 214 288 255.16
526 1165 611
965 44 40 228 6.84
9 12 81
966 10 7 99 51.43
79 145 447
967 32 3 88 240.40
741 178 237
968 12 74 284 92.49
166 437 372
969 5 17 288 57.38
89 137 530
970 76 3 163 39.05
56 179 264
971 10 54 176 74.26
142 322 281
972 32 0 260 113.76
368 38 60
973 8 85 253 38.67
121 21 37
974 114 56 275 10.83
16 83 20
975 11 85 287 220.99
688 175 153
976 12 167 250 64.50
147 92 360
977 137 58 287 69.51
105 215 588
978 34 237 287 85.12
272 44 45
979 81 153 242 37.83
53 307 64
980 5 36 179 116.78
212 101 1129
981 95 9 287 207.03
538 658 148
982 98 55 190 322.28
943 509 265
983 65 13 171 9.99
12 25 115
984 43 13 101 136.33
219 363 1150
985 83 79 227 457.12
1008 1343 1751
986 145 54 262 223.39
694 175 168
987 8 161 288 174.67
257 572 1478
988 33 30 115 61.67
160 196 46
989 40 20 89 27.18
49 43 236
990 8 33 130 173.78
261 834 1036
991 35 26 160 151.98
267 722 646
992 6 6 130 33.60
65 151 114
993 71 137 237 126.89
153 872 625
994 74 174 288 332.08
1076 157 94
995 46 1 287 92.40
298 45 34
996 11 71 287 559.95
1598 988 588
997 45 152 226 315.40
921 509 256
998 24 177 285 57.26
91 425 81
999 89 0 141 130.74
246 676 359
