288
0 0.07297
1 0.07297
2 0.07297
3 0.07297
4 0.07297
5 0.07297
6 0.07016
7 0.07016
8 0.07016
9 0.07016
10 0.07016
11 0.07016
12 0.07016
13 0.07016
14 0.07016
15 0.07016
16 0.07016
17 0.07016
18 0.07014
19 0.07014
20 0.07014
21 0.07014
22 0.07014
23 0.07014
24 0.07014
25 0.07014
26 0.07014
27 0.07014
28 0.07014
29 0.07014
30 0.07014
31 0.07014
32 0.07014
33 0.07014
34 0.07014
35 0.07014
36 0.07007
37 0.07007
38 0.07007
39 0.07007
40 0.07007
41 0.07007
42 0.07007
43 0.07007
44 0.07007
45 0.07007
46 0.07007
47 0.07007
48 0.07007
49 0.07007
50 0.07007
51 0.07007
52 0.07007
53 0.07007
54 0.07007
55 0.07007
56 0.07007
57 0.07007
58 0.07007
59 0.07007
60 0.07007
61 0.07007
62 0.07007
63 0.07007
64 0.07007
65 0.07007
66 0.07007
67 0.07007
68 0.07007
69 0.07007
70 0.07007
71 0.07007
72 0.05714
73 0.05714
74 0.05714
75 0.05714
76 0.05714
77 0.05714
78 0.05714
79 0.05714
80 0.05714
81 0.05714
82 0.05714
83 0.05714
84 0.05733
85 0.05733
86 0.05733
87 0.05733
88 0.05733
89 0.05733
90 0.05718
91 0.05718
92 0.05718
93 0.05718
94 0.05718
95 0.05718
96 0.05718
97 0.05718
98 0.05718
99 0.05718
100 0.05718
101 0.05718
102 0.05733
103 0.05733
104 0.05733
105 0.05733
106 0.05733
107 0.05733
108 0.06115
109 0.06115
110 0.06115
111 0.06115
112 0.06115
113 0.06115
114 0.06056
115 0.06056
116 0.06056
117 0.06056
118 0.06056
119 0.06056
120 0.06497
121 0.06497
122 0.06497
123 0.06497
124 0.06497
125 0.06497
126 0.06696
127 0.06696
128 0.06696
129 0.06696
130 0.06696
131 0.06696
132 0.06744
133 0.06744
134 0.06744
135 0.06744
136 0.06744
137 0.06744
138 0.06437
139 0.06437
140 0.06437
141 0.06437
142 0.06437
143 0.06437
144 0.07162
145 0.07162
146 0.07162
147 0.07162
148 0.07162
149 0.07162
150 0.07190
151 0.07190
152 0.07190
153 0.07190
154 0.07190
155 0.07190
156 0.05794
157 0.05794
158 0.05794
159 0.05794
160 0.05794
161 0.05794
162 0.05733
163 0.05733
164 0.05733
165 0.05733
166 0.05733
167 0.05733
168 0.05718
169 0.05718
170 0.05718
171 0.05718
172 0.05718
173 0.05718
174 0.05714
175 0.05714
176 0.05714
177 0.05714
178 0.05714
179 0.05714
180 0.05714
181 0.05714
182 0.05714
183 0.05714
184 0.05714
185 0.05714
186 0.05714
187 0.05714
188 0.05714
189 0.05714
190 0.05714
191 0.05714
192 0.05718
193 0.05718
194 0.05718
195 0.05718
196 0.05718
197 0.05718
198 0.05733
199 0.05733
200 0.05733
201 0.05733
202 0.05733
203 0.05733
204 0.05794
205 0.05794
206 0.05794
207 0.05794
208 0.05794
209 0.05794
210 0.06526
211 0.06526
212 0.06526
213 0.06526
214 0.06526
215 0.06526
216 0.05917
217 0.05917
218 0.05917
219 0.05917
220 0.05917
221 0.05917
222 0.07031
223 0.07031
224 0.07031
225 0.07031
226 0.07031
227 0.07031
228 0.07315
229 0.07315
230 0.07315
231 0.07315
232 0.07315
233 0.07315
234 0.07190
235 0.07190
236 0.07190
237 0.07190
238 0.07190
239 0.07190
240 0.06979
241 0.06979
242 0.06979
243 0.06979
244 0.06979
245 0.06979
246 0.06980
247 0.06980
248 0.06980
249 0.06980
250 0.06980
251 0.06980
252 0.06530
253 0.06530
254 0.06530
255 0.06530
256 0.06530
257 0.06530
258 0.07190
259 0.07190
260 0.07190
261 0.07190
262 0.07190
263 0.07190
264 0.05714
265 0.05714
266 0.05714
267 0.05714
268 0.05714
269 0.05714
270 0.04609
271 0.04609
272 0.04609
273 0.04609
274 0.04609
275 0.04609
276 0.05714
277 0.05714
278 0.05714
279 0.05714
280 0.05714
281 0.05714
282 0.05714
283 0.05714
284 0.05714
285 0.05714
286 0.05714
287 0.05714
