288
0 0.04672
1 0.04672
2 0.04672
3 0.04672
4 0.04672
5 0.04672
6 0.04642
7 0.04642
8 0.04642
9 0.04642
10 0.04642
11 0.04642
12 0.04590
13 0.04590
14 0.04590
15 0.04590
16 0.04590
17 0.04590
18 0.03924
19 0.03924
20 0.03924
21 0.03924
22 0.03924
23 0.03924
24 0.03924
25 0.03924
26 0.03924
27 0.03924
28 0.03924
29 0.03924
30 0.03914
31 0.03914
32 0.03914
33 0.03914
34 0.03914
35 0.03914
36 0.03666
37 0.03666
38 0.03666
39 0.03666
40 0.03666
41 0.03666
42 0.03666
43 0.03666
44 0.03666
45 0.03666
46 0.03666
47 0.03666
48 0.03666
49 0.03666
50 0.03666
51 0.03666
52 0.03666
53 0.03666
54 0.03666
55 0.03666
56 0.03666
57 0.03666
58 0.03666
59 0.03666
60 0.03666
61 0.03666
62 0.03666
63 0.03666
64 0.03666
65 0.03666
66 0.03666
67 0.03666
68 0.03666
69 0.03666
70 0.03666
71 0.03666
72 0.04149
73 0.04149
74 0.04149
75 0.04149
76 0.04149
77 0.04149
78 0.04149
79 0.04149
80 0.04149
81 0.04149
82 0.04149
83 0.04149
84 0.04149
85 0.04149
86 0.04149
87 0.04149
88 0.04149
89 0.04149
90 0.04149
91 0.04149
92 0.04149
93 0.04149
94 0.04149
95 0.04149
96 0.04149
97 0.04149
98 0.04149
99 0.04149
100 0.04149
101 0.04149
102 0.04311
103 0.04311
104 0.04311
105 0.04311
106 0.04311
107 0.04311
108 0.04353
109 0.04353
110 0.04353
111 0.04353
112 0.04353
113 0.04353
114 0.04488
115 0.04488
116 0.04488
117 0.04488
118 0.04488
119 0.04488
120 0.04521
121 0.04521
122 0.04521
123 0.04521
124 0.04521
125 0.04521
126 0.04497
127 0.04497
128 0.04497
129 0.04497
130 0.04497
131 0.04497
132 0.05927
133 0.05927
134 0.05927
135 0.05927
136 0.05927
137 0.05927
138 0.05927
139 0.05927
140 0.05927
141 0.05927
142 0.05927
143 0.05927
144 0.05927
145 0.05927
146 0.05927
147 0.05927
148 0.05927
149 0.05927
150 0.05927
151 0.05927
152 0.05927
153 0.05927
154 0.05927
155 0.05927
156 0.05927
157 0.05927
158 0.05927
159 0.05927
160 0.05927
161 0.05927
162 0.04521
163 0.04521
164 0.04521
165 0.04521
166 0.04521
167 0.04521
168 0.04488
169 0.04488
170 0.04488
171 0.04488
172 0.04488
173 0.04488
174 0.04488
175 0.04488
176 0.04488
177 0.04488
178 0.04488
179 0.04488
180 0.04488
181 0.04488
182 0.04488
183 0.04488
184 0.04488
185 0.04488
186 0.04488
187 0.04488
188 0.04488
189 0.04488
190 0.04488
191 0.04488
192 0.04357
193 0.04357
194 0.04357
195 0.04357
196 0.04357
197 0.04357
198 0.04488
199 0.04488
200 0.04488
201 0.04488
202 0.04488
203 0.04488
204 0.04357
205 0.04357
206 0.04357
207 0.04357
208 0.04357
209 0.04357
210 0.04488
211 0.04488
212 0.04488
213 0.04488
214 0.04488
215 0.04488
216 0.15159
217 0.15159
218 0.15159
219 0.15159
220 0.15159
221 0.15159
222 0.20138
223 0.20138
224 0.20138
225 0.20138
226 0.20138
227 0.20138
228 0.14089
229 0.14089
230 0.14089
231 0.14089
232 0.14089
233 0.14089
234 0.04858
235 0.04858
236 0.04858
237 0.04858
238 0.04858
239 0.04858
240 0.04497
241 0.04497
242 0.04497
243 0.04497
244 0.04497
245 0.04497
246 0.04521
247 0.04521
248 0.04521
249 0.04521
250 0.04521
251 0.04521
252 0.04488
253 0.04488
254 0.04488
255 0.04488
256 0.04488
257 0.04488
258 0.04488
259 0.04488
260 0.04488
261 0.04488
262 0.04488
263 0.04488
264 0.04357
265 0.04357
266 0.04357
267 0.04357
268 0.04357
269 0.04357
270 0.04488
271 0.04488
272 0.04488
273 0.04488
274 0.04488
275 0.04488
276 0.05369
277 0.05369
278 0.05369
279 0.05369
280 0.05369
281 0.05369
282 0.05369
283 0.05369
284 0.05369
285 0.05369
286 0.05369
287 0.05369
