5
4
70
0 120 0.1 0.1
2153 2100 2156 2137
1 190 0.1 0.0
2106 2148 2117 2150
2 130 0.0 0.1
2054 2152 2089 2124
3 170 0.1 0.1
2122 2092 2160 2106
4 170 0.1 0.1
2137 2173 2166 2122
5 120 0.1 0.1
2142 2185 2067 2118
6 130 0.0 0.1
2147 2107 2126 2177
7 170 0.1 0.1
2223 2164 2078 2199
8 150 0.1 0.1
2083 2095 2112 2160
9 190 0.1 0.0
2085 2160 2155 2168
10 150 0.1 0.1
2094 2181 2144 2120
11 150 0.1 0.1
2132 2221 2094 2066
12 190 0.1 0.0
2119 2108 2178 2097
13 190 0.1 0.0
2103 2134 2126 2228
14 190 0.1 0.0
2115 2164 2093 2176
15 120 0.1 0.1
2125 2078 2185 2111
16 150 0.1 0.1
2124 2172 2110 2118
17 170 0.1 0.1
2169 2095 2104 2064
18 170 0.1 0.1
2063 2156 2160 2187
19 170 0.1 0.1
2161 2072 2057 2093
20 120 0.1 0.1
2145 2061 2149 2171
21 120 0.1 0.1
2139 2169 2134 2182
22 120 0.1 0.1
2202 2118 2154 2096
23 170 0.1 0.1
2134 2094 2091 2178
24 190 0.1 0.0
2059 2130 2171 2169
25 190 0.1 0.0
2160 2162 2181 2100
26 190 0.1 0.0
2147 2080 2160 2082
27 190 0.1 0.0
2122 2102 2059 2196
28 120 0.1 0.1
2125 2085 2089 2135
29 120 0.1 0.1
2053 2153 2056 2106
30 190 0.1 0.0
2176 2108 2057 2090
31 170 0.1 0.1
2195 2081 2181 2134
32 170 0.1 0.1
2053 2175 2193 2120
33 190 0.1 0.0
2135 2116 2108 2103
34 170 0.1 0.1
2047 2118 2114 2046
35 190 0.1 0.0
2067 2241 2104 2065
36 120 0.1 0.1
2162 2085 2123 2124
37 150 0.1 0.1
2031 2159 2147 2089
38 120 0.1 0.1
2098 2177 1984 2162
39 190 0.1 0.0
2079 2069 2214 2161
40 190 0.1 0.0
2152 2122 2183 2084
41 130 0.0 0.1
2119 2051 2137 2106
42 190 0.1 0.0
2122 2172 2166 2198
43 170 0.1 0.1
2124 2020 2116 2079
44 170 0.1 0.1
2158 2072 2109 2121
45 120 0.1 0.1
2142 2092 2168 2185
46 130 0.0 0.1
2073 2131 2214 2135
47 130 0.0 0.1
2072 2147 2101 2109
48 130 0.0 0.1
2130 2088 2115 2084
49 120 0.1 0.1
2130 2130 2188 2065
50 190 0.1 0.0
2112 2060 2155 2041
51 150 0.1 0.1
2175 2144 2147 2105
52 130 0.0 0.1
2167 2190 2109 2119
53 130 0.0 0.1
2132 2135 2078 2144
54 150 0.1 0.1
2149 2171 2109 2146
55 120 0.1 0.1
2201 2136 2047 2187
56 190 0.1 0.0
2138 2056 2237 2119
57 130 0.0 0.1
2130 2076 2163 2155
58 130 0.0 0.1
2079 2145 2132 2160
59 170 0.1 0.1
2149 2166 2025 2074
60 190 0.1 0.0
2110 2116 2115 2153
61 130 0.0 0.1
2133 2133 2130 2065
62 130 0.0 0.1
2099 2089 2083 2153
63 120 0.1 0.1
2136 2165 2018 2117
64 170 0.1 0.1
2082 2142 2079 2213
65 170 0.1 0.1
2137 2121 2063 2105
66 170 0.1 0.1
2109 2193 2135 2123
67 120 0.1 0.1
2169 2123 2162 2139
68 170 0.1 0.1
2069 2115 2128 2116
69 190 0.1 0.0
2043 2160 2184 2138
2000
0 20 59 288 19.24
27 39 43 236
1 16 6 254 224.86
599 263 141 90
2 14 3 30 115.83
321 68 71 78
3 10 19 258 98.69
164 219 224 789
4 136 7 156 24.26
41 59 44 191
5 39 115 252 1.46
3 3 2 7
6 45 45 182 3.72
10 4 2 2
7 9 72 288 124.22
227 283 496 255
8 61 31 160 40.11
75 62 98 271
9 37 49 226 108.06
311 26 65 26
10 99 2 264 187.10
263 1071 411 227
11 1 203 279 109.45
210 121 568 208
12 34 38 257 193.11
363 204 731 1043
13 8 4 215 187.39
216 440 1111 1390
14 163 3 247 33.80
90 31 34 14
15 38 23 261 154.11
296 269 250 1092
16 63 33 256 15.92
26 73 29 35
17 6 184 262 70.05
98 158 132 864
18 6 0 111 107.83
118 323 851 255
19 3 122 285 11.54
20 14 23 122
20 25 22 169 45.69
81 41 323 37
21 54 14 280 45.90
69 108 71 517
22 43 50 284 245.28
693 151 75 109
23 43 27 196 122.12
141 977 82 116
24 40 11 216 31.58
59 54 42 269
25 63 40 234 55.77
75 133 240 439
26 95 37 287 57.66
53 469 100 99
27 7 136 286 29.96
50 36 205 54
28 2 89 142 14.84
40 10 11 18
29 36 102 259 43.50
113 48 37 47
30 27 202 284 154.22
237 554 721 126
31 55 25 190 272.20
709 294 301 147
32 8 0 40 25.70
34 73 35 326
33 36 89 270 26.14
42 46 57 270
34 8 131 246 208.89
567 112 242 111
35 14 132 288 66.37
121 108 105 590
36 92 42 235 49.41
63 316 112 44
37 1 1 275 90.75
144 198 548 147
38 22 27 256 349.27
1010 105 102 170
39 28 121 280 75.84
82 146 760 114
40 1 117 225 319.57
717 960 202 246
41 84 28 190 315.82
702 649 649 336
42 19 35 208 61.12
97 335 76 80
43 37 150 288 0.47
1 1 1 1
44 39 26 241 15.78
30 26 20 132
45 1 5 284 6.17
7 41 15 11
46 72 176 272 96.17
240 129 110 116
47 13 4 267 318.06
408 1064 1449 1702
48 12 129 191 363.21
983 392 143 197
49 19 30 144 55.28
111 49 125 396
50 32 96 273 105.14
159 141 497 821
51 18 142 254 92.96
92 731 122 222
52 11 9 202 157.62
340 159 504 447
53 35 38 197 156.70
144 1083 571 246
54 88 81 246 26.47
44 33 181 47
55 1 93 176 515.48
1355 623 307 433
56 15 18 191 64.82
120 127 81 529
57 23 10 184 157.52
263 287 782 581
58 6 2 29 138.99
172 174 1370 231
59 4 5 111 107.54
213 129 149 899
60 12 229 286 10.15
14 23 69 28
61 18 81 203 60.53
170 28 32 42
62 75 76 275 30.78
40 228 23 17
63 57 6 122 90.89
105 438 438 199
64 8 7 194 38.20
48 82 324 56
65 29 0 208 122.59
211 643 110 102
66 109 79 288 48.54
141 13 14 20
67 9 28 66 73.25
126 141 94 735
68 43 22 215 13.52
23 35 31 85
69 24 29 171 143.58
253 151 953 195
70 3 256 287 124.19
236 203 146 1068
71 47 221 272 139.74
383 96 106 71
72 3 65 208 3.13
6 3 6 28
73 2 87 283 11.12
30 9 6 13
74 67 100 195 190.90
551 60 48 115
75 5 35 288 164.00
282 385 858 144
76 3 31 287 86.89
114 135 778 132
77 115 26 179 230.98
653 108 84 173
78 8 62 261 40.28
53 106 80 490
79 32 17 171 88.68
148 133 177 940
80 25 201 288 536.49
1467 510 181 348
81 36 175 275 82.25
110 532 134 88
82 18 9 57 308.66
872 171 96 192
83 4 18 287 150.69
414 120 53 136
84 27 6 280 24.26
39 67 62 159
85 37 7 204 11.31
30 12 7 10
86 2 81 195 234.94
455 997 207 200
87 5 133 265 34.03
64 71 65 206
88 2 101 241 303.76
876 116 98 89
89 11 20 168 347.92
824 866 212 214
90 53 60 245 67.34
102 114 506 77
91 89 155 283 37.92
57 84 256 48
92 51 23 288 573.21
1066 2012 831 1715
93 16 16 200 48.45
88 48 78 525
94 80 36 230 3.32
5 20 3 5
95 55 2 248 20.37
25 68 146 19
96 7 89 230 7.16
12 10 14 78
97 127 131 287 24.80
66 16 27 27
98 13 30 162 82.44
160 143 83 665
99 30 7 245 211.36
346 341 1262 583
100 78 23 143 327.32
574 1515 499 318
101 32 187 241 136.32
142 144 1385 598
102 50 66 288 338.34
883 403 234 326
103 10 59 246 33.94
57 174 36 49
104 30 3 209 214.85
481 650 122 194
105 18 7 122 35.68
53 208 49 51
106 43 0 54 272.48
711 359 166 206
107 26 56 284 355.20
737 1173 436 372
108 166 4 287 86.30
236 58 67 52
109 36 8 210 96.92
135 234 546 431
110 10 0 120 244.76
332 1291 842 187
111 27 101 227 60.88
86 62 549 97
112 4 14 271 135.97
388 61 60 38
113 44 48 126 58.55
103 86 66 654
114 10 78 278 501.91
1382 443 179 275
115 13 1 153 676.84
1473 1484 920 1823
116 48 68 237 96.50
171 139 499 288
117 54 4 150 7.18
13 6 14 77
118 42 121 232 12.44
16 17 120 13
119 114 117 288 279.60
515 1184 373 363
120 12 49 236 151.82
300 269 596 247
121 22 13 236 186.77
530 67 73 163
122 3 20 276 85.73
124 111 737 97
123 7 182 288 91.01
131 584 91 96
124 75 11 281 149.75
419 61 105 99
125 17 0 226 348.32
958 234 268 139
126 23 33 222 417.10
1163 275 192 218
127 21 97 276 56.50
164 16 13 29
128 16 173 245 104.65
173 538 111 185
129 16 5 198 18.61
31 14 145 24
130 2 60 245 62.84
58 100 706 144
131 30 212 287 144.66
166 516 956 358
132 54 15 146 44.14
58 300 45 72
133 59 49 181 100.34
168 97 622 373
134 49 101 281 210.33
397 719 420 375
135 84 13 281 79.09
139 97 176 769
136 6 44 130 20.51
29 38 162 27
137 68 94 240 16.02
27 42 33 110
138 11 8 243 384.41
952 708 344 181
139 52 152 279 162.21
361 497 95 152
140 89 36 218 5.02
6 32 13 7
141 96 8 167 17.24
23 114 22 24
142 16 7 117 19.67
33 31 40 200
143 45 119 203 265.79
462 1325 229 384
144 28 35 242 6.05
17 3 3 4
145 33 31 278 82.11
226 60 55 32
146 37 3 179 119.34
342 45 56 32
147 1 201 288 107.26
146 219 801 251
148 22 62 186 168.26
479 92 42 78
149 2 65 243 107.26
295 72 68 72
150 6 124 204 16.06
29 26 17 164
151 111 8 271 384.10
1062 268 202 232
152 10 78 213 25.86
41 33 192 41
153 5 96 156 53.87
102 75 289 56
154 35 5 288 105.07
137 227 502 858
155 84 5 125 20.44
40 39 20 151
156 30 12 278 87.99
247 39 63 35
157 28 67 287 251.76
280 727 1525 1538
158 4 99 250 84.32
160 111 152 703
159 222 28 262 145.13
249 158 552 1098
160 12 138 227 192.45
231 289 1387 1296
161 12 30 280 257.43
736 122 93 74
162 34 30 227 44.59
128 11 24 20
163 16 140 262 6.88
18 5 8 9
164 109 0 260 86.35
103 609 141 115
165 10 8 164 38.16
75 40 59 332
166 10 87 230 130.18
197 421 662 182
167 10 47 179 43.76
61 88 110 520
168 84 16 281 70.61
110 165 123 717
169 150 6 263 30.36
51 34 37 399
170 40 228 287 136.96
261 96 316 1241
171 101 3 279 325.38
840 477 151 322
172 128 63 255 7.04
9 16 12 101
173 15 20 259 59.21
117 112 73 394
174 164 15 239 223.31
621 114 163 119
175 13 3 271 6.67
13 10 17 37
176 11 63 279 343.94
569 690 1451 1665
177 3 77 188 17.64
31 77 27 30
178 7 238 287 88.04
138 162 583 154
179 37 196 288 185.31
484 228 140 128
180 15 53 233 20.80
29 30 27 333
181 24 42 238 90.02
140 87 774 53
182 41 66 258 120.85
228 273 342 436
183 14 9 122 37.31
59 53 60 479
184 48 68 237 77.77
107 146 558 250
185 29 103 288 15.69
27 33 21 147
186 2 50 67 14.41
40 5 12 13
187 11 131 268 197.00
536 190 84 122
188 27 9 261 241.35
673 148 127 127
189 2 161 230 199.45
201 1267 722 409
190 2 143 288 92.75
109 100 900 312
191 52 1 226 64.28
103 339 80 110
192 118 13 236 412.36
1092 557 150 249
193 17 141 250 539.53
1295 1143 488 372
194 11 2 239 184.51
278 965 422 203
195 90 38 212 101.68
115 283 297 1264
196 30 69 136 195.42
202 575 1315 1114
197 10 38 242 68.56
91 177 104 898
198 19 4 117 43.69
46 99 270 374
199 59 39 246 1.77
3 7 4 4
200 5 108 237 359.32
953 435 208 193
201 42 16 177 4.15
8 5 10 29
202 42 4 70 20.30
32 52 63 132
203 7 74 280 12.44
17 18 32 172
204 10 18 220 95.11
142 210 375 670
205 24 32 259 33.45
52 83 43 357
206 29 2 260 64.70
86 79 461 384
207 111 28 151 17.01
19 20 188 20
208 41 37 252 90.89
260 36 36 39
209 71 136 284 326.75
872 361 221 140
210 27 81 244 21.97
31 25 198 28
211 31 66 259 57.40
105 118 157 299
212 56 222 287 23.22
32 116 81 28
213 82 95 271 18.42
17 156 29 18
214 50 1 224 175.61
506 52 85 46
215 14 98 287 32.76
51 52 240 41
216 98 68 226 98.38
126 512 344 189
217 2 19 65 77.72
143 82 298 456
218 133 66 288 25.06
34 167 30 27
219 32 91 242 123.58
359 35 41 34
220 13 10 144 44.00
97 40 160 70
221 29 167 287 75.25
104 155 563 148
222 20 1 66 61.05
166 40 53 42
223 2 22 281 159.97
435 124 131 68
224 39 45 284 51.96
87 84 347 42
225 56 7 185 296.20
627 1000 290 218
226 54 28 167 16.04
20 106 29 25
227 15 122 288 52.81
151 28 15 14
228 3 2 182 318.25
537 1367 770 353
229 37 171 276 233.55
348 1047 817 269
230 150 104 288 185.97
527 70 106 96
231 2 148 269 401.91
815 1451 498 305
232 16 11 192 213.08
608 91 106 50
233 23 245 287 12.11
21 30 22 86
234 62 37 267 112.89
175 269 348 840
235 180 76 272 6.69
7 52 9 12
236 18 35 280 425.95
1229 174 106 145
237 17 191 257 547.11
1228 1356 851 267
238 9 178 224 22.82
63 21 8 8
239 7 81 284 292.81
356 1520 1288 312
240 63 41 283 121.27
292 255 74 148
241 42 99 288 33.66
51 57 63 418
242 63 77 216 9.52
26 8 5 6
243 89 4 264 289.68
805 236 89 143
244 9 42 153 208.00
591 68 121 111
245 36 42 101 184.23
516 69 156 79
246 26 11 231 41.24
56 91 316 62
247 6 196 288 366.04
1021 285 115 162
248 65 212 288 140.66
401 58 74 36
249 9 84 248 131.66
369 50 91 92
250 29 18 186 31.33
84 28 22 26
251 231 1 266 37.54
77 49 30 309
252 39 4 248 5.46
8 6 48 6
253 32 30 281 32.57
55 78 71 237
254 49 14 288 261.34
737 97 163 161
255 47 3 269 2.17
3 13 4 3
256 9 25 121 176.08
165 847 1112 401
257 60 79 284 69.88
193 58 28 35
258 5 50 221 75.84
135 351 78 121
259 32 233 282 311.61
671 1036 246 236
260 7 195 287 32.62
31 65 353 50
261 28 1 157 120.57
330 101 45 106
262 5 225 279 79.40
149 144 344 165
263 12 93 196 337.58
785 828 325 209
264 43 70 263 483.59
1141 1122 384 424
265 84 118 277 135.85
205 144 609 1248
266 35 0 83 1.46
4 1 1 1
267 13 12 274 350.82
955 264 291 151
268 37 32 267 61.59
123 85 90 458
269 122 58 255 334.40
897 334 213 212
270 45 121 243 72.61
67 591 118 136
271 41 4 288 163.46
286 159 1014 431
272 7 68 260 149.49
281 261 488 654
273 41 80 287 24.02
68 12 10 12
274 48 0 284 59.57
102 109 58 658
275 74 166 287 56.50
81 62 145 789
276 2 40 132 19.05
25 23 186 18
277 26 111 286 307.18
818 393 154 103
278 55 15 282 17.48
48 11 10 17
279 22 7 74 44.23
66 284 35 32
280 62 180 283 235.84
544 584 213 219
281 140 12 229 23.32
34 69 72 163
282 62 21 235 535.99
1428 610 321 293
283 27 0 178 300.44
818 193 253 219
284 82 5 287 113.76
192 105 422 983
285 63 116 282 36.79
39 215 170 31
286 64 186 257 120.38
204 98 849 263
287 73 68 264 20.47
31 26 167 23
288 54 166 281 14.20
23 55 48 20
289 41 33 234 177.82
164 1245 655 209
290 40 46 284 115.74
114 781 397 181
291 58 21 257 304.54
853 228 71 162
292 10 0 178 373.62
1039 218 237 189
293 24 46 287 370.84
1076 140 86 89
294 24 104 236 59.57
169 27 20 42
295 82 20 287 342.53
401 1753 1110 1450
296 107 148 288 5.23
8 12 9 56
297 56 43 257 13.54
28 12 29 89
298 16 0 282 241.94
599 470 173 130
299 69 4 102 353.22
950 352 206 229
300 46 55 210 161.53
166 628 1174 302
301 12 211 287 20.68
15 168 69 26
302 43 83 258 282.96
797 138 164 114
303 36 3 183 46.96
93 60 91 330
304 15 72 211 96.71
195 112 383 274
305 50 14 243 440.68
1173 484 271 294
306 9 14 197 231.93
399 1256 180 133
307 56 37 287 12.58
11 115 8 19
308 1 49 214 251.55
707 89 180 155
309 106 93 281 495.29
1319 713 143 138
310 57 97 245 310.95
864 128 242 238
311 50 20 190 319.85
918 101 169 87
312 6 2 162 3.96
5 4 40 6
313 2 98 257 251.57
587 685 102 204
314 69 69 221 116.26
141 648 431 156
315 11 121 234 197.56
303 747 636 633
316 25 70 287 345.24
499 1190 1718 666
317 16 0 148 376.42
1073 177 127 175
318 37 3 171 83.50
128 252 451 95
319 101 86 274 2.92
4 19 4 3
320 165 104 288 12.27
19 20 25 145
321 53 29 209 125.37
192 233 656 624
322 44 22 198 59.99
113 105 142 366
323 17 199 256 130.13
111 1049 350 124
324 110 11 281 38.16
60 69 58 457
325 19 61 191 251.19
470 1183 198 140
326 84 126 273 43.74
71 96 43 489
327 38 21 221 62.27
171 52 31 32
328 73 37 146 67.38
101 431 43 68
329 116 7 257 13.90
21 32 18 164
330 24 261 288 117.72
237 138 97 1072
331 32 45 163 18.80
31 33 32 201
332 12 32 248 70.85
198 41 32 49
333 30 49 184 2.76
5 4 6 23
334 28 12 56 163.46
343 562 160 132
335 4 181 276 81.63
115 131 702 59
336 21 5 122 334.19
940 176 125 251
337 74 22 246 166.61
262 713 538 191
338 8 93 267 132.06
241 222 408 751
339 25 146 287 179.36
349 233 462 1106
340 15 110 287 36.15
73 42 91 205
341 58 35 287 113.03
294 107 130 102
342 10 255 287 6.62
10 9 54 6
343 7 111 280 228.23
355 394 1326 886
344 10 183 288 150.93
180 453 1127 275
345 13 238 287 39.78
59 91 257 76
346 91 79 280 160.30
181 223 1360 883
347 6 3 251 24.09
31 37 64 350
348 51 37 202 226.04
545 466 226 117
349 3 50 153 48.33
88 85 50 465
350 37 164 279 71.98
197 36 59 72
351 58 14 208 21.72
33 41 44 249
352 32 32 201 529.92
1175 1524 490 497
353 151 1 184 26.90
50 29 25 305
354 12 135 228 131.61
151 274 614 1424
355 53 94 228 5.49
8 11 12 64
356 45 35 282 58.32
101 126 101 482
357 12 44 207 292.67
837 120 129 90
358 8 7 205 41.19
62 77 82 486
359 122 9 154 95.58
275 34 39 28
360 12 62 272 77.68
103 117 704 97
361 18 118 271 82.53
92 629 120 89
362 22 0 50 37.28
38 46 436 41
363 24 19 122 7.47
11 15 11 96
364 21 114 226 222.36
592 229 189 88
365 138 72 287 50.85
59 128 61 827
366 23 43 120 241.77
434 376 1223 615
367 5 0 282 20.18
37 25 53 158
368 21 24 149 283.53
818 76 99 160
369 64 11 107 371.92
629 1022 1719 481
370 80 56 211 123.91
125 1020 140 171
371 46 111 264 25.65
30 26 267 57
372 54 11 198 41.08
78 53 48 397
373 4 265 287 4.45
6 30 5 5
374 92 193 287 21.67
22 185 19 19
375 39 4 275 30.71
83 26 17 30
376 39 62 285 121.23
195 86 982 195
377 6 4 241 0.54
1 2 1 1
378 33 20 276 74.47
125 134 423 164
379 27 167 285 42.04
71 47 309 32
380 36 76 212 45.01
53 331 43 90
381 26 86 138 87.85
122 181 632 215
382 27 13 247 187.32
517 140 107 81
383 8 249 287 72.57
124 114 83 837
384 2 94 245 9.80
16 12 68 20
385 27 137 252 503.73
1084 827 1571 588
386 7 62 267 51.79
82 260 75 121
387 39 6 274 3.93
6 8 5 49
388 6 78 265 120.36
210 284 250 818
389 9 39 261 93.13
260 37 84 35
390 138 79 271 2.07
3 12 4 2
391 26 216 287 109.62
189 538 152 90
392 100 89 287 52.95
140 38 60 54
393 31 34 213 17.08
26 22 34 227
394 15 77 225 151.12
224 214 1153 332
395 21 9 281 128.81
337 119 145 104
396 17 35 285 17.38
17 142 29 16
397 3 152 273 439.05
729 1793 1235 586
398 4 26 263 91.43
129 608 79 94
399 29 167 272 145.11
260 164 635 759
400 6 1 224 10.81
28 12 10 11
401 21 14 277 38.37
46 200 174 37
402 5 15 182 168.12
298 354 621 662
403 2 43 287 93.67
170 145 142 878
404 37 1 198 363.12
569 1356 1107 1169
405 21 103 182 120.24
179 738 105 175
406 10 33 91 51.86
148 19 23 27
407 1 10 283 0.87
1 2 2 13
408 105 61 287 118.97
336 52 62 67
409 3 37 288 177.45
405 481 115 191
410 34 88 247 316.36
693 964 246 346
411 3 36 196 111.66
182 153 714 306
412 31 131 286 63.97
128 80 218 248
413 6 1 264 113.93
235 172 184 663
414 34 22 123 48.12
76 116 70 491
415 4 15 224 230.72
578 458 105 120
416 25 30 95 15.29
25 29 30 152
417 4 14 237 296.15
826 183 159 143
418 56 99 282 185.50
494 141 193 151
419 28 241 287 292.65
694 790 107 125
420 138 39 282 21.27
59 13 13 12
421 10 19 288 305.10
530 516 1292 1402
422 34 154 283 343.28
385 1705 1712 646
423 71 24 157 72.50
133 114 408 58
424 22 103 271 17.45
34 23 23 150
425 52 138 288 556.72
1133 1223 1748 610
426 38 44 288 35.45
36 255 85 66
427 2 12 227 146.48
412 70 86 69
428 80 30 285 43.08
52 119 69 606
429 23 12 230 11.85
18 21 28 132
430 67 9 132 28.50
55 33 47 247
431 5 70 173 14.65
40 9 14 7
432 21 139 246 61.40
162 62 46 61
433 2 15 267 176.53
266 413 1190 152
434 59 94 192 219.54
586 273 87 124
435 30 18 280 67.64
128 82 388 58
436 55 33 246 156.74
274 733 206 208
437 105 32 288 152.76
220 185 1260 331
438 29 71 287 267.68
560 933 254 218
439 69 36 278 53.63
52 313 260 90
440 38 0 219 134.75
194 626 497 133
441 123 125 288 94.05
173 140 156 839
442 6 235 288 53.49
149 28 28 45
443 45 23 190 46.92
81 87 125 347
444 34 7 86 58.15
95 112 125 553
445 13 40 287 2.03
3 4 14 4
446 71 132 278 152.88
209 514 878 267
447 28 13 213 105.73
145 274 451 735
448 17 11 194 74.52
131 297 173 93
449 3 158 285 63.66
179 43 21 26
450 5 115 274 236.02
603 400 113 153
451 186 84 282 14.46
15 115 16 27
452 13 6 206 134.96
157 186 1201 572
453 19 2 219 504.34
888 1835 1452 572
454 7 202 235 65.74
85 111 564 140
455 18 210 272 51.27
79 78 388 61
456 50 143 288 22.63
39 20 52 251
457 54 99 288 50.64
61 372 50 80
458 77 2 141 555.92
1392 1120 248 259
459 42 5 187 60.20
167 38 42 20
460 52 139 260 39.33
64 60 261 72
461 5 26 287 55.56
96 110 111 463
462 30 28 288 193.72
212 1315 568 176
463 32 12 88 68.80
114 388 53 55
464 71 101 257 4.52
4 41 5 3
465 42 228 287 413.38
983 762 638 227
466 110 17 255 68.21
74 380 282 156
467 1 58 282 114.28
151 728 183 188
468 7 260 283 3.16
6 6 6 20
469 36 11 174 8.50
16 13 15 68
470 13 5 136 115.90
146 476 600 249
471 41 23 234 3.04
5 6 6 29
472 97 0 210 24.33
30 38 230 39
473 2 57 280 182.39
511 110 75 110
474 48 104 191 84.86
245 36 24 17
475 13 49 283 270.18
753 153 144 182
476 33 40 168 51.23
78 40 420 123
477 13 1 262 39.40
71 179 46 50
478 2 30 265 72.59
206 45 17 29
479 35 77 203 35.66
28 315 62 53
480 22 69 268 132.79
379 60 55 42
481 91 58 288 124.97
207 227 265 1197
482 82 69 266 240.45
391 482 841 1607
483 24 160 262 77.94
58 735 104 84
484 30 51 208 144.87
211 672 537 107
485 30 129 258 117.79
188 489 367 168
486 32 204 288 145.46
423 35 47 55
487 16 123 265 157.78
269 423 746 172
488 20 107 218 194.48
372 900 80 189
489 34 159 272 67.31
104 77 517 137
490 44 2 206 138.19
393 65 39 92
491 46 25 145 58.86
87 76 60 933
492 17 41 239 134.32
377 57 107 40
493 3 20 270 36.88
101 32 13 30
494 18 176 287 649.75
1352 1909 1098 736
495 16 31 280 119.34
346 27 44 54
496 46 136 252 107.40
304 42 59 60
497 17 102 255 90.33
166 132 482 151
498 14 25 260 137.97
392 51 79 59
499 9 86 267 2.71
5 3 5 26
500 75 15 253 114.99
115 279 1030 375
501 9 12 257 28.73
38 202 26 30
502 27 24 182 269.37
785 65 57 138
503 94 40 189 1.34
2 2 10 3
504 1 1 169 28.69
54 39 54 237
505 12 21 197 98.90
173 126 431 537
506 91 11 257 55.00
101 104 55 499
507 49 52 253 60.37
113 94 40 619
508 7 43 278 17.97
23 32 21 303
509 143 46 197 100.52
209 346 94 116
510 1 178 263 47.95
73 94 327 78
511 12 150 273 10.43
18 36 35 13
512 42 238 287 16.96
32 15 32 163
513 54 16 243 133.33
240 162 687 441
514 29 5 154 34.48
39 150 202 64
515 30 12 113 10.46
16 28 17 102
516 3 126 275 174.69
511 42 40 57
517 11 124 181 72.28
120 91 117 882
518 79 26 245 37.28
58 83 76 370
519 7 57 271 32.53
52 47 122 268
520 35 60 287 141.46
198 644 488 326
521 33 39 257 1.65
3 3 3 13
522 66 85 288 5.51
7 13 12 73
523 40 246 288 115.06
233 161 238 664
524 2 160 189 161.90
455 110 61 52
525 5 129 287 146.48
174 686 765 195
526 45 3 268 55.44
94 277 58 91
527 101 44 281 607.55
1584 1031 167 192
528 5 77 266 36.13
56 110 192 36
529 82 6 272 110.04
159 652 201 88
530 32 248 288 181.66
263 276 1050 1103
531 54 1 160 16.58
20 41 19 263
532 28 43 201 418.44
890 1302 574 252
533 58 127 288 326.68
562 1029 786 1343
534 2 133 168 340.06
813 815 243 125
535 10 95 285 664.31
1625 1335 469 512
536 25 97 271 40.32
79 82 51 258
537 9 7 155 403.01
1140 151 227 244
538 10 0 270 198.69
462 500 129 210
539 74 208 287 14.65
20 46 31 142
540 1 0 22 10.79
14 33 16 131
541 55 85 211 5.25
10 7 9 44
542 45 1 217 88.30
252 48 21 35
543 14 15 52 180.75
496 118 89 198
544 71 166 287 29.04
54 39 68 224
545 27 152 287 95.18
255 81 76 76
546 5 34 223 41.74
117 32 12 14
547 36 158 277 17.48
18 38 171 34
548 2 49 255 355.86
1020 148 95 195
549 39 67 286 132.16
212 316 453 789
550 43 213 283 71.13
202 41 18 33
551 11 181 231 59.94
81 417 54 52
552 7 33 258 236.71
669 139 97 73
553 12 62 261 15.80
34 13 35 86
554 37 1 248 15.19
29 28 29 97
555 9 42 201 23.34
41 22 96 159
556 14 46 146 58.58
103 74 377 69
557 73 90 276 31.68
91 9 14 16
558 5 4 263 135.83
324 306 121 71
559 93 119 288 419.64
1171 215 256 266
560 2 0 58 24.90
67 20 17 25
561 3 120 252 25.77
40 148 31 28
562 164 6 283 171.96
401 468 82 119
563 60 1 214 0.47
1 1 1 1
564 125 96 241 223.49
466 729 226 326
565 27 67 217 87.31
231 90 83 37
566 108 1 258 25.86
32 52 220 54
567 3 142 288 87.36
250 29 39 44
568 6 151 242 9.75
14 58 16 12
569 53 101 223 2.28
6 2 2 3
570 9 8 34 2.54
3 3 26 5
571 66 19 287 116.28
169 270 339 1083
572 73 80 284 19.08
23 38 169 36
573 58 98 285 12.77
34 13 11 5
574 9 0 246 272.70
242 1211 1438 1681
575 69 23 234 305.29
601 1300 244 160
576 11 3 146 20.49
26 139 32 25
577 23 226 283 88.11
164 248 264 173
578 88 115 287 47.95
52 115 112 739
579 71 64 281 1.18
2 3 2 9
580 34 75 219 168.00
260 689 604 218
581 30 204 287 48.71
89 57 246 159
582 13 239 287 114.59
127 131 1187 320
583 23 18 287 147.58
217 262 542 1358
584 17 19 245 49.08
73 80 78 666
585 38 94 168 115.72
151 192 884 455
586 7 167 288 268.74
553 972 238 276
587 59 46 206 50.45
78 66 400 52
588 28 40 188 39.55
71 63 194 108
589 115 9 245 31.80
64 38 65 210
590 134 25 262 184.21
519 77 119 86
591 12 12 41 138.44
249 219 448 839
592 61 4 287 24.31
43 38 134 48
593 53 5 165 28.88
47 77 150 37
594 46 28 136 168.71
464 135 73 116
595 71 193 287 14.65
40 11 8 13
596 13 63 288 92.35
251 65 75 62
597 12 16 123 269.28
446 828 899 907
598 25 90 288 21.10
40 16 23 242
599 59 3 177 313.61
478 680 1578 1427
600 52 78 185 14.70
20 94 25 12
601 34 88 160 330.07
711 1061 349 179
602 23 38 280 296.20
817 234 105 226
603 69 216 288 28.40
31 215 41 45
604 13 155 246 64.23
83 336 235 87
605 10 60 277 14.89
17 109 20 27
606 22 103 219 397.22
921 1089 199 306
607 7 14 287 90.37
249 46 77 59
608 10 22 236 37.21
65 191 36 25
609 70 60 240 387.61
1104 184 155 139
610 73 36 256 117.95
167 266 725 422
611 27 18 263 40.72
73 35 77 448
612 56 48 212 58.39
90 107 92 714
613 12 65 250 16.86
31 48 59 20
614 16 20 153 118.35
107 962 233 175
615 111 71 258 164.78
192 262 1148 1226
616 36 43 288 287.49
458 696 1380 946
617 15 11 277 106.29
151 425 481 162
618 50 3 205 36.06
99 20 30 25
619 7 1 103 318.04
676 1032 355 233
620 100 26 278 157.83
278 393 744 142
621 5 68 288 1.37
3 2 2 6
622 40 69 210 111.62
299 128 52 65
623 41 219 288 145.18
283 396 401 212
624 7 51 266 117.43
152 208 858 518
625 16 40 182 67.71
111 356 85 83
626 19 0 202 169.53
291 354 612 838
627 35 44 154 5.18
8 15 13 37
628 34 101 164 73.84
208 27 56 30
629 52 115 278 98.92
264 79 92 83
630 47 25 253 155.90
155 1000 658 133
631 61 7 173 23.69
44 88 41 44
632 13 128 252 61.87
87 143 285 410
633 31 18 218 22.49
47 36 31 127
634 1 0 199 27.91
77 24 11 13
635 6 160 249 487.03
868 1903 1014 789
636 21 99 147 3.27
5 6 23 5
637 54 43 137 11.68
21 17 21 109
638 31 113 265 436.22
651 1637 1769 958
639 35 1 284 464.32
956 1237 718 1183
640 1 0 223 152.83
145 404 1090 1067
641 5 62 283 30.38
40 66 66 400
642 2 126 248 60.34
66 220 416 146
643 15 4 288 147.91
254 348 578 524
644 1 72 288 35.49
51 104 211 59
645 18 150 192 206.30
265 621 1316 554
646 37 4 200 63.66
119 96 102 545
647 6 74 276 123.06
223 194 501 519
648 56 87 249 5.96
8 12 12 81
649 7 20 99 174.08
235 715 748 460
650 26 207 287 194.43
473 424 92 177
651 49 8 287 51.77
116 75 62 225
652 109 29 287 194.43
493 297 181 100
653 34 80 288 259.01
571 771 162 366
654 38 30 132 168.73
269 944 192 182
655 55 49 222 106.32
304 27 61 55
656 12 166 221 233.65
638 128 213 178
657 31 0 265 32.08
56 50 28 372
658 52 16 279 237.37
667 116 134 124
659 24 252 281 140.49
398 55 64 100
660 81 164 288 359.61
959 403 163 307
661 19 154 258 60.25
107 96 57 658
662 145 81 269 25.13
24 193 61 30
663 52 147 256 13.21
18 42 82 19
664 14 44 248 15.24
43 8 8 5
665 8 131 283 204.60
181 786 1537 721
666 31 5 280 168.92
377 472 158 162
667 9 87 282 59.75
80 412 65 51
668 96 3 179 132.39
215 251 627 604
669 11 15 242 162.89
441 117 136 119
670 32 9 109 268.13
760 120 100 184
671 10 20 200 179.38
504 106 88 66
672 9 4 59 143.88
226 318 506 979
673 21 2 214 86.09
164 141 351 234
674 2 66 142 414.63
879 1055 820 493
675 5 7 143 86.23
128 334 393 81
676 12 183 288 95.44
181 124 183 780
677 12 40 256 21.10
58 11 17 17
678 2 16 288 493.43
1011 1201 1094 1005
679 52 8 154 51.75
82 115 124 456
680 22 91 193 40.86
31 372 63 59
681 31 39 253 82.74
114 99 659 302
682 55 50 152 21.39
33 21 53 277
683 13 215 259 346.82
741 871 621 496
684 19 19 219 168.57
296 229 549 1228
685 59 47 287 548.29
994 1795 1369 1240
686 44 43 151 9.99
12 21 20 153
687 8 105 287 75.46
64 667 91 125
688 48 139 267 87.26
110 658 55 81
689 79 28 254 73.60
157 242 75 51
690 10 78 275 140.23
330 343 91 123
691 34 56 233 21.36
59 11 16 16
692 1 131 261 66.35
60 562 96 99
693 150 94 287 20.02
39 43 31 113
694 3 11 273 28.59
78 18 21 26
695 5 6 112 288.05
512 497 1451 669
696 71 56 268 31.68
39 64 249 109
697 13 65 277 10.98
10 14 132 20
698 143 140 287 69.74
128 97 212 454
699 96 170 288 128.18
362 66 59 58
700 13 0 141 224.51
280 1164 793 534
701 19 0 268 127.94
159 690 476 184
702 68 41 238 150.57
431 58 58 69
703 30 41 216 7.63
22 3 2 3
704 100 27 275 4.99
8 8 36 4
705 78 43 283 31.89
86 28 24 18
706 17 0 84 70.07
76 188 524 299
707 14 2 40 119.13
180 245 661 481
708 61 59 158 124.67
148 419 868 228
709 9 41 107 228.13
237 971 1490 475
710 62 33 222 7.18
11 10 55 11
711 24 138 240 18.68
30 20 42 229
712 62 124 287 14.27
39 12 6 12
713 11 33 287 4.62
5 39 3 3
714 44 54 250 37.57
44 62 356 81
715 117 12 168 293.78
510 542 1099 1509
716 16 46 287 462.72
894 1779 774 245
717 2 1 93 193.89
357 951 120 141
718 31 192 282 248.67
597 500 257 186
719 13 5 142 14.96
21 80 32 37
720 13 121 232 317.19
462 1347 840 1278
721 35 25 277 233.62
670 98 92 61
722 1 33 257 49.41
78 62 341 138
723 15 9 288 57.07
165 15 28 12
724 44 16 176 68.59
80 91 651 217
725 9 133 229 268.15
318 748 1624 1441
726 15 183 278 155.40
234 743 485 123
727 7 0 161 81.05
230 42 34 27
728 22 124 269 28.76
37 78 214 41
729 35 108 193 131.99
218 288 254 1180
730 40 80 235 74.87
108 200 496 75
731 9 26 171 21.20
42 35 28 151
732 32 27 287 5.23
6 36 9 12
733 86 54 288 147.14
214 303 639 1064
734 24 59 278 32.27
71 35 33 205
735 16 72 105 80.24
124 170 431 299
736 12 0 232 199.23
262 1294 357 195
737 76 0 151 33.77
50 50 210 164
738 70 75 287 82.60
235 33 38 42
739 62 34 250 29.91
40 56 64 414
740 6 1 141 620.90
1423 1025 1300 765
741 20 16 287 38.67
61 89 102 317
742 101 1 141 99.20
196 92 108 976
743 27 7 229 57.82
71 431 41 86
744 22 4 270 140.85
268 238 300 914
745 209 11 284 1.58
2 10 3 3
746 23 176 256 35.94
102 17 12 23
747 6 2 144 59.33
102 181 223 102
748 1 145 208 119.58
166 207 492 1148
749 6 4 267 177.80
227 407 1373 404
750 4 171 275 6.31
12 10 30 10
751 3 0 123 70.19
101 116 398 422
752 8 75 142 272.88
404 1025 1218 419
753 10 80 198 144.21
252 183 573 900
754 63 16 178 119.63
342 48 52 43
755 68 10 164 66.51
181 56 34 54
756 26 22 139 56.24
108 112 104 332
757 17 52 201 31.77
42 81 231 56
758 20 7 259 4.38
7 10 26 6
759 70 2 241 46.28
73 63 360 34
760 55 27 180 214.50
266 1007 1060 242
761 174 17 251 1.65
2 11 3 3
762 12 30 206 112.61
130 606 518 107
763 63 181 265 82.39
138 163 182 713
764 61 119 285 11.40
9 23 135 19
765 30 1 41 210.87
605 92 52 103
766 6 5 86 82.13
183 83 128 420
767 16 117 237 45.39
127 21 32 22
768 75 21 170 94.47
273 32 25 43
769 35 49 266 125.58
348 87 80 39
770 20 194 288 65.69
103 76 144 831
771 15 56 218 185.27
268 993 448 239
772 11 18 119 113.74
220 193 169 832
773 6 53 287 207.29
283 696 1132 487
774 49 15 257 79.96
106 476 172 139
775 46 187 274 42.96
52 78 412 38
776 31 127 214 326.37
915 222 100 181
777 122 6 250 0.80
1 2 2 10
778 46 17 149 41.76
58 45 126 574
779 15 194 287 249.12
423 757 601 1182
780 12 43 173 296.53
752 485 196 215
781 89 8 261 28.00
44 143 56 32
782 19 97 249 21.74
51 47 24 20
783 18 254 287 16.32
46 8 8 9
784 37 14 261 10.76
15 40 53 21
785 13 140 244 46.35
74 85 164 349
786 14 114 280 373.17
630 1149 964 1649
787 46 42 202 123.04
253 437 90 191
788 171 60 288 179.57
263 888 533 212
789 72 101 267 309.60
540 960 975 755
790 14 216 287 447.01
1057 872 645 275
791 46 44 284 106.51
158 173 712 367
792 13 169 246 119.46
340 55 46 55
793 4 0 177 71.65
208 24 21 16
794 2 100 215 69.83
64 148 749 127
795 13 147 250 43.03
122 18 18 29
796 15 53 199 36.32
39 81 68 617
797 55 135 270 456.53
1317 108 249 123
798 119 33 272 50.24
81 154 252 33
799 55 89 276 76.24
61 239 786 94
800 20 12 244 212.31
198 850 1531 630
801 63 60 267 25.58
69 13 26 29
802 1 0 226 302.09
471 1428 872 204
803 13 6 253 30.55
40 78 210 83
804 46 13 206 364.22
1038 108 231 146
805 23 25 258 3.09
4 22 3 3
806 8 139 288 247.52
283 1448 974 255
807 45 78 244 99.84
100 799 148 146
808 171 27 277 104.90
165 187 613 357
809 5 9 195 29.25
52 26 184 68
810 8 135 250 41.74
80 176 40 44
811 23 224 285 25.88
37 73 50 262
812 46 106 216 144.45
235 707 287 148
813 45 124 288 84.58
109 104 794 165
814 33 184 287 706.92
1724 1046 1054 632
815 10 0 263 25.15
27 44 248 62
816 19 65 260 210.54
264 513 1570 564
817 30 31 157 67.76
190 34 35 45
818 41 6 276 112.79
320 61 44 38
819 30 164 278 92.89
102 241 759 275
820 82 0 169 40.79
117 19 12 13
821 41 14 287 36.41
64 55 51 383
822 97 17 249 43.13
112 49 41 34
823 9 13 130 14.74
29 26 22 98
824 2 0 83 139.53
244 196 616 688
825 37 5 227 48.00
43 420 72 32
826 23 10 49 219.70
343 1271 266 181
827 3 179 240 69.10
72 415 286 109
828 42 65 288 114.18
136 191 572 1227
829 58 196 288 25.53
53 39 48 129
830 10 165 210 2.12
3 2 20 2
831 8 259 288 233.67
632 186 182 151
832 9 1 243 156.60
447 56 75 73
833 7 51 102 53.61
98 63 101 513
834 4 43 237 194.64
237 564 1321 612
835 11 201 288 166.64
219 679 873 226
836 112 126 288 169.77
288 342 589 972
837 28 172 288 51.75
96 40 77 579
838 105 53 280 54.50
105 233 57 31
839 2 156 287 126.20
207 227 787 205
840 17 46 225 14.08
22 34 47 94
841 42 41 286 138.49
294 436 155 146
842 31 112 280 150.43
304 277 259 782
843 7 38 148 222.98
385 462 1014 663
844 84 169 274 325.90
679 1072 450 215
845 107 2 145 185.01
356 766 145 283
846 108 65 255 19.81
25 29 29 346
847 121 50 239 55.09
103 79 97 466
848 12 30 71 33.63
44 94 236 58
849 7 46 164 427.23
896 1116 917 413
850 32 26 211 53.21
46 334 271 71
851 54 3 114 80.36
112 205 117 995
852 52 9 124 7.84
22 4 4 5
853 6 74 220 170.41
238 540 984 315
854 1 28 254 19.22
17 30 233 22
855 32 48 249 233.41
360 944 889 260
856 3 1 50 78.74
217 68 36 29
857 21 209 287 371.59
695 1631 470 214
858 4 27 284 165.34
209 447 1230 293
859 20 61 212 155.78
163 1009 521 263
860 39 84 218 144.40
358 291 81 84
861 53 193 269 32.74
65 33 43 295
862 19 134 256 122.62
187 129 650 901
863 3 256 288 188.47
441 494 123 100
864 19 226 288 74.52
86 87 759 181
865 16 20 275 288.71
809 148 167 154
866 44 0 266 74.47
202 46 47 102
867 104 25 167 86.27
154 141 83 918
868 10 98 275 20.11
25 25 206 17
869 52 24 275 182.49
286 799 515 317
870 10 8 247 90.18
67 852 104 127
871 151 12 219 41.92
52 199 192 71
872 40 190 288 4.80
6 12 14 56
873 9 117 278 36.06
72 63 48 238
874 158 38 204 25.72
75 8 6 6
875 60 26 186 52.55
100 101 67 394
876 11 6 100 148.69
399 123 108 142
877 83 43 171 40.37
80 49 61 325
878 7 105 281 2.40
4 4 15 4
879 135 0 269 17.83
19 129 31 42
880 7 57 281 52.50
98 93 118 342
881 18 12 109 147.65
425 40 60 79
882 50 175 273 95.53
182 154 210 626
883 101 3 129 460.51
1289 316 132 294
884 73 71 208 7.91
16 8 9 70
885 52 95 264 136.09
154 705 636 235
886 14 14 221 187.48
267 309 1186 923
887 46 75 230 81.73
146 82 133 914
888 31 5 156 128.08
155 910 161 216
889 48 17 135 67.38
106 243 298 52
890 12 99 163 2.03
4 3 3 15
891 5 115 132 60.95
104 123 113 537
892 16 131 247 388.08
962 825 186 162
893 142 142 287 2.71
6 3 4 14
894 31 181 288 93.62
171 129 115 964
895 13 96 288 304.59
594 1258 328 186
896 19 17 288 155.52
383 311 108 92
897 72 0 124 95.46
263 79 40 54
898 8 80 217 257.90
419 1414 294 254
899 7 84 264 388.93
887 686 896 245
900 29 48 239 22.80
59 30 19 14
901 42 22 287 29.44
81 18 22 18
902 8 8 34 83.40
141 75 312 718
903 1 28 245 231.43
366 747 1089 283
904 17 93 258 238.78
621 368 104 132
905 1 101 177 25.27
50 42 37 173
906 21 164 288 5.79
6 44 10 10
907 9 16 155 58.58
90 341 67 70
908 18 60 156 370.16
955 481 341 221
909 5 4 215 3.74
7 3 5 42
910 22 16 288 16.60
48 7 4 4
911 17 94 244 81.89
187 74 104 429
912 43 55 200 247.38
433 323 1080 1312
913 196 22 264 25.13
19 225 46 34
914 40 53 234 86.98
182 123 71 634
915 213 0 276 69.58
119 63 496 107
916 75 17 140 51.35
70 119 372 99
917 12 0 121 134.61
207 836 109 91
918 12 3 283 30.36
50 58 54 307
919 20 44 180 68.56
122 88 249 441
920 8 24 118 200.65
290 799 857 348
921 111 111 288 84.65
127 167 182 951
922 94 21 228 9.19
24 11 5 11
923 8 160 288 1.39
3 2 2 7
924 21 67 258 204.58
225 481 1550 993
925 17 28 284 108.11
192 175 347 683
926 7 0 99 649.73
1556 1316 762 330
927 11 143 267 230.98
250 833 1310 1188
928 14 105 288 167.48
250 442 1016 253
929 38 38 181 22.75
34 36 32 318
930 48 113 280 167.27
186 1170 394 200
931 55 5 141 97.70
143 407 404 117
932 73 92 231 136.98
262 208 574 376
933 38 44 268 3.46
5 6 7 45
934 5 219 288 404.07
862 1175 612 339
935 46 17 288 805.30
2006 823 933 1772
936 97 162 278 63.80
182 25 32 22
937 244 31 280 87.64
239 48 77 77
938 29 164 288 75.58
113 142 573 55
939 4 230 274 167.08
290 207 701 1011
940 50 25 265 187.06
424 508 194 94
941 10 25 156 244.20
305 945 1504 255
942 56 20 203 232.61
542 523 209 301
943 14 8 269 18.35
33 84 21 23
944 42 48 195 133.24
178 167 1149 366
945 22 17 265 27.13
42 39 48 351
946 2 58 202 37.83
67 49 235 51
947 12 157 283 29.79
45 33 244 48
948 4 17 173 61.80
64 150 600 78
949 5 15 288 176.76
506 48 110 57
950 3 160 244 73.74
88 143 698 74
951 5 36 288 157.40
199 1116 208 133
952 26 33 287 490.16
1139 1323 217 462
953 18 31 274 28.24
45 37 49 360
954 11 76 155 13.50
25 22 31 95
955 53 7 287 152.72
435 81 52 47
956 84 124 277 16.02
17 31 160 29
957 142 59 250 26.99
43 73 151 23
958 65 89 261 27.46
34 207 16 37
959 6 81 186 122.55
239 142 518 395
960 139 32 185 121.86
324 134 60 116
961 54 57 222 87.99
136 501 124 81
962 21 28 287 0.49
1 1 1 2
963 31 178 270 320.91
750 866 165 197
964 76 122 249 12.93
36 8 8 5
965 19 155 287 489.67
784 1804 1539 1324
966 28 36 243 88.06
249 39 44 48
967 19 45 266 173.04
174 1085 771 114
968 5 53 246 280.87
810 92 87 135
969 16 56 122 63.38
85 156 225 583
970 33 5 232 379.58
950 696 286 156
971 16 0 154 81.00
226 44 60 23
972 11 71 276 139.69
180 285 1152 252
973 71 88 258 139.55
91 1295 282 202
974 15 7 209 220.67
414 909 292 262
975 8 4 288 261.74
694 298 184 135
976 9 17 225 116.99
127 918 136 163
977 22 0 126 117.11
93 633 763 245
978 36 161 287 120.92
195 168 417 1066
979 55 50 196 237.34
502 736 233 375
980 6 0 21 25.37
72 12 11 11
981 8 87 255 1.08
2 2 3 6
982 18 188 280 139.08
174 188 1111 683
983 39 181 288 23.62
29 151 58 28
984 113 0 116 24.90
43 39 33 272
985 53 76 216 125.47
357 56 56 49
986 14 12 268 76.41
165 66 185 366
987 4 4 109 36.18
61 61 76 347
988 113 18 287 4.43
9 8 7 24
989 33 97 287 4.05
11 3 3 3
990 47 101 288 510.42
1218 1175 363 368
991 108 5 220 41.31
114 18 38 28
992 13 121 253 219.82
281 1293 572 376
993 54 118 260 40.04
78 68 111 182
994 87 1 152 280.21
744 259 220 264
995 6 103 288 93.67
147 210 568 153
996 87 48 237 63.40
78 115 194 867
997 3 71 228 409.42
1134 334 170 165
998 6 52 153 9.09
20 11 19 35
999 25 1 98 440.30
1123 791 199 201
1000 5 87 260 63.95
95 170 184 507
1001 1 139 288 123.75
236 228 207 852
1002 52 203 287 84.08
240 47 22 25
1003 41 92 276 3.04
6 4 3 27
1004 50 18 220 233.27
371 356 1169 1304
1005 51 0 198 126.55
353 54 77 115
1006 11 213 279 24.82
40 47 161 31
1007 24 36 257 40.70
53 294 29 46
1008 2 125 287 60.48
67 468 84 58
1009 102 92 264 13.73
14 111 17 20
1010 143 29 264 26.90
30 195 50 37
1011 3 0 132 44.16
127 16 14 21
1012 29 46 282 653.01
1509 1262 1159 495
1013 34 28 211 65.43
125 105 187 339
1014 48 7 150 131.78
350 104 124 135
1015 88 136 279 279.34
614 850 229 256
1016 12 35 81 6.59
9 11 18 85
1017 20 2 241 36.55
67 159 50 37
1018 48 36 255 11.19
15 24 19 155
1019 8 111 288 422.87
955 1272 218 332
1020 15 11 55 1.91
3 11 2 2
1021 5 86 162 212.73
579 123 156 245
1022 126 1 243 7.07
12 14 20 50
1023 9 2 54 287.49
447 982 1209 584
1024 4 53 210 58.84
115 50 95 548
1025 5 26 287 56.06
80 223 261 69
1026 31 178 287 10.50
28 8 9 12
1027 21 124 288 14.74
42 6 8 4
1028 27 230 276 38.25
66 81 109 239
1029 35 8 225 19.17
33 68 60 28
1030 22 31 142 15.47
20 25 88 126
1031 23 93 283 222.34
446 165 1010 681
1032 21 71 255 5.51
9 6 42 6
1033 4 71 129 460.32
1239 412 332 298
1034 19 93 273 9.85
17 19 9 105
1035 32 63 275 26.47
56 27 38 183
1036 16 132 244 90.70
127 170 381 801
1037 16 30 157 147.16
184 761 608 173
1038 9 73 288 168.45
485 49 80 55
1039 24 16 211 227.07
351 318 1518 737
1040 3 0 247 117.01
262 362 83 48
1041 17 46 154 67.69
73 311 364 191
1042 33 162 280 53.14
146 31 36 47
1043 63 107 279 85.19
155 90 161 855
1044 29 47 129 231.93
396 622 1061 315
1045 49 48 270 83.47
240 28 37 26
1046 2 55 128 5.98
16 5 5 5
1047 22 132 285 228.82
637 135 129 134
1048 37 103 205 10.88
20 23 19 75
1049 5 159 254 347.69
939 305 251 199
1050 4 4 284 29.79
55 32 38 323
1051 53 39 202 14.34
23 10 117 23
1052 31 12 274 3.09
5 4 4 41
1053 15 13 219 116.23
332 54 41 43
1054 60 60 255 52.59
69 361 67 50
1055 12 102 287 54.27
77 222 247 66
1056 18 172 288 216.10
368 567 855 612
1057 139 0 236 6.08
11 10 13 48
1058 147 10 205 39.03
60 34 339 37
1059 44 52 225 142.80
406 42 104 45
1060 37 7 109 43.43
65 133 60 415
1061 3 5 67 75.02
94 162 213 957
1062 48 67 263 55.21
87 196 244 50
1063 12 24 274 233.50
414 1159 200 241
1064 22 4 281 6.95
12 17 7 62
1065 2 12 245 121.91
229 175 359 727
1066 114 72 288 42.02
72 78 70 402
1067 24 51 192 26.69
27 56 272 43
1068 108 63 277 103.14
110 574 485 147
1069 13 44 151 30.69
56 42 88 217
1070 14 69 213 8.60
12 56 8 13
1071 28 24 248 97.56
116 183 931 107
1072 6 176 253 100.10
147 626 105 104
1073 31 94 199 88.70
257 28 22 40
1074 13 31 286 238.73
601 357 220 211
1075 116 89 259 143.32
402 63 89 90
1076 53 66 288 502.29
1338 544 317 328
1077 65 116 288 283.29
432 603 1467 1237
1078 63 54 263 261.11
352 1240 1012 414
1079 39 28 230 104.41
295 37 54 84
1080 23 17 279 89.85
158 96 478 359
1081 20 18 288 80.24
74 702 81 103
1082 18 48 273 28.26
72 40 20 32
1083 24 10 173 345.22
931 380 182 119
1084 16 6 215 129.45
226 144 388 1124
1085 9 67 233 63.36
85 144 427 214
1086 51 87 261 26.33
47 35 155 45
1087 128 51 288 117.72
326 90 45 74
1088 14 67 175 18.18
30 28 126 16
1089 2 43 171 556.60
1147 1802 750 668
1090 19 1 177 91.08
100 628 228 127
1091 104 114 226 83.24
73 719 136 83
1092 65 34 287 491.17
1377 314 178 278
1093 47 14 164 126.97
216 272 677 197
1094 49 45 188 23.53
45 28 128 29
1095 1 98 155 117.98
117 736 519 125
1096 98 7 170 16.13
21 50 110 21
1097 15 47 224 109.19
159 203 440 921
1098 6 244 283 153.14
187 484 1120 192
1099 23 156 285 130.67
219 224 396 1018
1100 129 25 282 5.70
10 5 40 7
1101 1 84 264 45.53
89 97 59 278
1102 10 29 265 50.50
136 48 34 28
1103 126 28 282 33.00
40 249 30 34
1104 1 0 50 157.17
311 154 545 767
1105 26 53 288 16.04
29 21 99 14
1106 5 79 176 10.20
20 16 11 83
1107 50 106 204 424.28
971 1097 427 275
1108 54 39 174 64.91
182 33 37 35
1109 8 15 146 203.54
530 298 86 156
1110 34 91 275 80.46
216 68 69 50
1111 73 8 264 221.09
338 397 1099 1266
1112 21 6 137 201.94
383 591 556 327
1113 41 83 266 128.58
170 175 983 588
1114 43 21 288 15.62
26 27 30 158
1115 9 65 268 167.84
230 782 714 132
1116 38 127 287 80.43
122 446 148 73
1117 68 181 259 10.10
18 23 17 74
1118 28 50 288 142.26
378 116 120 160
1119 50 165 279 80.69
125 137 103 1059
1120 9 27 207 312.31
900 109 95 143
1121 58 18 254 274.51
782 88 156 131
1122 22 156 277 31.75
32 65 316 73
1123 13 0 38 227.99
245 1118 1304 288
1124 10 48 256 12.58
21 31 25 97
1125 12 0 196 89.60
170 213 158 469
1126 32 15 167 18.56
29 25 48 211
1127 133 17 195 6.74
13 7 7 69
1128 131 72 273 58.81
87 65 139 806
1129 10 205 288 5.89
5 54 5 8
1130 8 148 284 28.83
59 30 50 208
1131 18 150 270 21.74
37 32 131 47
1132 45 33 165 235.06
516 650 304 198
1133 36 12 238 217.72
503 584 119 212
1134 29 35 200 16.02
22 25 33 231
1135 40 32 287 193.84
330 124 1186 866
1136 83 0 116 132.96
150 642 632 355
1137 1 2 199 316.93
688 1079 201 185
1138 15 242 284 201.90
302 574 1133 356
1139 6 109 234 57.82
99 118 97 521
1140 17 115 270 66.02
85 426 100 135
1141 11 175 287 444.59
1187 599 167 127
1142 171 13 288 37.26
57 224 29 54
1143 23 3 215 110.60
200 228 124 964
1144 69 44 287 247.85
384 1187 584 418
1145 39 50 288 25.88
21 226 41 45
1146 84 30 287 202.77
587 69 50 84
1147 28 24 177 92.12
163 316 273 135
1148 44 20 171 309.23
604 1255 322 264
1149 90 45 262 47.04
131 29 28 20
1150 41 23 238 74.12
129 151 98 692
1151 11 18 105 140.68
170 402 769 849
1152 9 3 139 116.02
332 52 35 52
1153 52 182 262 73.46
197 55 75 46
1154 29 56 278 26.57
42 63 54 243
1155 2 195 250 29.02
45 74 48 284
1156 5 213 281 200.44
358 436 674 842
1157 39 101 280 2.00
3 5 5 18
1158 55 25 285 272.65
775 158 86 80
1159 6 12 287 577.73
1375 1482 201 431
1160 12 182 237 39.97
31 365 56 56
1161 118 51 274 150.76
412 101 118 94
1162 77 34 208 109.80
194 355 396 89
1163 37 122 235 1.53
3 2 4 9
1164 12 17 266 121.06
183 133 1038 103
1165 37 14 144 34.08
33 52 381 67
1166 13 1 242 81.75
158 95 69 836
1167 6 38 109 82.29
85 543 290 95
1168 23 21 276 89.36
98 207 791 219
1169 37 182 263 6.55
7 44 17 14
1170 10 15 127 86.35
97 566 280 50
1171 17 150 287 260.64
730 128 153 156
1172 2 143 288 95.06
154 161 173 1051
1173 71 70 264 138.54
220 173 581 1121
1174 1 132 154 59.05
63 464 59 115
1175 69 111 268 66.61
108 351 77 109
1176 2 76 272 17.76
34 15 59 115
1177 8 26 157 37.54
61 85 220 45
1178 112 69 235 5.77
8 9 46 14
1179 94 81 276 7.35
21 3 3 3
1180 36 2 124 254.58
524 750 500 223
1181 28 2 231 14.01
22 24 34 147
1182 13 74 172 3.65
5 7 7 50
1183 83 29 208 12.93
34 14 9 13
1184 18 189 282 392.37
851 676 1149 419
1185 142 13 271 165.81
224 345 769 1331
1186 2 48 110 126.29
147 665 563 183
1187 32 4 99 213.20
261 1010 1076 216
1188 23 106 239 72.76
141 141 98 496
1189 59 137 257 1.65
3 4 3 10
1190 51 18 96 151.54
232 191 1072 469
1191 10 33 261 28.55
47 34 202 48
1192 1 85 236 104.27
214 212 126 543
1193 111 87 286 38.79
56 92 70 447
1194 45 105 235 30.45
52 35 209 42
1195 48 14 259 5.51
15 4 4 4
1196 127 34 288 57.40
93 132 125 489
1197 54 37 241 140.61
190 504 716 366
1198 47 2 244 36.22
65 76 48 304
1199 133 84 285 45.22
44 342 91 96
1200 62 121 284 48.99
101 73 82 283
1201 89 183 287 26.33
31 62 49 400
1202 18 2 226 296.81
437 1480 839 366
1203 50 32 167 122.52
165 165 945 507
1204 47 66 272 312.26
729 808 238 152
1205 36 21 285 119.27
123 645 569 269
1206 86 12 165 178.11
515 37 81 79
1207 13 25 281 201.97
282 320 1404 859
1208 46 63 253 415.71
791 962 1181 1328
1209 6 0 105 86.11
183 176 97 372
1210 32 29 241 75.37
106 239 445 109
1211 34 73 210 13.28
36 8 14 8
1212 64 17 226 33.40
67 114 41 56
1213 21 5 146 447.08
695 1655 1358 1571
1214 49 119 267 423.43
1204 258 119 110
1215 6 38 87 196.17
469 387 203 196
1216 34 16 142 253.90
311 1372 991 328
1217 5 204 262 116.56
123 461 764 316
1218 19 186 287 145.79
418 43 66 77
1219 8 15 277 18.77
40 18 20 143
1220 152 69 287 93.06
128 96 838 195
1221 4 184 191 65.78
93 61 607 94
1222 44 10 217 151.42
157 749 911 162
1223 92 120 264 35.75
101 17 16 21
1224 2 2 161 97.41
112 161 899 287
1225 2 113 232 36.20
60 42 204 163
1226 66 83 257 72.99
120 391 77 92
1227 38 1 249 170.45
486 78 65 69
1228 40 26 134 49.48
67 350 40 33
1229 13 237 287 71.74
98 156 257 692
1230 11 163 288 33.23
52 85 68 292
1231 108 121 232 475.02
1081 1430 226 292
1232 35 153 287 42.42
45 316 68 87
1233 32 80 288 150.10
198 496 931 251
1234 27 202 245 52.48
43 478 54 84
1235 14 179 269 126.60
181 340 830 161
1236 21 184 231 467.29
1023 1280 591 496
1237 76 134 288 235.84
689 61 63 58
1238 1 40 237 35.73
67 54 70 277
1239 3 16 57 14.20
19 46 81 37
1240 8 72 240 85.71
149 142 479 169
1241 47 170 288 455.98
1295 223 200 161
1242 239 42 288 130.20
374 38 45 88
1243 2 61 267 70.09
205 18 16 20
1244 50 67 199 26.07
49 31 150 28
1245 17 92 191 26.78
27 220 26 47
1246 90 79 288 56.95
165 20 11 26
1247 128 31 245 59.52
83 104 181 691
1248 10 12 200 118.94
238 135 465 383
1249 1 3 229 310.80
497 1183 760 1169
1250 35 4 158 186.66
491 218 156 85
1251 8 70 230 47.91
132 32 30 30
1252 27 87 249 271.66
452 852 921 808
1253 1 18 81 76.05
215 41 27 42
1254 94 0 161 385.99
1033 450 203 170
1255 6 44 226 33.66
39 256 44 27
1256 23 162 247 79.21
231 19 20 32
1257 77 25 256 28.52
59 42 38 183
1258 56 54 202 102.93
202 77 504 303
1259 76 21 203 52.22
82 308 54 37
1260 46 10 168 11.16
8 107 13 15
1261 7 5 224 21.60
26 25 228 22
1262 9 25 279 171.82
492 77 55 66
1263 51 28 109 189.08
364 249 507 1171
1264 99 39 194 43.27
121 24 22 27
1265 57 70 254 218.10
278 934 1076 414
1266 22 15 55 242.15
603 409 241 130
1267 11 73 270 573.82
1010 1706 1979 1147
1268 59 19 215 118.71
198 124 902 92
1269 18 24 207 93.58
137 144 723 177
1270 21 195 287 124.36
184 174 975 232
1271 40 1 97 164.49
450 112 129 90
1272 34 31 91 0.64
1 1 1 8
1273 15 72 254 69.62
112 389 84 53
1274 9 0 279 22.61
31 138 35 42
1275 17 260 288 64.61
116 84 103 661
1276 6 5 65 487.90
1274 712 259 225
1277 4 13 288 228.72
422 1128 117 185
1278 3 21 135 24.85
38 30 203 27
1279 18 21 115 89.29
161 258 302 159
1280 73 100 286 39.71
71 85 116 205
1281 15 225 267 84.46
133 60 695 154
1282 15 0 65 24.19
48 42 51 127
1283 17 58 156 3.27
5 19 4 4
1284 33 201 263 158.98
419 182 83 172
1285 30 55 287 78.76
100 188 238 904
1286 3 4 82 123.11
355 49 33 44
1287 37 2 57 64.56
81 477 69 38
1288 8 116 276 14.34
28 22 22 107
1289 31 39 208 0.61
1 3 1 1
1290 14 144 285 1.08
2 3 2 5
1291 26 8 287 376.23
789 1344 228 440
1292 13 130 286 34.62
94 28 23 24
1293 58 160 279 39.55
107 33 30 22
1294 62 3 95 53.70
62 121 434 181
1295 15 4 253 99.56
186 89 579 198
1296 1 9 196 165.60
300 271 406 1206
1297 42 0 96 35.78
48 72 91 449
1298 40 81 196 42.84
66 238 56 69
1299 39 13 278 4.00
6 8 8 46
1300 57 19 170 17.12
27 98 20 15
1301 15 8 182 137.60
178 745 494 127
1302 94 45 265 41.67
49 148 274 91
1303 43 0 193 354.73
880 721 142 294
1304 23 117 287 8.36
12 24 15 85
1305 35 76 248 65.76
61 517 114 159
1306 9 192 288 23.86
28 175 32 32
1307 28 25 146 15.76
24 40 93 27
1308 150 38 234 29.35
53 57 49 235
1309 9 25 117 2.12
4 3 5 15
1310 23 110 259 39.64
85 67 51 190
1311 5 29 241 121.79
159 671 381 170
1312 18 10 232 90.75
139 177 418 540
1313 5 77 240 138.40
127 1132 293 116
1314 2 64 288 549.61
1164 983 1733 624
1315 13 23 206 15.47
25 30 23 171
1316 118 35 212 48.97
107 67 61 258
1317 16 52 192 2.78
5 5 6 21
1318 6 110 206 100.01
283 51 49 33
1319 6 138 226 177.75
216 368 1435 549
1320 8 134 288 442.42
953 1358 458 452
1321 5 18 277 37.50
64 102 164 62
1322 23 16 190 45.15
129 22 12 21
1323 5 0 191 58.34
69 396 112 99
1324 9 27 287 491.41
1127 974 831 502
1325 54 4 226 230.16
566 477 140 137
1326 82 15 211 61.19
113 114 75 524
1327 25 77 203 84.08
229 66 59 48
1328 25 152 259 78.43
95 268 564 68
1329 35 134 272 132.96
248 284 566 189
1330 36 98 261 26.78
45 42 179 23
1331 20 246 288 35.66
61 151 71 65
1332 80 3 208 177.21
400 523 120 115
1333 38 6 287 375.62
1076 132 156 176
1334 46 22 137 162.30
224 1106 159 119
1335 9 42 230 35.45
65 43 35 396
1336 107 10 280 17.83
17 34 195 27
1337 30 3 195 41.08
61 45 347 61
1338 89 76 256 20.47
32 41 132 34
1339 19 74 266 101.44
186 165 216 776
1340 3 66 215 195.56
310 508 1055 329
1341 56 12 129 21.88
42 32 31 183
1342 21 27 138 31.89
49 49 74 373
1343 17 90 288 2.33
3 6 5 29
1344 57 100 225 85.10
230 61 68 74
1345 23 117 226 10.93
12 86 12 14
1346 18 30 218 290.31
507 1351 391 393
1347 119 63 287 1.98
4 4 3 10
1348 37 37 189 113.12
192 159 474 690
1349 46 4 115 85.05
139 118 203 905
1350 36 108 257 125.44
252 208 255 664
1351 6 133 258 375.53
815 726 983 390
1352 67 110 260 79.07
117 142 212 869
1353 10 114 287 579.10
1161 1122 1621 1725
1354 6 174 268 13.17
13 30 132 23
1355 22 80 271 134.13
384 39 66 70
1356 22 15 276 27.56
41 65 32 337
1357 4 267 285 102.48
165 499 175 194
1358 50 41 191 79.63
130 158 156 775
1359 24 174 287 79.84
159 70 136 682
1360 11 3 168 79.47
70 324 642 138
1361 58 26 102 13.59
16 93 30 14
1362 10 94 287 304.02
421 1193 803 1829
1363 5 239 278 20.28
24 51 44 284
1364 68 70 287 57.49
108 59 336 80
1365 43 147 246 17.83
25 37 138 20
1366 14 83 283 8.27
13 18 11 93
1367 4 52 287 124.52
337 112 85 63
1368 21 42 226 65.62
56 572 87 112
1369 4 218 288 143.98
159 540 797 673
1370 12 81 261 124.81
212 178 495 807
1371 8 27 287 181.97
463 309 90 137
1372 45 69 167 55.16
159 13 26 25
1373 47 170 287 9.44
15 22 11 103
1374 155 14 260 3.32
4 4 35 3
1375 146 9 277 318.81
889 185 140 255
1376 12 34 143 68.42
98 438 67 85
1377 5 263 286 198.27
567 77 85 79
1378 8 44 282 7.11
10 14 53 14
1379 15 53 74 243.18
275 1237 1103 558
1380 8 1 125 492.11
1232 1001 230 183
1381 13 203 230 30.83
65 32 138 27
1382 169 0 204 33.77
51 62 90 354
1383 118 9 282 10.41
28 7 10 9
1384 6 188 265 256.00
594 671 203 134
1385 30 7 223 5.32
15 3 2 3
1386 68 51 261 32.36
53 34 250 30
1387 64 9 232 24.82
49 37 38 181
1388 5 42 257 30.93
33 64 256 147
1389 86 10 191 31.96
56 35 57 354
1390 44 92 236 52.26
71 60 449 147
1391 13 27 187 28.38
54 32 30 293
1392 80 8 283 112.11
150 218 928 150
1393 92 26 198 183.55
245 1261 207 166
1394 15 4 221 91.86
149 160 480 374
1395 39 37 226 226.46
630 125 147 126
1396 54 118 288 90.63
117 239 657 179
1397 24 83 288 29.96
56 52 69 194
1398 17 4 176 149.07
254 441 588 274
1399 30 29 99 11.68
18 17 11 171
1400 16 27 200 10.58
20 23 18 64
1401 10 57 261 10.43
14 36 22 95
1402 17 62 138 18.82
44 46 16 13
1403 14 1 63 97.65
167 192 222 788
1404 41 65 275 140.80
374 126 144 76
1405 6 80 286 98.29
270 95 33 42
1406 17 11 244 186.99
521 130 60 135
1407 57 10 144 124.41
113 656 797 138
1408 21 8 123 29.49
51 145 27 49
1409 25 17 170 275.83
416 1455 633 256
1410 26 4 189 478.45
1052 990 1053 510
1411 6 40 275 78.41
218 48 49 35
1412 16 4 231 231.27
351 607 1229 626
1413 60 4 264 191.16
521 105 175 157
1414 45 18 180 266.78
460 330 1255 1387
1415 4 2 156 21.62
37 30 29 252
1416 54 19 263 60.30
55 116 668 106
1417 42 1 106 218.22
267 886 1278 313
1418 76 7 287 239.65
579 499 170 232
1419 23 55 244 13.17
21 22 42 115
1420 52 77 263 99.61
266 71 99 94
1421 33 2 170 313.77
751 746 202 166
1422 1 9 48 342.39
789 774 375 419
1423 23 31 161 209.74
259 720 1133 853
1424 42 43 283 84.56
229 64 61 70
1425 10 67 264 5.96
9 13 14 60
1426 65 8 182 236.38
217 1561 985 345
1427 48 176 284 47.51
69 82 382 41
1428 33 58 277 55.94
160 22 24 21
1429 89 27 181 76.69
101 121 606 267
1430 23 9 271 193.86
321 723 711 146
1431 37 0 273 2.38
4 6 5 17
1432 50 107 263 26.52
40 24 226 42
1433 77 186 287 32.93
67 43 55 221
1434 51 20 106 136.68
234 577 340 116
1435 104 167 274 95.95
265 70 57 40
1436 2 187 279 89.67
243 72 75 39
1437 25 239 282 86.91
96 680 105 96
1438 2 109 248 146.85
284 123 526 838
1439 4 109 262 508.98
1426 311 285 143
1440 13 29 173 17.88
32 33 41 130
1441 11 60 137 57.33
83 112 75 786
1442 59 147 259 5.79
11 9 11 43
1443 107 53 195 227.87
658 94 50 81
1444 78 19 288 497.81
1369 476 119 304
1445 18 45 244 96.12
156 194 211 893
1446 45 9 212 68.42
64 618 49 57
1447 37 7 265 39.62
67 61 206 149
1448 184 48 278 78.50
142 62 532 95
1449 88 187 287 110.82
299 93 62 116
1450 70 12 167 305.13
833 287 107 218
1451 13 189 252 101.80
134 152 726 538
1452 84 22 203 96.85
207 125 124 591
1453 11 11 242 97.74
92 578 474 180
1454 11 7 243 22.35
26 40 214 37
1455 20 58 245 127.73
158 736 444 115
1456 35 137 253 100.43
138 100 979 74
1457 92 6 154 61.38
85 119 154 751
1458 42 151 287 2.38
3 3 5 40
1459 11 17 146 39.10
66 86 68 342
1460 28 2 259 67.83
192 29 41 23
1461 1 57 242 253.92
671 222 258 205
1462 81 146 272 0.47
1 1 1 1
1463 56 77 186 101.73
117 695 219 158
1464 40 36 263 206.94
528 338 118 144
1465 83 21 204 185.48
284 276 1192 687
1466 48 28 157 70.28
88 179 340 535
1467 128 60 202 47.74
138 16 17 13
1468 127 0 239 38.89
104 37 20 44
1469 131 19 264 17.66
35 20 27 146
1470 2 197 243 60.70
106 83 96 652
1471 23 128 287 120.80
147 137 1178 304
1472 121 8 262 198.72
563 79 119 80
1473 54 61 282 184.21
494 144 182 109
1474 1 33 201 219.07
614 138 67 157
1475 32 6 261 128.53
355 92 66 79
1476 16 99 278 132.08
176 921 125 131
1477 4 134 282 66.63
98 165 137 688
1478 50 38 128 447.55
1282 174 158 216
1479 60 7 261 6.43
11 14 6 65
1480 9 191 284 24.02
65 18 19 18
1481 139 81 274 25.79
56 40 25 141
1482 96 7 272 62.32
82 115 321 511
1483 119 47 231 10.17
20 13 21 71
1484 38 211 275 173.14
243 873 586 158
1485 16 16 169 501.28
1067 1324 1014 345
1486 38 148 287 11.78
33 6 8 4
1487 41 26 256 46.49
32 440 77 52
1488 16 5 263 6.88
19 4 5 4
1489 29 1 281 43.50
111 47 56 40
1490 14 145 225 0.47
1 1 1 1
1491 19 111 214 575.40
1358 1495 328 277
1492 25 31 204 56.93
108 84 119 415
1493 20 47 269 399.25
1012 690 197 319
1494 9 123 180 87.97
133 144 655 131
1495 4 130 228 88.91
103 103 898 228
1496 15 141 219 22.07
29 37 55 310
1497 83 164 287 37.92
59 79 100 347
1498 28 106 280 226.77
439 975 155 247
1499 19 40 242 56.20
50 471 96 81
1500 56 122 260 83.47
133 171 524 121
1501 15 36 249 77.63
118 114 592 118
1502 2 0 200 266.05
236 1435 1499 689
1503 6 187 272 245.68
645 247 239 182
1504 84 9 125 2.99
6 3 5 24
1505 52 75 148 4.31
6 10 10 49
1506 36 165 252 6.74
11 10 11 80
1507 49 76 162 12.84
36 7 6 8
1508 15 74 188 221.63
620 133 97 137
1509 14 9 228 27.11
24 40 313 69
1510 35 122 288 621.11
1422 904 1337 1077
1511 97 35 241 71.13
110 214 181 476
1512 63 0 148 113.95
192 110 211 1398
1513 79 18 286 44.61
50 326 83 50
1514 35 0 282 346.37
999 118 134 98
1515 148 3 271 86.39
137 124 648 82
1516 47 142 239 61.43
108 112 87 586
1517 17 21 150 247.21
464 1208 129 118
1518 61 128 259 72.78
138 70 428 92
1519 10 15 271 10.43
20 17 22 68
1520 9 7 128 27.30
45 53 49 272
1521 25 21 288 49.27
66 145 330 73
1522 6 107 274 52.00
81 61 399 93
1523 11 5 225 38.27
69 54 34 429
1524 39 18 282 59.49
167 38 19 36
1525 148 63 280 64.30
77 202 131 784
1526 113 1 257 18.28
38 21 34 113
1527 45 51 206 80.48
229 43 23 36
1528 4 25 287 212.75
593 165 78 80
1529 50 94 285 100.12
105 230 966 159
1530 33 46 200 155.03
162 948 610 250
1531 40 59 234 532.84
1065 1734 998 515
1532 73 59 286 94.94
152 104 387 817
1533 29 33 174 87.29
148 393 174 107
1534 1 33 177 185.60
511 149 70 139
1535 6 162 288 20.40
56 14 12 16
1536 16 231 288 89.24
126 159 391 766
1537 11 83 234 20.18
38 24 20 213
1538 13 6 48 68.26
82 83 677 147
1539 27 238 288 59.24
111 91 110 468
1540 57 2 147 60.06
160 75 27 31
1541 18 0 73 112.89
163 155 583 880
1542 11 2 199 359.79
566 885 1683 1331
1543 13 134 268 241.23
388 1243 452 177
1544 38 4 196 292.17
452 705 1691 580
1545 66 149 288 48.59
103 49 60 354
1546 84 71 256 27.27
61 81 14 33
1547 10 49 161 27.34
53 37 45 218
1548 1 0 259 72.26
127 162 178 448
1549 52 45 265 66.04
182 53 22 53
1550 8 38 115 18.28
19 155 12 21
1551 13 53 235 144.78
223 699 371 186
1552 15 168 215 393.03
1026 586 171 223
1553 14 139 222 283.22
391 721 1613 1162
1554 12 103 288 152.22
225 306 899 597
1555 49 63 243 31.56
88 18 17 20
1556 177 99 284 16.11
21 104 23 32
1557 40 71 207 9.16
11 15 90 10
1558 38 193 288 24.40
34 42 37 360
1559 17 52 273 0.47
1 1 1 1
1560 149 33 236 22.33
26 158 43 24
1561 6 151 263 33.45
56 154 68 38
1562 20 178 251 100.62
280 63 63 37
1563 54 70 175 50.24
105 54 96 309
1564 27 3 270 129.68
369 51 50 87
1565 36 144 287 521.53
1196 1349 496 360
1566 5 16 285 37.71
48 262 32 79
1567 3 115 218 352.99
929 372 311 243
1568 66 83 267 214.68
543 362 152 123
1569 105 1 111 418.65
1156 258 303 211
1570 90 72 273 127.07
306 294 70 89
1571 80 63 276 344.13
838 771 151 264
1572 3 135 252 197.59
341 946 248 281
1573 10 81 250 127.73
154 192 772 1147
1574 11 13 280 84.60
143 142 168 828
1575 21 208 282 137.34
369 98 121 129
1576 97 120 269 3.01
5 16 3 4
1577 4 0 179 80.06
111 188 179 923
1578 105 13 200 151.54
197 243 1368 211
1579 28 8 158 144.57
397 80 123 94
1580 22 30 285 309.74
394 1358 1567 427
1581 42 61 284 53.87
144 42 48 49
1582 20 51 190 234.68
643 219 116 73
1583 14 15 231 2.07
4 3 5 13
1584 47 91 288 219.58
600 181 122 136
1585 32 43 259 54.67
151 36 29 41
1586 83 82 190 355.34
686 1307 642 278
1587 3 197 274 68.99
88 80 185 1087
1588 77 51 287 74.33
107 172 268 606
1589 51 9 288 422.28
944 870 908 287
1590 28 14 276 389.64
870 736 808 539
1591 31 11 276 16.86
48 7 7 9
1592 80 28 273 139.62
197 673 462 227
1593 12 22 237 57.05
57 220 431 102
1594 5 75 224 56.20
89 98 115 616
1595 26 34 199 181.90
334 806 221 187
1596 4 1 34 493.58
1049 1419 725 563
1597 19 31 194 29.79
54 29 55 312
1598 18 183 274 60.86
55 526 91 54
1599 17 23 116 3.86
7 6 9 30
1600 35 3 197 53.91
148 27 47 42
1601 96 184 288 134.06
117 1111 276 169
1602 5 1 52 12.86
18 46 22 112
1603 18 82 269 6.78
10 20 10 68
1604 117 32 162 2.12
6 1 1 1
1605 2 156 287 541.43
1464 629 223 159
1606 7 38 105 37.59
74 43 44 343
1607 84 50 288 275.43
681 510 230 170
1608 3 44 153 242.64
518 873 144 143
1609 16 39 279 27.63
56 37 42 194
1610 35 10 246 42.80
117 33 23 34
1611 54 12 235 59.99
167 35 33 38
1612 6 3 134 61.94
100 86 126 720
1613 9 1 223 2.90
5 4 7 27
1614 40 36 231 119.72
340 63 40 54
1615 30 118 231 141.36
233 200 608 924
1616 40 208 288 300.49
634 968 319 340
1617 40 25 94 324.35
939 104 119 75
1618 5 46 288 95.08
159 202 557 91
1619 74 3 225 35.78
71 43 105 186
1620 12 1 267 280.99
487 816 1079 506
1621 46 14 198 46.26
52 357 67 31
1622 69 15 287 5.49
15 3 5 4
1623 92 20 274 56.72
153 52 34 42
1624 43 214 278 101.51
144 162 539 730
1625 31 89 279 24.57
42 31 112 138
1626 47 104 285 158.94
231 648 725 120
1627 3 0 55 54.24
69 125 317 328
1628 44 45 281 66.21
118 132 160 443
1629 34 24 214 193.93
325 975 261 237
1630 27 207 285 45.74
71 129 109 343
1631 9 70 166 20.94
46 25 23 124
1632 77 13 138 126.90
346 94 89 84
1633 51 124 267 79.66
124 200 469 108
1634 22 6 282 159.50
257 613 561 213
1635 46 30 287 110.39
314 37 66 48
1636 6 12 161 32.41
91 17 15 21
1637 73 31 267 69.81
203 16 19 36
1638 19 31 265 34.76
67 55 89 195
1639 54 68 231 121.25
171 459 612 153
1640 12 168 286 116.30
209 101 265 1179
1641 27 21 175 124.17
340 93 72 89
1642 30 31 279 546.62
1002 1639 1705 853
1643 4 162 247 237.51
431 1088 258 270
1644 84 83 251 112.91
173 618 200 118
1645 34 72 252 149.54
279 148 520 959
1646 21 47 241 8.97
25 4 6 7
1647 11 129 284 57.45
77 142 123 689
1648 19 262 288 148.41
215 663 550 202
1649 39 3 148 107.35
214 194 113 754
1650 122 44 288 11.14
29 11 13 8
1651 2 2 65 368.74
562 1407 1651 265
1652 41 172 288 503.42
1418 365 107 213
1653 26 110 232 442.96
1109 835 255 266
1654 3 10 204 191.08
332 1020 111 183
1655 18 36 184 182.21
436 393 166 121
1656 19 5 33 161.17
132 1167 686 122
1657 12 115 288 20.04
31 36 136 37
1658 13 18 166 51.20
98 43 101 471
1659 42 4 131 95.95
274 33 43 53
1660 13 199 265 90.02
156 460 95 68
1661 55 136 224 198.48
317 387 904 1020
1662 2 49 271 4.85
8 9 8 51
1663 5 115 212 17.12
24 56 103 17
1664 44 25 92 284.59
369 1127 1641 254
1665 38 12 213 157.33
356 494 55 104
1666 16 1 178 30.43
84 18 22 18
1667 33 94 180 256.77
554 853 200 187
1668 3 253 278 127.77
254 97 502 574
1669 29 21 256 22.52
44 41 37 143
1670 156 42 288 173.91
217 486 1264 360
1671 73 20 287 137.48
159 262 993 839
1672 75 8 152 328.37
939 152 104 132
1673 35 155 287 92.37
262 54 34 24
1674 33 45 288 108.81
156 158 828 306
1675 116 1 208 41.97
77 75 38 403
1676 34 125 287 6.85
11 17 11 64
1677 18 1 189 64.44
129 92 92 470
1678 49 0 157 6.71
9 20 42 15
1679 27 58 191 58.15
117 119 71 332
1680 10 52 87 311.84
519 781 1173 1285
1681 27 143 201 26.90
35 20 274 44
1682 50 29 227 27.06
48 38 155 53
1683 1 145 225 30.81
30 184 149 38
1684 68 112 288 1.60
3 3 7 3
1685 39 97 242 146.12
208 848 276 196
1686 41 161 260 216.73
615 122 63 100
1687 2 18 283 139.90
309 367 179 155
1688 31 47 263 35.28
32 56 419 44
1689 27 122 262 112.06
309 53 83 107
1690 15 193 288 439.29
795 1374 1166 1067
1691 79 15 216 31.89
89 16 22 16
1692 8 200 247 25.13
35 21 242 30
1693 10 0 83 219.63
413 558 755 359
1694 42 172 287 60.88
119 126 62 417
1695 10 26 287 460.08
904 1497 674 1039
1696 39 22 265 52.62
141 42 44 46
1697 23 184 287 53.94
147 39 46 23
1698 11 28 264 462.49
907 1537 720 887
1699 89 16 212 7.94
16 8 10 69
1700 36 170 276 18.16
26 23 27 284
1701 72 29 260 13.12
18 35 87 26
1702 16 73 286 53.02
72 211 274 62
1703 17 61 194 53.91
146 41 38 46
1704 132 2 286 62.58
119 150 105 331
1705 35 8 287 121.01
227 247 231 757
1706 112 13 286 35.12
54 72 55 409
1707 8 57 282 9.02
14 20 24 79
1708 44 76 206 109.87
297 90 86 65
1709 9 90 283 83.92
130 215 195 708
1710 2 4 287 118.00
202 189 284 1047
1711 85 139 288 70.56
191 45 58 71
1712 98 3 158 105.12
126 238 879 227
1713 33 52 279 11.19
21 21 18 82
1714 23 3 280 9.61
20 10 42 14
1715 20 0 143 122.55
220 580 106 171
1716 28 128 193 5.70
16 3 3 3
1717 5 85 288 82.88
112 194 337 695
1718 3 0 255 32.76
49 73 107 272
1719 32 88 287 127.99
164 151 924 837
1720 66 20 256 30.29
87 13 7 15
1721 4 69 288 42.98
73 201 72 56
1722 38 94 287 58.86
90 97 71 806
1723 2 24 238 16.89
23 41 45 182
1724 24 202 287 149.94
239 356 391 1170
1725 11 29 202 47.15
89 57 76 433
1726 5 244 288 492.56
1126 1317 348 502
1727 4 31 212 15.00
21 48 86 27
1728 43 132 287 174.81
498 98 54 48
1729 2 0 277 345.57
975 218 129 110
1730 2 58 273 179.52
322 161 792 1047
1731 42 93 251 57.35
150 63 38 70
1732 3 16 45 530.60
994 1811 753 1673
1733 6 87 182 195.47
316 606 800 457
1734 50 88 265 399.39
925 940 430 327
1735 59 10 190 115.32
195 452 347 116
1736 34 157 270 123.63
170 786 208 95
1737 2 17 250 99.56
161 119 705 206
1738 22 80 287 176.62
190 1153 589 202
1739 18 23 58 93.48
264 55 27 54
1740 8 8 174 311.82
497 1159 1173 458
1741 80 7 121 33.61
52 182 51 51
1742 30 145 288 131.12
368 80 61 53
1743 16 1 32 16.02
17 126 20 24
1744 18 221 280 7.70
15 9 41 8
1745 24 33 288 181.95
265 400 857 1101
1746 4 0 144 52.88
90 62 381 37
1747 27 19 237 47.36
66 240 155 57
1748 7 75 167 140.30
266 624 93 175
1749 16 10 212 17.59
30 27 111 24
1750 2 280 287 58.01
98 199 192 110
1751 27 40 279 109.54
191 143 693 162
1752 94 10 223 419.76
824 1608 484 494
1753 19 1 125 60.15
147 114 57 40
1754 59 78 282 21.60
35 32 39 253
1755 168 26 248 236.64
665 100 162 113
1756 40 206 269 152.03
196 1091 121 196
1757 16 1 256 17.64
30 23 59 142
1758 4 14 197 132.86
112 767 825 122
1759 61 203 288 210.52
399 190 671 1440
1760 6 49 93 121.20
156 802 184 188
1761 47 29 262 64.39
85 69 475 387
1762 6 29 169 16.25
32 14 13 174
1763 29 15 288 221.44
632 78 111 98
1764 68 25 288 24.94
45 40 45 219
1765 12 136 219 35.26
98 20 21 23
1766 18 123 288 109.40
193 222 374 529
1767 25 116 280 12.22
22 26 28 77
1768 1 177 287 582.77
1286 1604 704 519
1769 15 155 288 97.58
166 92 210 1123
1770 9 50 138 97.53
218 259 88 136
1771 138 4 172 35.56
41 89 220 229
1772 17 3 227 216.12
438 820 171 242
1773 3 161 267 125.87
188 510 458 266
1774 77 171 288 93.27
264 47 38 47
1775 6 38 144 12.72
29 13 16 63
1776 22 41 271 149.04
384 243 81 61
1777 32 162 221 227.76
345 1046 738 226
1778 2 0 260 329.53
665 1290 263 285
1779 24 42 232 136.87
284 122 198 1073
1780 7 2 141 4.29
6 8 34 6
1781 29 0 54 103.66
293 33 74 52
1782 4 124 260 3.89
5 3 41 4
1783 6 223 287 309.34
365 1346 1674 638
1784 216 0 264 9.04
17 20 15 56
1785 3 0 166 99.37
280 45 61 42
1786 27 227 277 98.15
195 101 154 826
1787 2 41 284 7.54
21 4 5 4
1788 20 39 267 20.75
59 11 7 8
1789 59 121 287 140.73
352 190 175 127
1790 80 157 287 129.52
360 52 123 57
1791 33 6 201 48.33
96 59 75 381
1792 67 31 238 133.76
264 151 571 388
1793 34 34 206 272.79
414 1137 1012 351
1794 21 54 214 177.64
489 75 186 99
1795 22 107 201 30.71
24 243 97 45
1796 129 24 205 144.12
232 222 707 791
1797 72 12 286 64.09
172 51 49 62
1798 51 141 288 27.75
35 32 267 58
1799 12 3 215 138.94
387 92 57 91
1800 4 54 254 173.40
250 361 694 1391
1801 14 225 281 66.84
90 430 95 98
1802 38 142 225 80.69
148 367 84 85
1803 9 2 172 24.75
67 22 18 11
1804 10 61 282 172.24
427 338 116 89
1805 11 210 230 158.49
236 806 410 187
1806 37 71 127 51.91
143 36 26 42
1807 20 2 275 183.62
330 232 978 524
1808 64 139 285 245.52
479 881 450 175
1809 65 220 288 28.59
42 28 249 44
1810 35 38 257 14.11
27 13 17 148
1811 50 54 226 60.01
91 100 356 262
1812 18 118 201 378.17
1005 422 240 240
1813 108 132 251 206.02
561 167 152 88
1814 39 44 181 174.43
484 129 62 119
1815 97 105 264 40.32
40 343 37 49
1816 46 25 267 4.29
6 9 12 47
1817 3 49 285 92.37
254 69 45 69
1818 35 30 238 92.30
116 207 794 86
1819 10 2 254 251.36
413 1404 227 224
1820 23 125 288 225.94
279 1085 1058 316
1821 44 3 208 202.04
568 139 68 73
1822 35 51 285 2.03
2 3 23 3
1823 7 38 202 485.31
1074 1011 815 906
1824 103 4 252 99.46
171 467 129 170
1825 58 15 165 461.78
949 1503 741 329
1826 15 104 288 107.45
166 267 421 595
1827 70 98 261 15.92
46 5 5 7
1828 97 4 130 6.36
10 19 9 55
1829 17 66 201 95.86
158 141 687 61
1830 76 20 150 220.06
611 127 137 134
1831 73 56 257 210.26
598 82 118 73
1832 16 100 242 142.05
413 38 50 35
1833 77 8 168 9.14
24 8 9 10
1834 33 7 159 204.79
218 656 1460 755
1835 55 45 219 49.06
69 94 343 149
1836 101 46 195 55.07
108 103 59 399
1837 56 6 168 65.05
81 151 388 399
1838 13 40 288 31.73
88 15 21 28
1839 52 39 288 410.10
981 925 264 375
1840 29 78 204 8.43
12 25 49 17
1841 4 0 245 185.17
291 280 845 1258
1842 19 1 287 508.13
1315 762 342 194
1843 57 203 283 86.44
172 117 162 587
1844 6 3 234 393.62
1088 256 219 274
1845 29 41 266 64.35
118 126 165 372
1846 2 214 283 396.89
867 744 728 1025
1847 35 78 288 75.70
89 148 695 134
1848 29 11 286 0.49
1 1 1 2
1849 32 94 286 69.10
107 136 422 184
1850 77 27 277 304.82
470 787 1441 1119
1851 9 15 278 280.23
715 461 185 135
1852 8 4 125 320.46
891 178 192 214
1853 49 12 280 30.27
79 45 13 18
1854 76 30 214 283.11
762 282 207 92
1855 34 59 246 3.60
6 5 9 36
1856 33 129 266 165.34
425 247 126 77
1857 45 30 166 154.98
274 740 167 190
1858 160 14 266 142.66
399 68 92 83
1859 19 28 272 311.65
635 971 539 351
1860 9 1 228 156.18
404 151 180 162
1861 18 26 49 206.61
205 1074 1261 158
1862 44 111 254 292.36
677 682 280 329
1863 20 1 220 191.93
548 55 109 94
1864 1 0 232 212.57
391 151 1289 520
1865 226 6 278 27.96
51 34 56 259
1866 26 185 250 69.91
158 78 81 360
1867 13 189 287 330.47
514 927 1227 1600
1868 35 63 249 223.56
321 980 608 842
1869 147 59 268 14.91
41 11 10 6
1870 67 59 257 39.40
82 60 53 239
1871 9 2 146 102.57
156 454 356 97
1872 8 149 221 21.57
41 93 23 17
1873 39 13 287 146.97
174 976 357 162
1874 48 43 223 199.26
388 194 864 718
1875 40 8 267 39.07
113 12 11 19
1876 2 0 192 25.79
35 54 89 265
1877 15 4 191 29.51
76 32 32 29
1878 1 10 61 74.73
214 30 35 17
1879 93 67 244 26.19
51 54 44 148
1880 12 120 288 286.71
481 1482 389 215
1881 14 154 276 247.12
454 454 989 796
1882 4 84 251 5.75
10 12 7 54
1883 25 28 148 108.23
298 80 52 79
1884 195 81 288 244.95
651 233 182 223
1885 23 65 207 19.01
30 34 30 225
1886 17 26 267 674.11
1665 886 1197 259
1887 237 17 272 39.66
113 18 15 18
1888 50 137 240 127.63
91 1278 106 99
1889 3 30 92 101.82
274 62 101 99
1890 4 83 262 31.18
45 89 42 343
1891 1 0 226 38.30
70 75 68 285
1892 88 5 267 167.96
362 535 159 140
1893 100 46 257 95.88
106 287 767 192
1894 20 134 245 246.74
494 738 568 210
1895 4 14 238 100.03
148 239 360 738
1896 27 221 279 60.22
73 433 69 98
1897 2 122 285 175.80
200 657 1238 217
1898 50 95 239 268.13
737 173 202 143
1899 25 44 283 59.57
169 29 21 34
1900 37 131 287 195.65
561 62 85 97
1901 19 32 136 18.49
19 46 178 25
1902 4 146 214 455.44
861 1472 1259 349
1903 174 29 278 46.87
97 165 48 41
1904 19 0 80 38.79
78 53 88 220
1905 42 65 210 5.77
10 13 26 14
1906 10 30 137 115.55
260 309 122 95
1907 22 62 240 224.88
469 646 372 300
1908 54 120 282 188.52
215 568 1433 424
1909 39 23 175 236.66
425 459 678 1365
1910 7 68 279 156.20
287 667 242 129
1911 46 41 287 121.89
139 223 780 1000
1912 160 26 242 0.54
1 2 1 1
1913 16 44 156 28.71
39 44 97 347
1914 21 26 109 50.76
55 420 39 47
1915 56 32 112 237.30
356 836 1148 287
1916 63 7 147 331.74
910 282 130 239
1917 66 125 288 74.92
204 65 52 26
1918 8 182 269 136.28
181 776 374 176
1919 90 5 270 13.31
20 63 41 14
1920 95 161 288 243.54
666 140 186 224
1921 10 25 262 115.24
254 372 79 63
1922 12 177 271 62.63
136 50 116 373
1923 53 10 287 123.91
194 560 384 97
1924 67 39 156 24.45
48 49 43 133
1925 2 94 179 33.30
92 20 20 26
1926 15 232 283 358.78
758 662 1105 425
1927 11 2 81 72.61
138 66 395 163
1928 2 1 170 544.73
1496 496 219 258
1929 46 83 276 126.79
215 171 472 916
1930 36 37 272 38.89
48 164 221 45
1931 23 133 262 114.77
235 113 321 602
1932 110 54 218 116.12
316 95 67 87
1933 28 88 259 230.07
326 462 1574 670
1934 108 113 288 200.13
532 192 162 149
1935 10 19 288 355.86
940 396 282 197
1936 16 65 244 15.87
25 25 24 201
1937 53 17 287 46.16
125 39 37 19
1938 8 25 224 10.20
10 17 110 22
1939 22 122 270 276.16
459 482 1462 929
1940 49 120 225 66.23
113 286 127 118
1941 1 4 233 169.96
237 183 1088 1173
1942 16 160 287 524.19
1163 1476 472 602
1943 44 120 253 5.77
10 14 8 47
1944 52 66 182 229.81
623 206 150 117
1945 10 16 281 32.31
88 21 30 17
1946 3 0 28 198.81
566 118 49 65
1947 1 34 120 448.47
1226 351 280 264
1948 21 0 256 49.53
68 98 223 411
1949 6 9 108 93.46
70 852 163 106
1950 28 26 169 80.32
228 34 38 40
1951 31 129 238 18.30
30 26 123 33
1952 24 161 287 11.42
17 43 53 12
1953 1 72 212 625.80
1282 1451 1747 775
1954 34 145 283 69.43
125 107 405 67
1955 30 12 145 22.82
38 59 62 136
1956 2 0 6 74.85
120 260 302 114
1957 41 83 287 169.75
460 176 89 61
1958 77 24 254 0.54
1 2 1 1
1959 138 9 183 27.39
48 45 110 136
1960 17 4 264 303.86
688 940 154 141
1961 13 144 283 22.02
23 29 246 34
1962 30 198 265 183.57
387 594 218 158
1963 24 81 135 10.15
16 28 21 81
1964 79 32 252 214.71
312 661 1079 607
1965 46 16 264 29.09
38 49 248 60
1966 25 8 279 80.43
109 189 230 862
1967 1 1 137 340.46
928 307 155 232
1968 14 73 263 176.95
264 366 851 1017
1969 5 136 175 264.81
418 1041 802 664
1970 33 115 211 34.98
56 159 77 70
1971 4 115 230 76.22
210 55 41 49
1972 32 231 287 1.72
3 4 2 15
1973 4 58 232 65.17
186 18 33 43
1974 20 13 215 15.45
31 57 21 9
1975 25 67 237 11.14
29 11 13 8
1976 27 98 288 13.47
37 10 7 10
1977 1 0 55 197.84
358 464 918 160
1978 10 164 201 253.95
400 1012 939 268
1979 24 66 247 105.99
177 323 464 125
1980 8 139 288 23.91
49 37 32 154
1981 8 20 257 103.14
122 122 1038 229
1982 4 46 224 57.73
47 524 91 39
1983 12 11 257 55.28
44 510 66 69
1984 4 24 277 298.79
490 1049 1168 343
1985 22 156 284 40.23
58 68 112 468
1986 27 103 160 46.47
65 41 429 82
1987 41 129 238 187.36
513 116 139 147
1988 85 1 111 18.70
28 18 149 50
1989 21 37 249 271.64
748 230 142 87
1990 23 55 196 52.05
140 38 56 24
1991 8 14 175 33.92
61 154 42 40
1992 7 55 208 221.87
625 77 125 189
1993 46 17 273 104.69
172 123 554 560
1994 14 169 284 154.65
291 200 395 1102
1995 5 41 244 4.80
7 13 11 45
1996 59 154 282 164.21
283 210 705 970
1997 8 2 257 76.99
97 198 595 127
1998 84 56 288 6.34
17 5 5 6
1999 4 19 196 9.42
16 17 19 87
