5
1
2
0 120 0.1 0.1
2565
1 130 0.0 0.1
2568
25
0 171 5 277 56.17
91
1 18 2 222 15.92
51
2 3 6 45 523.57
1689
3 189 25 288 251.73
374
4 177 29 287 196.97
639
5 201 85 288 108.28
190
6 18 2 105 510.26
1652
7 10 1 164 675.48
1887
8 11 0 32 194.46
303
9 60 25 98 129.70
221
10 27 2 160 103.45
168
11 199 9 286 342.18
792
12 196 8 240 364.09
1190
13 169 14 273 39.29
73
14 36 67 288 37.90
67
15 23 0 72 382.90
611
16 52 20 148 195.60
633
17 3 13 110 17.13
55
18 63 25 142 232.61
364
19 185 4 288 323.81
1041
20 57 4 136 353.66
1143
21 185 44 287 134.72
233
22 71 1 288 319.16
1037
23 73 139 288 362.93
854
24 25 11 107 88.60
137
