288
0 0.03223
1 0.03223
2 0.03223
3 0.03223
4 0.03223
5 0.03223
6 0.03157
7 0.03157
8 0.03157
9 0.03157
10 0.03157
11 0.03157
12 0.03157
13 0.03157
14 0.03157
15 0.03157
16 0.03157
17 0.03157
18 0.03224
19 0.03224
20 0.03224
21 0.03224
22 0.03224
23 0.03224
24 0.03223
25 0.03223
26 0.03223
27 0.03223
28 0.03223
29 0.03223
30 0.03139
31 0.03139
32 0.03139
33 0.03139
34 0.03139
35 0.03139
36 0.03139
37 0.03139
38 0.03139
39 0.03139
40 0.03139
41 0.03139
42 0.03092
43 0.03092
44 0.03092
45 0.03092
46 0.03092
47 0.03092
48 0.03157
49 0.03157
50 0.03157
51 0.03157
52 0.03157
53 0.03157
54 0.03140
55 0.03140
56 0.03140
57 0.03140
58 0.03140
59 0.03140
60 0.03139
61 0.03139
62 0.03139
63 0.03139
64 0.03139
65 0.03139
66 0.03153
67 0.03153
68 0.03153
69 0.03153
70 0.03153
71 0.03153
72 0.03101
73 0.03101
74 0.03101
75 0.03101
76 0.03101
77 0.03101
78 0.03251
79 0.03251
80 0.03251
81 0.03251
82 0.03251
83 0.03251
84 0.04000
85 0.04000
86 0.04000
87 0.04000
88 0.04000
89 0.04000
90 0.04337
91 0.04337
92 0.04337
93 0.04337
94 0.04337
95 0.04337
96 0.03251
97 0.03251
98 0.03251
99 0.03251
100 0.03251
101 0.03251
102 0.03251
103 0.03251
104 0.03251
105 0.03251
106 0.03251
107 0.03251
108 0.04337
109 0.04337
110 0.04337
111 0.04337
112 0.04337
113 0.04337
114 0.04445
115 0.04445
116 0.04445
117 0.04445
118 0.04445
119 0.04445
120 0.04907
121 0.04907
122 0.04907
123 0.04907
124 0.04907
125 0.04907
126 0.04907
127 0.04907
128 0.04907
129 0.04907
130 0.04907
131 0.04907
132 0.04907
133 0.04907
134 0.04907
135 0.04907
136 0.04907
137 0.04907
138 0.04957
139 0.04957
140 0.04957
141 0.04957
142 0.04957
143 0.04957
144 0.05164
145 0.05164
146 0.05164
147 0.05164
148 0.05164
149 0.05164
150 0.05164
151 0.05164
152 0.05164
153 0.05164
154 0.05164
155 0.05164
156 0.05164
157 0.05164
158 0.05164
159 0.05164
160 0.05164
161 0.05164
162 0.05164
163 0.05164
164 0.05164
165 0.05164
166 0.05164
167 0.05164
168 0.05164
169 0.05164
170 0.05164
171 0.05164
172 0.05164
173 0.05164
174 0.05164
175 0.05164
176 0.05164
177 0.05164
178 0.05164
179 0.05164
180 0.05313
181 0.05313
182 0.05313
183 0.05313
184 0.05313
185 0.05313
186 0.05337
187 0.05337
188 0.05337
189 0.05337
190 0.05337
191 0.05337
192 0.05394
193 0.05394
194 0.05394
195 0.05394
196 0.05394
197 0.05394
198 0.05394
199 0.05394
200 0.05394
201 0.05394
202 0.05394
203 0.05394
204 0.05394
205 0.05394
206 0.05394
207 0.05394
208 0.05394
209 0.05394
210 0.05394
211 0.05394
212 0.05394
213 0.05394
214 0.05394
215 0.05394
216 0.05394
217 0.05394
218 0.05394
219 0.05394
220 0.05394
221 0.05394
222 0.05801
223 0.05801
224 0.05801
225 0.05801
226 0.05801
227 0.05801
228 0.44905
229 0.44905
230 0.44905
231 0.44905
232 0.44905
233 0.44905
234 0.05803
235 0.05803
236 0.05803
237 0.05803
238 0.05803
239 0.05803
240 0.05394
241 0.05394
242 0.05394
243 0.05394
244 0.05394
245 0.05394
246 0.05394
247 0.05394
248 0.05394
249 0.05394
250 0.05394
251 0.05394
252 0.05015
253 0.05015
254 0.05015
255 0.05015
256 0.05015
257 0.05015
258 0.04445
259 0.04445
260 0.04445
261 0.04445
262 0.04445
263 0.04445
264 0.04341
265 0.04341
266 0.04341
267 0.04341
268 0.04341
269 0.04341
270 0.04337
271 0.04337
272 0.04337
273 0.04337
274 0.04337
275 0.04337
276 0.04578
277 0.04578
278 0.04578
279 0.04578
280 0.04578
281 0.04578
282 0.04578
283 0.04578
284 0.04578
285 0.04578
286 0.04578
287 0.04578
