5
4
80
0 190 0.1 0.0
2067 2095 2099 2157
1 190 0.1 0.0
2120 2108 2091 2046
2 120 0.1 0.1
2111 2122 2083 2092
3 150 0.1 0.1
2197 2193 2205 2092
4 120 0.1 0.1
2055 2081 2185 2160
5 130 0.0 0.1
2191 2174 2038 2190
6 120 0.1 0.1
2179 2182 2111 2157
7 190 0.1 0.0
2203 2177 2140 2144
8 190 0.1 0.0
2187 2099 2149 2125
9 170 0.1 0.1
2168 2171 2119 2032
10 150 0.1 0.1
2132 2135 2159 2110
11 150 0.1 0.1
2091 2087 2164 2091
12 170 0.1 0.1
2133 2109 2136 2067
13 170 0.1 0.1
2076 2110 2134 2123
14 130 0.0 0.1
2253 2140 2123 2209
15 150 0.1 0.1
2224 2138 2071 2173
16 190 0.1 0.0
2121 2166 2156 2121
17 190 0.1 0.0
2039 2075 2154 2150
18 120 0.1 0.1
2154 2200 2147 2171
19 120 0.1 0.1
2076 2099 2188 2109
20 120 0.1 0.1
2159 2147 2158 2133
21 190 0.1 0.0
2101 2137 2194 2203
22 170 0.1 0.1
2155 2157 2139 2151
23 170 0.1 0.1
2141 2038 2123 2185
24 130 0.0 0.1
2138 2232 2138 2083
25 190 0.1 0.0
2196 2039 2046 2108
26 120 0.1 0.1
2086 2175 2165 2139
27 190 0.1 0.0
2139 2140 2053 2182
28 150 0.1 0.1
2076 2115 2096 2104
29 130 0.0 0.1
2157 2043 2106 2163
30 130 0.0 0.1
2074 2230 2090 2130
31 170 0.1 0.1
2136 2111 2000 2091
32 190 0.1 0.0
2133 2091 2106 2161
33 170 0.1 0.1
2208 2143 2063 2121
34 190 0.1 0.0
2136 2059 2132 2187
35 190 0.1 0.0
2119 2173 2154 2114
36 120 0.1 0.1
2167 2164 2154 2063
37 130 0.0 0.1
2035 2169 2151 2101
38 120 0.1 0.1
2134 2119 2134 2118
39 120 0.1 0.1
2117 2099 2173 2126
40 120 0.1 0.1
2133 2166 2157 2123
41 190 0.1 0.0
2104 2147 2110 2079
42 150 0.1 0.1
2104 2102 2122 2162
43 120 0.1 0.1
2146 2148 2140 2109
44 120 0.1 0.1
2241 2160 2163 2169
45 120 0.1 0.1
2132 2058 2083 2068
46 130 0.0 0.1
2057 2102 2076 2155
47 130 0.0 0.1
2091 2110 2167 2129
48 150 0.1 0.1
2186 2176 2241 2117
49 170 0.1 0.1
2029 2120 2115 2109
50 150 0.1 0.1
2106 2099 2157 2105
51 170 0.1 0.1
2084 2117 2121 2092
52 120 0.1 0.1
2134 2140 2140 2106
53 130 0.0 0.1
2115 2061 2111 2101
54 150 0.1 0.1
2180 2178 2134 2107
55 190 0.1 0.0
2189 2186 2069 2117
56 120 0.1 0.1
2172 2148 2122 2237
57 130 0.0 0.1
2152 2175 2113 2175
58 170 0.1 0.1
2065 2148 2049 2161
59 120 0.1 0.1
2071 2082 2114 2106
60 150 0.1 0.1
2141 2120 2062 2191
61 170 0.1 0.1
2059 2112 2214 2100
62 150 0.1 0.1
2212 2116 2091 2214
63 130 0.0 0.1
2164 2239 2169 2096
64 130 0.0 0.1
2132 2165 2117 2075
65 130 0.0 0.1
2160 2048 2175 2161
66 120 0.1 0.1
2155 2104 2060 2214
67 120 0.1 0.1
2126 2072 2146 2104
68 190 0.1 0.0
2129 2086 2063 2178
69 170 0.1 0.1
2070 2122 2123 2165
70 190 0.1 0.0
2127 2071 2083 2164
71 150 0.1 0.1
2113 2111 2218 2080
72 150 0.1 0.1
2132 2070 2154 2212
73 190 0.1 0.0
2168 2126 2134 2186
74 150 0.1 0.1
2132 2095 2055 2142
75 190 0.1 0.0
2146 2153 2104 2125
76 170 0.1 0.1
2023 2141 2134 2110
77 150 0.1 0.1
2148 2177 2179 2145
78 190 0.1 0.0
2041 2166 2129 2204
79 120 0.1 0.1
2086 2059 2113 2191
2000
0 74 109 277 14.54
21 31 35 162
1 60 49 260 107.83
183 132 237 1158
2 89 164 284 28.47
54 31 52 259
3 70 45 129 27.86
35 199 37 25
4 69 137 287 151.60
158 401 1321 396
5 12 154 261 463.69
1014 1149 866 362
6 5 23 44 51.69
125 98 53 50
7 23 66 134 8.48
12 10 75 13
8 57 21 279 360.39
1002 250 162 238
9 110 65 287 94.28
268 41 55 28
10 197 8 288 438.20
1168 561 227 163
11 82 40 287 54.97
118 58 74 366
12 1 24 76 67.61
107 131 121 745
13 34 11 276 17.95
33 34 29 142
14 21 22 201 81.66
235 33 26 35
15 5 34 236 223.23
475 695 292 183
16 90 13 136 22.51
37 45 46 213
17 54 30 287 61.08
65 452 112 110
18 142 113 288 278.96
614 844 226 294
19 155 14 261 19.83
27 32 173 24
20 20 100 215 23.49
36 126 43 32
21 63 66 288 74.73
218 21 22 22
22 106 62 284 46.45
130 28 24 25
23 6 0 208 453.07
855 1453 1265 426
24 35 158 287 418.16
1147 395 188 180
25 41 172 262 125.45
208 283 354 871
26 56 63 288 517.37
1332 785 358 303
27 4 0 135 95.69
193 142 179 587
28 4 0 95 717.25
1615 1150 1571 1328
29 36 2 218 158.53
252 309 1037 219
30 21 16 139 33.08
44 212 50 56
31 89 124 254 44.24
67 111 114 384
32 15 20 87 4.79
8 10 8 46
33 18 65 280 90.28
209 230 83 61
34 35 176 288 81.71
115 115 133 1257
35 26 39 287 191.80
303 303 747 1519
36 26 13 226 50.35
86 67 222 294
37 26 215 287 198.35
282 250 1469 807
38 9 82 229 107.36
167 464 327 186
39 26 146 288 216.47
245 621 1516 889
40 10 227 288 36.44
50 40 333 65
41 27 0 65 258.99
728 153 111 151
42 42 131 282 13.49
18 30 30 172
43 53 13 212 22.01
35 54 54 177
44 56 28 287 262.58
447 896 975 281
45 108 4 131 67.03
189 30 40 37
46 20 0 211 299.59
482 522 1563 1312
47 19 72 221 172.79
258 899 387 272
48 35 56 231 498.93
1295 697 314 388
49 103 40 268 33.15
51 41 265 44
50 7 229 274 151.48
245 435 769 175
51 35 20 149 5.19
9 7 11 52
52 5 28 246 250.81
337 1265 939 285
53 23 61 237 100.55
183 445 127 129
54 58 36 212 366.24
847 756 512 439
55 66 3 167 5.80
9 10 17 57
56 24 89 253 49.36
135 38 37 23
57 16 57 256 44.10
68 248 68 45
58 22 103 276 615.03
1445 1393 669 432
59 3 15 252 62.02
103 122 126 580
60 62 26 227 107.95
195 223 113 970
61 159 45 287 412.94
1150 239 254 252
62 5 0 16 16.84
28 27 30 184
63 5 1 187 134.97
206 249 970 174
64 20 2 149 337.71
571 1262 879 837
65 102 154 287 367.88
580 1177 1590 828
66 3 86 191 326.23
374 1510 1507 1106
67 16 77 276 343.14
695 1270 379 308
68 6 0 104 166.38
271 276 587 1286
69 56 9 288 598.44
1545 855 497 284
70 20 108 273 273.84
525 916 609 340
71 32 5 262 125.15
359 54 51 37
72 10 192 288 9.94
14 61 17 10
73 21 47 198 10.29
12 80 9 12
74 56 136 268 268.57
440 959 1073 249
75 84 61 215 89.20
234 126 42 59
76 8 54 280 42.88
43 352 51 65
77 3 34 288 4.49
5 8 44 9
78 117 61 270 24.29
36 38 51 314
79 36 161 287 316.10
886 165 213 130
80 115 93 231 303.86
621 1101 324 289
81 12 68 287 17.41
32 18 27 185
82 24 76 144 48.98
86 66 183 317
83 61 80 241 51.71
90 90 91 489
84 155 111 284 44.57
61 278 74 61
85 128 32 207 13.88
28 18 17 111
86 52 4 210 105.09
170 127 395 922
87 47 0 193 152.47
195 268 1188 580
88 10 57 226 156.56
249 252 1039 344
89 16 21 76 220.37
533 498 155 114
90 2 4 66 167.91
474 99 74 66
91 55 9 217 21.94
62 8 14 14
92 17 1 256 50.77
80 91 191 386
93 19 32 126 277.64
629 765 206 305
94 33 111 241 184.40
257 614 1095 219
95 46 183 287 224.50
403 983 368 229
96 11 8 229 95.12
265 51 59 68
97 38 0 211 255.91
470 1245 198 182
98 214 62 288 16.35
28 27 16 191
99 11 132 179 122.56
141 846 277 151
100 62 112 278 14.50
27 19 22 138
101 69 190 288 686.54
1552 1252 1457 825
102 73 31 287 45.98
133 20 12 11
103 20 27 89 26.22
49 48 28 230
104 56 24 288 103.56
140 532 351 150
105 31 18 183 106.52
299 71 44 47
106 25 113 258 53.38
73 339 90 53
107 3 38 254 133.28
353 172 62 91
108 33 61 288 559.21
1141 1466 1387 657
109 8 135 288 429.67
1081 844 200 223
110 2 83 271 11.77
20 14 78 23
111 69 76 230 43.02
66 58 85 563
112 124 75 288 32.09
46 84 82 306
113 5 190 255 43.93
75 66 276 70
114 3 95 280 4.02
7 19 5 6
115 48 119 242 121.37
349 45 43 59
116 120 143 287 24.76
40 56 39 248
117 20 230 277 306.56
520 1302 763 337
118 2 44 230 17.67
24 109 29 31
119 11 4 69 167.32
177 913 792 321
120 98 87 211 131.96
227 118 715 655
121 7 2 91 101.75
271 121 47 80
122 54 13 91 116.36
160 261 404 1122
123 76 23 264 152.99
244 540 604 268
124 11 34 161 308.72
471 1151 924 1246
125 26 46 254 49.03
139 22 21 33
126 19 223 288 122.87
189 110 954 346
127 5 55 272 237.59
351 951 994 358
128 3 141 228 220.93
286 1354 550 238
129 79 126 288 67.75
106 99 378 347
130 11 85 175 0.70
1 1 6 1
131 122 12 141 27.32
51 33 31 288
132 36 41 207 93.97
111 298 707 138
133 2 6 161 151.23
434 70 41 69
134 103 6 287 144.06
184 299 852 955
135 88 56 216 6.77
10 9 14 93
136 24 25 229 365.91
1037 186 188 123
137 19 153 288 322.02
432 1064 1357 1753
138 79 41 272 111.05
310 63 60 78
139 129 14 287 258.73
733 163 78 106
140 43 76 230 348.62
620 1168 1081 493
141 148 2 263 63.38
116 111 104 533
142 10 64 266 94.18
167 135 192 882
143 88 3 144 112.53
215 142 195 964
144 12 228 281 46.23
68 278 60 62
145 81 98 288 171.95
240 383 829 1152
146 13 117 267 89.72
83 746 162 95
147 12 12 76 251.14
703 160 108 152
148 73 138 279 57.21
158 38 39 31
149 35 3 281 53.85
77 332 72 74
150 31 34 239 416.77
611 1393 1588 1831
151 13 150 288 75.41
128 114 134 808
152 13 16 209 205.87
315 865 711 336
153 45 33 183 625.79
1517 1206 748 285
154 81 6 157 10.92
31 4 6 7
155 172 85 282 80.79
79 683 108 68
156 56 3 164 100.03
184 125 215 877
157 54 26 148 60.12
163 42 47 57
158 110 66 288 12.71
24 23 27 82
159 97 42 259 132.24
209 581 366 228
160 17 5 119 126.30
172 827 157 173
161 102 1 133 48.84
74 63 385 84
162 60 14 245 296.41
492 624 1486 885
163 23 37 138 10.92
19 17 64 20
164 166 41 276 44.52
53 233 187 80
165 37 63 281 13.77
16 108 13 12
166 52 2 239 255.96
733 132 80 77
167 74 83 274 24.39
69 15 8 11
168 122 1 251 99.24
180 174 119 944
169 25 93 288 474.91
1026 1353 735 322
170 10 5 232 38.98
71 55 51 398
171 14 198 244 206.25
295 841 754 618
172 9 125 257 420.69
1198 207 190 134
173 68 13 261 126.39
236 188 630 252
174 66 154 288 26.01
49 41 50 198
175 3 155 268 36.79
105 12 21 18
176 5 12 233 107.06
270 171 84 96
177 16 15 260 45.91
65 305 38 53
178 10 51 288 420.03
620 1443 1932 1006
179 7 0 170 224.27
540 545 120 111
180 2 1 280 211.37
593 121 116 100
181 100 9 288 16.45
28 36 39 122
182 43 92 209 267.24
452 224 1475 1425
183 129 94 238 80.58
152 101 108 783
184 14 98 225 413.72
1059 646 253 340
185 1 0 138 343.40
819 742 338 249
186 60 44 208 277.57
284 1291 1467 1032
187 8 2 278 812.42
1975 980 1320 1351
188 7 190 287 272.62
762 176 114 180
189 10 15 279 6.25
9 8 55 6
190 103 20 256 81.62
132 168 503 116
191 131 125 284 58.12
157 47 44 47
192 17 137 287 49.38
75 289 52 81
193 137 3 241 184.19
196 825 1196 229
194 1 15 260 52.84
91 89 119 470
195 134 16 288 171.29
255 225 1167 712
196 5 55 171 159.50
225 773 532 256
197 62 214 288 53.54
107 90 63 385
198 147 6 230 32.73
40 56 309 47
199 55 0 137 228.26
424 263 1077 837
200 11 24 193 99.33
263 88 98 86
201 45 30 278 136.52
220 266 509 915
202 22 22 287 422.74
682 1764 954 1246
203 11 70 286 21.50
62 6 9 11
204 13 58 284 88.76
129 526 130 134
205 18 41 115 265.29
547 954 278 216
206 98 25 162 94.18
168 190 145 797
207 26 140 221 35.17
40 270 42 43
208 77 75 243 5.12
9 7 10 51
209 79 24 288 9.87
19 11 15 91
210 5 92 288 24.69
45 43 34 224
211 106 17 246 87.68
248 46 46 30
212 167 1 205 145.12
186 581 798 234
213 26 0 232 191.47
550 74 84 60
214 12 4 58 79.90
133 131 110 926
215 48 114 244 13.98
25 24 32 109
216 6 27 246 89.79
156 187 318 441
217 1 159 287 131.91
213 312 723 251
218 6 173 244 414.42
779 1091 1500 461
219 64 203 286 364.03
896 654 368 253
220 34 69 287 4.18
7 10 6 38
221 10 24 142 431.62
1175 371 292 225
222 9 30 287 6.25
12 8 11 52
223 57 149 279 77.13
130 90 552 89
224 120 42 220 182.85
366 711 195 136
225 7 264 287 344.20
511 1249 1178 1394
226 7 4 125 7.24
12 16 16 60
227 3 2 20 112.16
139 129 1052 337
228 13 167 288 28.54
45 81 47 248
229 15 24 288 113.82
135 358 850 181
230 23 227 287 520.94
1130 1324 889 604
231 5 55 272 36.48
55 75 82 394
232 49 213 278 734.87
1557 1950 1019 1594
233 49 19 278 126.04
359 53 54 72
234 12 3 196 120.38
227 213 110 1087
235 9 86 194 150.71
423 88 56 117
236 49 82 278 384.04
585 1288 1706 881
237 39 32 285 101.94
190 125 291 722
238 26 126 269 473.69
841 1752 1129 875
239 56 1 80 213.65
316 371 979 1599
240 18 6 135 93.71
168 120 119 1039
241 14 36 245 26.74
23 244 27 30
242 83 182 288 257.74
726 200 71 65
243 83 3 230 130.60
207 208 825 387
244 1 0 192 295.17
478 897 935 1311
245 32 211 279 4.68
8 9 11 38
246 23 229 288 38.11
65 75 101 285
247 8 2 92 140.14
188 222 1228 211
248 43 144 288 132.71
368 75 106 60
249 1 0 176 193.98
334 265 742 1302
250 7 40 274 163.84
266 138 1180 476
251 11 35 220 11.77
20 58 17 13
252 12 52 217 201.97
263 755 1176 298
253 25 42 141 435.42
919 1002 967 728
254 145 7 287 78.30
148 154 125 549
255 92 110 279 57.30
84 154 82 637
256 38 1 187 42.45
116 37 19 34
257 129 40 224 18.18
33 28 27 174
258 26 23 85 86.06
117 367 410 104
259 32 164 230 640.05
1316 1359 1649 1445
260 18 0 91 126.72
213 700 98 116
261 69 31 233 153.20
433 82 62 89
262 72 23 219 15.62
29 23 47 96
263 81 5 179 128.20
337 175 69 76
264 3 2 146 354.44
701 1183 664 396
265 81 21 117 288.50
437 1178 1148 332
266 30 110 208 62.68
172 48 39 38
267 11 9 122 47.36
92 92 94 264
268 78 79 287 21.00
28 45 29 309
269 23 220 288 35.57
41 253 63 55
270 21 128 274 87.44
126 225 531 221
271 9 1 110 99.07
163 242 244 721
272 128 61 272 305.95
848 207 173 184
273 18 23 210 227.86
649 117 100 62
274 50 165 287 139.57
213 250 761 687
275 77 14 121 368.23
1051 159 146 191
276 89 8 281 21.68
42 41 43 126
277 2 0 158 190.65
306 358 866 1025
278 6 100 156 31.20
46 57 228 57
279 20 39 206 68.13
193 24 49 28
280 67 53 136 151.11
421 93 92 75
281 3 1 62 53.42
75 317 97 79
282 70 113 231 142.65
201 914 170 176
283 3 35 228 139.95
263 159 672 454
284 61 1 239 221.78
626 103 120 127
285 43 4 167 167.72
468 116 61 117
286 37 16 270 118.92
329 64 81 102
287 94 28 287 58.38
81 382 69 67
288 43 99 249 161.47
302 261 636 590
289 36 78 138 31.39
88 16 17 22
290 6 161 288 34.56
58 69 65 322
291 21 11 97 27.86
78 12 22 14
292 135 44 225 2.51
4 5 4 28
293 23 60 271 124.28
355 64 36 56
294 9 52 273 226.03
640 116 107 99
295 8 40 219 148.59
243 293 660 724
296 38 2 224 97.47
148 222 158 1095
297 23 29 281 32.49
57 54 192 39
298 41 46 159 143.97
398 117 71 63
299 69 207 287 28.17
81 10 13 9
300 91 115 286 32.12
93 10 12 11
301 19 24 104 295.59
850 87 135 151
302 38 9 231 125.24
226 195 479 624
303 113 124 288 236.11
684 92 66 66
304 23 5 167 406.86
1041 695 174 311
305 3 58 167 44.07
48 63 472 71
306 67 84 245 380.64
1088 161 155 177
307 63 89 202 20.09
33 27 42 228
308 53 17 272 175.78
492 101 114 63
309 20 9 229 147.61
283 652 113 139
310 85 41 284 29.46
44 52 48 386
311 101 88 263 9.09
12 23 17 116
312 34 2 52 100.88
192 190 167 702
313 163 44 288 47.06
90 57 79 414
314 9 16 252 262.09
715 193 204 159
315 77 37 288 10.27
28 7 8 8
316 92 47 259 132.06
171 141 1013 778
317 6 129 287 17.29
33 20 24 166
318 121 11 263 263.26
707 243 218 143
319 16 17 153 43.65
63 250 86 54
320 32 118 200 39.56
77 37 59 377
321 2 44 225 331.42
727 741 674 358
322 45 151 288 336.82
878 480 194 217
323 94 67 287 79.22
219 49 51 57
324 16 144 280 242.29
327 639 1521 776
325 30 12 218 51.69
78 83 103 653
326 6 34 279 338.82
794 742 388 304
327 35 215 287 58.80
86 119 123 696
328 32 55 209 64.18
118 157 88 433
329 20 3 56 103.18
176 126 205 1140
330 12 165 253 8.58
16 13 10 82
331 21 117 224 167.79
462 115 116 97
332 6 61 203 40.76
75 66 138 211
333 24 7 193 88.64
132 440 247 111
334 43 29 193 171.78
381 541 113 129
335 61 189 287 25.49
37 56 57 285
336 4 64 136 20.35
35 42 50 150
337 218 39 271 165.49
189 621 1114 307
338 68 63 229 381.65
1100 130 171 113
339 2 0 271 725.96
1708 1130 1462 675
340 36 58 252 141.08
190 228 1216 229
341 30 155 257 55.77
86 127 102 585
342 23 69 204 159.71
452 86 74 64
343 70 14 172 54.79
97 95 72 545
344 94 101 287 101.56
277 86 61 65
345 24 3 209 27.63
46 148 29 30
346 6 40 117 208.48
561 156 194 164
347 130 9 288 72.59
63 611 134 107
348 20 96 278 116.83
132 195 1143 254
349 5 77 258 418.16
719 1118 1853 673
350 63 114 250 354.16
685 1086 929 369
351 25 115 231 105.23
171 149 686 266
352 24 166 230 230.73
359 704 844 995
353 55 28 280 131.47
212 141 691 823
354 148 6 216 93.27
262 53 46 51
355 61 172 288 104.43
264 176 87 47
356 39 20 287 267.68
331 1046 1265 1092
357 18 0 274 290.12
501 714 1089 1015
358 19 178 272 409.13
977 1034 235 165
359 102 67 240 127.45
309 260 112 95
360 123 13 279 30.00
47 47 187 104
361 104 9 241 19.24
55 8 9 7
362 5 0 52 456.87
985 1019 1097 406
363 37 86 242 84.04
137 109 115 1102
364 20 8 116 89.13
100 708 70 130
365 20 0 242 182.71
519 87 79 92
366 151 27 223 103.28
170 253 214 829
367 14 112 253 243.65
648 242 190 193
368 20 51 183 11.54
21 21 43 48
369 13 5 192 396.52
823 968 980 492
370 5 25 76 404.04
1064 563 227 159
371 46 7 123 14.10
21 34 36 132
372 10 11 224 443.86
926 1106 1125 361
373 26 162 217 168.42
241 288 959 1013
374 17 18 265 93.62
259 56 68 55
375 44 35 269 91.29
123 226 632 222
376 96 9 271 21.05
29 114 59 30
377 21 109 163 220.62
615 93 171 160
378 24 67 241 36.13
102 20 16 18
379 20 5 71 369.71
880 783 369 330
380 129 97 287 72.08
139 144 108 474
381 32 7 264 19.50
24 124 48 26
382 1 132 217 141.71
203 357 827 465
383 2 68 274 190.32
526 132 116 109
384 53 72 255 34.09
53 57 73 392
385 50 34 280 36.56
41 272 59 48
386 5 29 253 56.57
77 158 387 82
387 105 1 278 133.56
217 503 465 208
388 61 76 287 152.52
208 465 971 243
389 121 100 282 4.11
6 24 6 7
390 9 18 96 47.17
80 95 95 413
391 117 18 225 178.67
248 1018 434 211
392 10 147 285 229.88
249 926 1563 395
393 72 61 239 79.78
89 436 351 140
394 79 185 287 28.83
36 183 70 34
395 18 33 264 93.03
207 259 108 69
396 31 85 275 46.26
51 347 65 84
397 76 13 234 22.67
34 102 80 23
398 160 83 288 436.67
1272 124 112 183
399 4 0 176 5.43
10 10 9 43
400 103 34 282 531.16
1022 1648 1163 1031
401 7 153 221 86.15
197 222 94 55
402 63 114 288 174.53
192 577 1327 356
403 36 35 287 12.90
15 79 39 24
404 85 9 163 25.87
48 35 66 192
405 19 37 288 105.55
150 185 480 878
406 57 44 115 17.57
22 109 41 31
407 112 152 287 124.42
161 524 638 194
408 56 148 272 65.38
99 123 163 702
409 43 116 287 73.75
103 120 252 833
410 16 42 281 76.49
144 112 104 696
411 78 123 287 38.15
59 223 38 53
412 7 89 280 422.38
882 1224 665 629
413 26 94 279 460.21
846 983 1945 906
414 5 18 154 70.97
127 106 183 559
415 3 83 277 95.90
130 375 475 187
416 74 28 269 62.80
80 399 118 120
417 43 0 88 800.37
1772 1546 1647 1328
418 61 81 281 163.61
224 245 1077 939
419 6 71 285 16.73
29 39 22 145
420 22 1 248 70.08
128 112 75 705
421 27 129 277 349.58
1014 108 136 88
422 21 113 202 112.09
317 58 62 35
423 43 13 142 5.24
6 40 6 7
424 31 1 150 285.21
800 142 166 182
425 7 207 264 14.03
13 119 22 14
426 113 10 176 69.00
195 31 35 44
427 21 72 184 82.84
132 159 122 957
428 64 42 195 71.21
203 32 34 25
429 34 86 232 53.56
110 187 46 87
430 2 157 272 99.09
281 52 48 32
431 59 120 287 237.00
423 1120 295 216
432 100 29 261 59.09
170 20 25 25
433 20 0 208 101.04
177 130 648 137
434 11 26 101 175.09
249 835 634 194
435 11 239 288 79.83
228 37 32 31
436 11 80 223 45.13
65 70 365 71
437 5 101 287 14.66
19 33 32 195
438 30 10 86 126.49
270 400 124 156
439 53 24 275 336.66
961 130 144 198
440 47 10 193 292.84
603 1083 304 166
441 56 26 247 76.82
121 103 602 63
442 27 29 216 10.24
15 13 57 73
443 181 101 288 55.98
156 31 38 30
444 19 217 274 281.33
448 868 1219 661
445 48 94 242 214.00
261 403 1713 820
446 29 125 288 9.63
14 62 9 10
447 15 250 287 188.27
263 469 1370 185
448 116 8 246 102.17
197 130 162 877
449 17 96 240 133.25
236 223 545 609
450 40 211 267 15.62
21 29 126 32
451 11 111 228 133.54
191 456 757 128
452 6 63 149 136.19
182 273 898 634
453 44 14 158 149.04
264 701 183 179
454 54 98 282 55.54
103 109 96 403
455 46 3 281 133.77
176 304 698 922
456 16 45 132 91.11
257 43 53 45
457 28 48 178 382.19
1081 199 194 149
458 58 167 287 86.34
156 104 143 893
459 95 34 263 53.40
86 87 107 594
460 17 46 202 135.02
380 73 77 54
461 27 127 163 83.87
183 267 75 57
462 22 137 257 356.67
567 1604 1055 322
463 114 46 247 391.84
948 874 301 183
464 56 7 251 85.56
158 117 151 777
465 85 33 155 310.89
762 627 201 282
466 90 31 186 122.82
325 156 64 82
467 1 78 272 6.77
9 47 8 5
468 43 53 192 42.15
102 84 40 34
469 47 41 288 72.57
102 82 664 87
470 13 9 103 214.68
397 392 817 770
471 151 23 241 9.54
26 7 8 5
472 109 2 286 362.43
781 1279 178 300
473 29 108 288 94.00
134 200 691 143
474 13 129 288 89.30
155 434 114 101
475 24 44 239 145.28
240 216 524 1128
476 9 174 281 666.62
1431 1865 1094 558
477 14 127 261 15.06
19 24 140 23
478 15 3 243 48.33
84 92 112 381
479 10 130 240 23.89
30 110 118 31
480 3 154 285 54.79
98 78 326 74
481 64 124 259 383.74
822 1347 244 297
482 8 46 287 304.47
870 142 111 132
483 64 46 286 322.42
500 1034 1114 1394
484 26 55 169 122.47
320 157 93 76
485 14 2 112 66.02
102 136 207 560
486 13 95 165 61.20
67 442 125 91
487 15 23 287 62.19
176 38 25 19
488 17 59 281 414.87
647 1473 1498 1186
489 6 12 288 386.23
1000 597 169 311
490 43 40 264 218.58
276 771 1342 443
491 94 15 183 205.73
567 148 111 153
492 96 1 177 338.61
483 1620 935 921
493 1 197 288 36.30
60 176 66 45
494 141 23 253 84.11
241 30 39 38
495 88 57 242 46.38
59 135 336 71
496 112 5 267 108.37
300 79 46 84
497 41 79 187 75.30
154 91 154 468
498 32 7 141 138.37
170 935 302 101
499 14 96 287 153.88
432 103 57 79
500 41 61 198 63.36
170 78 22 39
501 139 30 287 143.29
383 143 98 112
502 14 5 196 36.91
65 53 216 70
503 70 15 270 102.08
290 51 39 54
504 75 155 286 6.48
10 10 20 66
505 15 29 146 558.53
1178 1699 885 415
506 3 203 269 112.02
311 63 61 103
507 17 82 241 363.98
826 767 613 402
508 19 89 252 479.85
1024 1311 889 378
509 138 78 288 117.33
231 208 208 720
510 11 26 273 593.39
1511 918 467 416
511 2 250 286 78.16
129 123 126 900
512 72 108 287 70.01
130 89 169 555
513 79 52 235 102.52
166 568 116 104
514 91 40 202 277.81
388 803 1266 1452
515 107 16 287 3.83
5 9 10 46
516 11 100 246 47.24
81 73 282 94
517 2 10 228 52.70
76 108 93 669
518 57 47 134 14.42
27 23 17 133
519 16 15 258 238.22
644 193 214 117
520 82 41 258 32.77
49 67 63 382
521 54 3 287 4.79
7 6 38 12
522 36 34 143 469.98
879 1458 1406 513
523 38 71 265 52.84
98 106 68 423
524 69 70 288 224.24
331 508 1454 479
525 22 2 126 20.84
30 119 37 36
526 49 32 240 41.51
107 67 22 24
527 39 51 249 0.66
1 1 5 1
528 59 2 249 85.00
129 106 567 360
529 12 74 282 75.60
78 578 152 88
530 12 36 85 212.94
362 252 828 1584
531 20 67 268 122.42
159 461 708 186
532 104 55 202 627.74
1581 1035 499 483
533 6 10 89 224.71
305 547 1298 1058
534 65 2 191 496.32
1151 1383 241 381
535 9 132 287 315.44
723 767 322 360
536 50 7 151 10.38
14 15 89 23
537 15 215 287 48.07
60 355 40 61
538 44 8 171 49.62
50 391 85 69
539 20 24 285 80.35
100 170 406 698
540 52 20 275 14.14
25 20 18 156
541 35 9 168 411.74
1113 415 235 229
542 39 38 168 148.20
265 221 665 605
543 9 103 255 373.26
872 884 354 320
544 19 65 288 259.95
500 909 538 262
545 45 22 124 51.26
93 119 94 335
546 97 128 288 388.25
751 1475 622 343
547 21 115 169 187.83
345 263 583 1210
548 5 46 140 155.74
268 468 634 205
549 16 60 188 34.25
71 38 61 228
550 79 44 223 460.00
1295 271 247 143
551 16 39 287 4.25
7 8 9 41
552 21 81 259 99.96
190 150 293 559
553 24 0 77 37.24
55 101 97 318
554 46 209 287 167.01
220 601 1019 188
555 68 199 287 24.34
69 11 10 17
556 46 105 273 57.63
84 111 114 716
557 18 155 276 480.88
823 1662 1635 691
558 15 87 288 55.94
89 55 457 56
559 83 155 288 58.66
78 148 147 667
560 69 1 286 329.19
670 1250 304 274
561 52 44 212 19.71
37 32 23 179
562 13 11 279 5.94
8 15 9 78
563 51 77 287 31.13
50 43 58 380
564 37 13 235 530.85
1271 856 913 408
565 59 15 268 417.29
919 852 904 532
566 21 38 253 98.01
161 163 439 551
567 27 2 118 58.50
97 66 416 102
568 10 0 87 74.80
88 520 146 100
569 1 21 193 153.60
238 354 966 212
570 71 206 288 34.96
51 81 70 391
571 99 23 278 490.61
1283 709 238 318
572 86 63 199 52.11
102 73 94 383
573 10 76 239 165.56
316 684 205 161
574 25 63 261 85.99
157 170 256 440
575 28 169 288 506.91
1144 1416 458 397
576 45 33 115 343.94
416 1587 1628 799
577 160 86 268 50.32
77 77 390 53
578 12 6 179 368.02
572 1403 976 1496
579 112 8 270 109.78
161 251 540 586
580 45 70 219 540.95
1094 1490 997 1246
581 115 1 274 42.73
62 251 58 82
582 7 62 287 258.26
396 1021 972 442
583 58 204 288 145.49
414 74 55 65
584 79 38 287 161.68
237 321 602 1397
585 10 112 264 570.81
1388 842 923 493
586 40 46 273 51.03
90 113 113 347
587 93 17 180 109.76
164 701 77 119
588 61 81 217 151.81
229 151 1247 309
589 9 170 266 58.94
104 94 85 601
590 58 23 156 255.39
732 132 71 85
591 39 169 283 198.73
544 107 193 136
592 78 51 228 230.02
295 594 1583 713
593 10 34 211 56.71
152 58 36 40
594 54 54 208 145.52
240 806 116 184
595 106 43 171 107.88
310 49 35 35
596 14 133 287 132.64
341 229 54 77
597 15 199 259 118.62
177 164 863 353
598 2 1 162 316.76
479 858 1324 1555
599 23 93 268 52.91
107 87 65 363
600 4 1 97 114.95
180 250 450 723
601 81 153 287 252.22
392 378 1344 1426
602 11 212 285 10.76
20 12 16 110
603 35 2 117 291.25
454 646 1467 1169
604 33 15 276 2.96
4 8 19 8
605 27 214 288 545.63
1430 810 255 265
606 59 53 184 9.35
17 14 23 72
607 9 21 101 102.10
180 160 461 424
608 6 63 243 283.52
807 124 115 168
609 30 24 288 10.85
16 65 13 17
610 23 113 203 282.32
802 94 169 169
611 19 35 162 60.64
174 19 30 28
612 9 3 165 260.26
408 484 1552 810
613 36 34 288 749.79
1694 1621 1425 486
614 43 48 254 144.30
403 65 98 109
615 6 170 288 110.82
124 813 194 154
616 9 26 105 29.16
50 49 47 300
617 26 9 115 47.46
128 38 37 40
618 22 261 288 437.42
602 1737 1686 1608
619 94 27 268 94.98
108 153 864 344
620 20 9 230 137.91
128 635 978 217
621 13 195 287 15.62
23 28 105 49
622 45 50 136 270.83
674 519 166 203
623 101 3 199 86.34
249 28 31 43
624 38 36 152 189.40
465 388 102 184
625 26 55 244 37.89
55 81 274 52
626 51 65 287 195.91
526 145 175 190
627 68 168 259 81.47
135 433 86 107
628 57 32 255 81.99
147 144 96 808
629 59 53 195 83.49
126 123 525 371
630 18 6 118 101.02
195 122 280 644
631 155 19 241 70.15
86 105 679 109
632 133 46 227 112.37
191 163 603 414
633 124 31 240 43.23
50 68 425 86
634 7 176 284 25.49
38 51 170 60
635 64 19 163 219.83
613 116 126 175
636 70 52 287 194.15
357 301 594 1175
637 32 67 276 3.48
5 5 6 51
638 11 54 288 63.69
65 472 165 55
639 70 131 240 68.65
192 40 40 34
640 35 42 280 55.75
77 81 486 80
641 61 212 287 96.35
151 215 115 1112
642 99 21 288 125.48
235 203 631 180
643 31 156 287 37.92
108 19 13 19
644 48 53 282 30.07
57 33 170 43
645 82 53 263 199.20
571 65 105 80
646 44 59 216 29.41
83 18 9 18
647 29 95 287 407.77
754 1124 1466 497
648 11 7 192 36.34
73 53 40 286
649 3 14 209 9.91
19 18 12 78
650 14 32 200 327.92
860 393 258 223
651 49 56 162 368.16
910 671 340 238
652 56 58 288 6.70
13 12 12 43
653 92 98 288 79.52
225 44 33 37
654 7 75 288 22.48
33 37 50 284
655 17 197 287 270.95
779 91 122 110
656 62 107 287 302.83
863 168 85 134
657 48 103 281 112.81
215 477 132 97
658 48 63 282 265.29
289 1160 1109 1548
659 52 30 284 248.37
397 573 832 1631
660 57 157 285 34.21
57 57 59 369
661 85 8 182 212.40
601 116 102 75
662 13 99 247 115.14
320 78 60 67
663 100 3 131 102.10
272 104 63 100
664 64 78 286 39.70
73 54 47 412
665 81 85 288 134.40
196 683 398 132
666 124 3 273 50.37
91 100 72 426
667 15 139 283 169.95
216 447 1006 857
668 94 42 218 19.24
29 28 39 251
669 6 64 271 38.65
60 90 97 341
670 11 79 267 27.02
49 38 73 204
671 21 181 283 566.70
1507 718 312 246
672 41 70 236 223.04
311 725 1211 543
673 28 140 268 123.25
354 48 41 64
674 106 35 221 118.48
156 836 138 75
675 30 46 233 322.44
908 176 167 151
676 3 272 287 44.45
72 79 67 513
677 39 124 268 611.29
1117 1809 1844 1267
678 39 4 243 13.27
22 17 92 22
679 83 82 288 150.40
425 87 56 79
680 45 80 222 9.12
13 13 74 19
681 13 108 285 248.04
681 182 119 240
682 6 2 45 251.89
396 329 1434 1323
683 9 162 268 36.93
75 70 47 218
684 139 50 287 188.74
534 91 94 97
685 2 0 130 676.20
1345 1970 1586 871
686 13 191 269 58.55
74 428 46 80
687 2 11 158 42.10
72 104 56 360
688 84 20 218 81.85
237 28 27 28
689 12 19 219 13.70
22 21 98 16
690 38 2 131 55.37
158 24 25 23
691 26 16 288 433.14
907 1490 430 409
692 135 52 282 209.79
585 128 112 132
693 27 210 287 209.00
327 487 1294 269
694 19 38 247 162.60
206 642 956 199
695 23 10 155 195.70
559 70 87 120
696 97 109 287 216.94
422 326 792 764
697 58 25 140 369.78
1063 133 151 157
698 25 28 287 224.71
622 163 126 116
699 59 75 208 18.91
53 12 7 13
700 34 175 280 58.66
75 111 511 92
701 1 28 219 214.52
582 164 196 99
702 69 0 114 461.01
1310 194 272 157
703 94 136 288 102.52
147 238 130 1332
704 43 20 171 74.52
98 163 157 997
705 63 102 227 215.32
621 86 62 89
706 33 128 273 31.15
47 79 58 315
707 8 198 288 74.47
91 531 120 63
708 19 112 203 24.67
38 37 46 315
709 28 89 267 112.86
131 831 156 165
710 74 3 115 84.36
93 320 596 137
711 7 108 184 192.74
261 463 1359 443
712 12 109 264 250.93
689 201 149 134
713 4 87 194 272.92
761 149 168 180
714 75 86 254 18.16
26 116 19 23
715 52 16 251 305.98
643 1095 238 261
716 29 136 204 63.90
84 87 569 145
717 76 90 202 79.22
128 83 618 95
718 12 13 140 81.92
225 61 62 30
719 53 25 218 191.14
268 612 1164 220
720 15 68 287 28.47
36 195 38 47
721 82 45 268 198.85
546 139 134 135
722 12 24 208 10.36
16 60 13 11
723 73 55 213 53.21
73 356 63 49
724 43 37 153 15.58
19 115 19 14
725 20 73 139 404.01
785 1351 805 544
726 217 19 256 77.93
139 91 376 346
727 72 14 208 35.69
67 49 70 294
728 87 56 209 68.22
162 158 45 72
729 25 3 264 372.13
839 999 332 433
730 80 74 288 79.55
148 107 182 629
731 6 4 274 153.22
436 63 73 83
732 27 17 214 93.90
133 174 735 143
733 54 20 178 75.84
140 152 111 590
734 56 16 200 267.78
729 204 190 200
735 124 76 246 500.10
1190 1027 502 542
736 23 2 68 39.52
48 270 62 76
737 10 160 277 90.54
210 251 55 51
738 4 235 288 27.06
38 54 86 286
739 25 146 282 144.65
187 955 275 124
740 6 3 223 396.57
752 936 1132 1280
741 118 153 288 132.38
374 61 73 70
742 12 8 288 96.60
169 108 156 1110
743 71 12 287 12.12
34 6 6 10
744 81 4 90 108.19
295 85 75 70
745 24 178 253 219.52
313 784 1065 480
746 63 39 288 85.89
235 51 69 75
747 65 24 286 13.30
21 22 25 156
748 2 1 165 109.29
308 45 69 67
749 29 128 282 150.61
198 332 701 1241
750 33 27 165 32.73
93 17 13 14
751 6 92 287 36.95
63 62 73 359
752 128 17 288 154.51
197 530 994 241
753 42 1 227 384.44
716 1501 799 239
754 86 7 288 139.43
402 38 66 61
755 5 92 218 617.78
1549 857 816 407
756 31 0 287 3.12
3 6 34 5
757 38 54 259 165.93
286 639 482 178
758 11 26 264 65.05
73 486 81 127
759 28 4 199 1.67
4 2 3 3
760 7 45 233 147.47
226 446 819 137
761 76 14 278 232.63
443 224 721 1586
762 63 27 194 36.06
51 85 83 400
763 36 24 276 223.61
635 124 98 60
764 203 14 267 95.43
104 336 720 158
765 67 137 287 106.28
109 823 218 93
766 8 102 193 412.94
1079 557 277 246
767 6 29 224 209.39
339 232 1441 589
768 35 68 230 255.23
292 1076 1453 642
769 22 188 213 39.87
55 84 298 79
770 11 83 263 137.22
181 195 1176 370
771 32 143 267 44.14
74 221 61 58
772 38 33 288 258.26
706 217 158 142
773 117 36 258 465.07
1326 252 167 142
774 35 72 248 4.04
6 6 20 30
775 28 20 184 118.59
190 201 619 547
776 1 0 283 13.84
25 25 32 100
777 1 181 268 225.30
313 546 1474 622
778 12 5 282 84.55
124 166 395 575
779 37 110 244 344.48
861 620 259 231
780 38 1 213 378.29
1018 377 257 205
781 105 2 234 164.01
233 342 929 835
782 103 89 250 7.19
12 15 17 59
783 6 60 286 325.10
750 876 257 196
784 34 40 138 59.41
89 68 509 61
785 1 178 269 337.36
900 398 207 152
786 18 155 264 102.10
169 107 688 283
787 12 12 251 113.10
328 28 50 38
788 9 50 168 254.31
730 116 66 125
789 6 66 127 46.54
79 229 68 52
790 11 195 288 6.93
10 19 18 62
791 2 6 288 68.76
102 71 582 122
792 80 36 271 47.67
62 340 46 49
793 10 37 127 186.42
320 255 1085 520
794 65 5 175 45.55
124 36 28 39
795 24 72 230 278.14
779 192 91 175
796 9 0 100 288.38
616 940 278 275
797 25 37 171 113.71
215 148 130 1126
798 28 46 253 319.65
477 1391 1180 395
799 99 46 269 53.17
97 117 147 260
800 39 19 280 8.22
22 7 7 7
801 38 3 106 125.76
235 130 541 591
802 37 164 287 22.67
63 15 12 14
803 84 129 261 70.86
110 78 578 86
804 7 48 212 57.86
102 92 328 103
805 13 80 255 104.57
293 56 58 65
806 35 118 239 116.48
231 185 202 765
807 84 145 288 41.16
74 46 145 288
808 32 9 112 121.84
250 410 183 90
809 52 59 263 131.12
202 310 468 887
810 30 30 287 294.30
835 117 177 132
811 27 3 251 97.87
280 41 39 45
812 4 78 144 382.89
999 582 189 188
813 145 122 285 566.30
1376 1257 357 356
814 7 22 273 1.20
2 2 2 13
815 15 134 268 61.76
171 29 52 44
816 42 132 280 289.58
812 168 151 152
817 68 154 256 114.58
221 152 305 717
818 44 92 281 47.48
52 374 55 61
819 59 33 242 103.65
211 396 79 112
820 17 104 287 11.86
20 14 23 137
821 30 2 230 73.63
175 179 41 65
822 88 1 272 2.44
4 6 4 22
823 126 0 164 109.20
314 44 38 44
824 104 74 245 129.45
197 186 617 960
825 58 171 269 442.49
1266 184 193 173
826 3 52 175 165.60
459 109 80 136
827 20 10 228 63.06
96 98 317 412
828 44 6 86 7.78
13 7 60 8
829 159 78 288 25.94
36 62 47 320
830 49 18 157 194.05
362 302 602 1082
831 87 4 233 105.39
151 245 681 275
832 51 68 286 336.75
948 182 196 124
833 141 14 256 35.12
45 238 48 55
834 11 136 287 217.57
421 305 808 836
835 107 2 157 62.59
84 135 492 99
836 55 50 288 2.21
3 14 3 4
837 19 15 203 89.63
155 124 567 139
838 65 8 287 33.36
57 103 138 37
839 2 249 281 60.82
76 78 529 233
840 80 18 216 71.30
202 34 34 37
841 41 90 288 397.25
853 886 995 319
842 53 2 271 389.24
807 932 918 638
843 11 32 124 81.76
142 149 456 133
844 16 24 287 282.83
468 1304 642 291
845 25 3 226 19.55
31 50 29 190
846 13 102 271 148.15
254 507 498 233
847 5 28 100 85.42
132 162 608 86
848 16 0 279 74.31
120 277 287 78
849 26 4 226 355.52
638 908 1006 1465
850 27 24 168 70.53
89 207 522 91
851 6 0 121 158.98
438 112 109 81
852 21 245 288 35.59
52 94 93 319
853 33 79 199 29.41
41 174 66 24
854 3 42 164 38.39
54 50 93 542
855 66 40 286 151.63
182 977 420 135
856 109 19 275 3.01
8 3 2 3
857 69 97 217 80.70
113 136 689 67
858 13 58 231 166.64
301 512 583 177
859 4 119 259 358.13
417 1702 1443 1414
860 73 23 182 63.22
79 403 144 88
861 24 69 278 62.87
105 328 60 102
862 7 107 235 54.18
156 21 20 19
863 31 14 270 93.81
249 87 92 62
864 54 89 269 394.64
720 1532 759 604
865 4 25 77 77.01
156 93 125 565
866 27 122 190 389.75
630 1716 961 700
867 152 3 269 38.46
61 57 69 474
868 35 45 211 10.48
15 25 31 99
869 140 11 279 14.07
39 8 10 9
870 14 81 215 43.79
64 229 106 69
871 4 5 169 346.67
568 1499 917 473
872 102 84 255 155.67
233 145 1325 279
873 14 76 222 115.56
334 33 42 60
874 15 198 288 661.00
1576 1620 421 370
875 4 82 288 13.16
12 117 13 15
876 20 17 116 36.09
64 33 250 41
877 85 23 194 32.54
65 37 37 290
878 151 12 258 70.53
99 139 190 819
879 47 3 189 272.12
773 117 142 126
880 105 17 136 136.75
389 59 55 88
881 100 99 287 83.92
161 363 70 89
882 52 114 268 265.54
276 1489 1306 360
883 31 154 275 429.53
821 1518 956 323
884 67 120 288 369.31
875 754 406 396
885 75 155 287 491.60
798 1518 1742 1715
886 61 30 210 47.55
86 81 76 425
887 148 3 252 214.99
616 92 87 77
888 28 82 226 30.02
71 66 30 26
889 57 43 276 228.57
546 541 129 204
890 10 2 131 424.29
892 1429 534 217
891 6 68 281 102.17
173 121 172 1220
892 35 205 287 116.13
183 221 606 506
893 11 116 277 22.41
62 16 11 16
894 4 0 226 354.91
463 1376 1608 1281
895 29 192 277 371.36
680 1081 1220 604
896 28 50 163 270.69
364 670 1518 1380
897 14 25 255 112.11
135 838 127 114
898 49 3 187 48.63
72 73 386 71
899 78 13 105 646.96
1658 1072 391 328
900 11 31 272 65.12
80 449 76 153
901 101 39 255 227.20
353 298 1407 1021
902 6 12 287 34.96
72 66 49 184
903 1 0 213 29.48
50 35 194 62
904 66 79 287 240.73
432 356 874 1383
905 12 83 275 176.60
297 462 899 175
906 7 0 67 66.18
101 322 181 75
907 7 54 288 609.67
1177 1611 1718 1204
908 9 194 232 314.79
852 306 202 149
909 6 125 259 100.34
187 123 415 454
910 4 11 271 46.28
82 62 88 460
911 4 129 180 4.46
8 9 7 37
912 156 0 250 332.62
552 656 1567 1328
913 110 57 281 203.24
585 85 70 66
914 17 142 253 43.89
50 348 38 48
915 40 22 247 61.41
100 64 426 170
916 13 152 205 40.60
48 287 68 59
917 13 17 130 131.35
210 162 382 1401
918 46 11 185 168.38
232 697 783 262
919 98 1 252 214.05
619 65 66 118
920 24 121 185 211.56
596 99 131 102
921 8 0 242 208.71
271 676 1249 564
922 17 29 279 111.01
171 213 716 260
923 26 14 177 82.09
233 40 37 38
924 33 11 79 72.38
134 147 141 482
925 45 111 254 45.60
87 53 56 452
926 69 136 281 7.24
11 19 19 59
927 15 90 229 80.09
113 108 672 159
928 84 88 219 68.37
125 82 109 696
929 57 13 76 18.58
33 41 30 146
930 57 27 288 3.78
7 7 5 32
931 11 3 37 53.80
80 162 92 500
932 7 132 197 31.65
88 20 20 15
933 37 1 246 4.79
7 11 22 29
934 68 17 209 33.67
46 211 51 54
935 54 5 209 33.41
46 77 73 401
936 66 114 287 8.27
15 11 12 85
937 54 135 210 6.13
10 10 10 71
938 15 20 128 479.85
1098 825 1042 494
939 112 118 287 344.60
985 155 144 125
940 62 65 265 110.04
294 94 97 92
941 36 55 198 254.53
426 287 1447 1115
942 3 104 288 29.23
33 205 70 27
943 11 14 269 1.43
3 2 3 7
944 56 27 214 76.42
133 77 155 850
945 98 5 284 66.96
85 482 73 68
946 72 3 240 253.77
386 405 1644 895
947 6 210 249 8.81
16 12 12 91
948 46 36 207 53.49
96 141 226 58
949 127 8 207 42.85
113 45 34 39
950 7 152 249 60.59
112 63 114 594
951 8 3 194 185.48
503 156 145 95
952 73 109 276 138.23
199 256 690 950
953 65 26 276 24.39
40 32 61 260
954 33 80 234 71.84
112 178 128 700
955 39 40 247 103.42
128 508 473 140
956 67 159 258 50.89
64 65 498 79
957 27 96 285 40.06
98 75 34 40
958 13 1 149 610.96
1463 1096 854 528
959 40 103 288 339.90
937 236 228 186
960 70 7 221 109.31
158 121 636 806
961 23 84 246 315.47
493 900 1197 1432
962 83 49 281 118.52
246 151 239 670
963 12 16 288 80.79
84 447 409 104
964 32 192 284 70.60
88 94 686 119
965 4 1 110 56.97
106 72 148 429
966 18 23 273 429.86
1084 766 318 187
967 5 46 233 84.72
114 117 773 113
968 2 0 41 477.73
1025 1472 533 503
969 18 268 287 146.55
228 213 916 575
970 6 1 119 186.75
527 96 113 57
971 100 138 279 47.83
131 36 28 38
972 13 265 287 43.70
73 107 100 317
973 9 8 133 78.49
108 168 609 107
974 3 58 107 46.94
61 89 405 67
975 53 168 287 431.69
612 1728 1471 1681
976 8 35 146 156.65
442 88 60 96
977 90 63 278 505.36
1290 869 275 294
978 32 9 222 465.61
1009 1120 912 509
979 77 24 264 149.56
217 824 317 222
980 23 82 243 21.64
61 12 10 11
981 39 40 230 155.92
439 100 57 77
982 3 75 288 408.71
807 1145 1030 604
983 36 99 238 42.57
77 54 65 442
984 44 28 284 67.47
189 41 26 51
985 122 102 288 36.23
58 74 59 390
986 41 41 275 199.79
360 784 400 312
987 63 51 288 42.01
72 62 60 474
988 14 47 287 104.05
164 123 635 494
989 25 10 214 278.84
796 126 130 87
990 25 90 287 503.91
1312 716 334 265
991 65 23 199 88.66
118 191 679 191
992 18 125 197 238.10
654 169 150 172
993 15 148 288 97.21
257 108 63 90
994 50 29 220 119.98
233 237 247 640
995 12 7 248 542.72
1468 571 254 328
996 37 232 287 23.85
38 48 53 233
997 32 17 284 107.50
299 56 85 52
998 7 107 205 22.37
27 115 98 33
999 78 0 146 161.26
303 184 325 1420
1000 96 176 287 25.35
49 47 37 178
1001 23 221 288 70.15
107 101 476 233
1002 5 14 122 70.55
192 54 58 37
1003 36 68 287 156.04
434 80 123 80
1004 36 5 229 578.45
1214 1543 1257 483
1005 26 0 266 71.77
130 128 111 629
1006 31 48 264 56.08
154 38 33 51
1007 27 9 251 38.32
58 70 77 455
1008 57 38 265 61.51
51 578 53 64
1009 33 0 51 57.23
103 74 132 508
1010 4 73 192 37.85
61 190 59 69
1011 38 53 282 21.59
21 173 36 34
1012 7 205 238 396.73
1123 199 166 236
1013 36 124 255 203.99
363 186 1277 489
1014 33 50 271 353.03
1019 123 139 114
1015 55 170 256 124.44
137 825 334 236
1016 25 3 226 29.25
34 29 316 50
1017 43 12 130 6.81
13 14 8 50
1018 21 175 287 131.33
211 251 504 875
1019 27 10 198 55.12
84 80 96 738
1020 51 36 202 273.46
612 769 277 211
1021 194 3 265 48.91
78 78 235 286
1022 8 108 284 18.63
36 19 27 178
1023 7 0 272 201.03
590 44 61 43
1024 84 59 288 43.70
56 114 337 60
1025 9 19 142 47.74
72 82 351 76
1026 9 43 152 104.03
130 316 748 164
1027 102 30 251 382.61
948 680 337 300
1028 7 142 283 7.80
16 15 9 45
1029 49 8 136 142.77
253 199 625 688
1030 7 228 288 31.48
52 56 119 206
1031 64 143 287 24.55
39 32 47 309
1032 33 2 110 121.62
183 286 792 173
1033 6 172 260 46.54
77 64 320 71
1034 44 55 288 13.74
25 19 76 26
1035 11 0 268 137.20
378 106 58 114
1036 42 25 113 340.56
455 1419 1508 853
1037 25 2 282 44.59
84 94 58 324
1038 3 19 165 348.50
842 703 349 239
1039 12 200 285 17.46
30 27 30 182
1040 98 96 247 105.39
136 714 173 94
1041 14 27 275 107.15
304 50 46 63
1042 1 0 86 117.49
115 876 282 199
1043 4 0 78 594.59
1493 1186 227 395
1044 41 41 208 41.00
76 74 53 353
1045 2 36 248 267.47
458 504 1013 1435
1046 7 40 275 84.43
156 126 82 868
1047 7 116 286 104.94
192 179 111 1020
1048 72 0 178 100.17
279 67 54 49
1049 105 101 276 157.43
264 806 193 201
1050 29 76 224 3.17
9 1 2 2
1051 17 1 204 370.56
1014 331 158 268
1052 20 32 285 77.86
109 131 118 1159
1053 41 17 253 46.31
131 17 29 28
1054 84 29 208 333.96
884 393 190 280
1055 11 33 277 55.61
151 46 37 41
1056 46 29 238 91.86
138 176 197 1056
1057 64 45 235 214.89
321 1328 256 157
1058 6 74 273 109.10
310 53 41 63
1059 17 157 286 51.45
60 276 211 100
1060 76 7 208 297.45
802 270 230 163
1061 160 5 179 18.89
37 29 33 133
1062 3 94 288 242.85
260 1104 1541 303
1063 210 12 279 62.33
114 75 356 120
1064 127 59 288 43.81
60 293 48 50
1065 10 235 287 16.02
29 26 20 158
1066 15 43 269 210.15
507 498 99 155
1067 39 113 281 253.30
431 505 1066 1101
1068 65 105 243 48.75
87 92 67 447
1069 3 186 288 92.00
156 118 183 1012
1070 57 14 147 51.31
76 114 63 652
1071 31 130 285 501.53
1305 757 250 307
1072 21 153 272 108.00
225 118 214 665
1073 25 201 263 375.68
961 646 166 267
1074 76 26 198 15.65
30 18 31 130
1075 3 151 277 213.55
610 77 116 87
1076 7 68 219 44.83
63 197 189 57
1077 4 75 266 41.35
49 302 50 68
1078 30 31 275 87.75
130 519 119 120
1079 92 1 234 499.82
1252 926 292 385
1080 15 36 285 362.38
961 493 165 162
1081 6 86 159 684.05
1438 1663 1703 590
1082 54 142 270 87.04
230 94 68 67
1083 16 33 212 46.16
80 76 94 429
1084 26 11 265 175.52
488 104 99 129
1085 70 2 285 22.06
39 50 46 151
1086 22 4 224 8.53
12 16 20 107
1087 96 0 227 186.37
509 132 167 77
1088 20 50 210 45.20
61 105 131 493
1089 38 43 242 40.29
67 63 111 366
1090 56 159 288 97.26
175 478 76 104
1091 105 107 288 25.61
73 14 9 8
1092 59 22 176 47.13
134 23 19 23
1093 220 31 277 44.14
68 40 374 59
1094 4 120 278 160.36
223 564 731 550
1095 16 68 259 67.21
87 404 166 99
1096 16 19 59 7.14
12 9 10 89
1097 14 207 223 40.71
60 71 155 370
1098 195 57 287 333.23
737 1017 247 321
1099 114 57 288 99.52
194 126 238 666
1100 144 35 255 307.13
870 133 187 120
1101 84 51 287 108.40
272 188 76 90
1102 72 20 256 229.81
565 412 215 206
1103 115 25 275 48.07
86 100 144 254
1104 55 152 288 64.98
101 184 152 496
1105 23 10 241 113.94
320 55 73 59
1106 76 10 249 192.95
517 125 201 198
1107 5 212 255 195.13
301 360 1309 394
1108 58 4 172 47.79
89 74 253 60
1109 88 44 255 173.54
194 580 1303 325
1110 19 45 259 109.24
146 518 467 118
1111 19 69 288 36.74
70 71 40 291
1112 1 148 228 12.59
22 24 14 128
1113 2 196 218 42.17
41 339 73 58
1114 4 106 288 320.59
911 193 95 123
1115 99 84 278 35.12
98 22 17 23
1116 31 58 246 140.25
388 90 97 74
1117 9 93 288 333.25
753 968 244 251
1118 44 55 288 133.89
372 91 75 68
1119 8 35 219 63.13
100 274 203 59
1120 81 142 253 13.18
25 14 73 23
1121 52 6 101 43.11
61 282 43 49
1122 35 6 148 393.63
927 958 314 275
1123 39 23 249 26.59
75 14 14 12
1124 9 38 231 157.90
449 66 82 73
1125 6 45 183 212.38
330 1141 367 263
1126 44 32 241 154.82
447 40 68 76
1127 53 14 254 9.28
13 12 76 25
1128 56 65 288 36.25
100 19 26 34
1129 14 15 256 60.17
108 81 135 536
1130 10 25 103 354.47
564 954 1505 1320
1131 2 34 174 266.13
320 1441 1011 503
1132 4 11 152 236.67
297 782 1435 700
1133 28 50 287 720.30
1583 1236 1742 1306
1134 4 180 273 428.23
761 1540 1107 740
1135 4 82 138 132.78
165 927 193 175
1136 57 119 233 114.79
330 38 49 54
1137 11 88 285 53.12
106 58 102 399
1138 50 9 152 86.62
128 97 750 104
1139 47 85 165 62.54
114 93 117 553
1140 34 9 178 27.02
37 53 155 163
1141 66 105 217 11.54
20 35 44 18
1142 56 19 287 93.36
162 139 176 937
1143 28 7 233 386.60
926 966 202 190
1144 57 36 201 359.66
722 953 824 694
1145 98 6 189 12.57
17 23 30 168
1146 46 13 274 167.15
240 932 341 277
1147 42 125 270 3.10
4 22 3 4
1148 60 7 244 636.01
1522 1339 678 391
1149 24 38 266 339.99
536 1093 1090 1509
1150 40 71 281 42.19
70 244 24 36
1151 81 7 204 134.45
199 124 1105 355
1152 21 105 214 115.89
198 206 203 1137
1153 203 51 287 25.84
41 38 115 182
1154 15 215 285 28.50
41 40 68 383
1155 120 75 287 57.53
160 38 29 37
1156 8 17 239 138.61
173 218 1098 628
1157 5 120 212 374.83
747 1190 716 495
1158 69 173 288 10.34
29 6 5 6
1159 30 0 202 513.63
1068 1557 963 314
1160 17 79 158 33.95
44 59 236 180
1161 66 35 119 6.91
12 31 11 11
1162 16 34 111 14.42
17 107 20 15
1163 20 210 288 52.79
78 107 234 366
1164 10 5 126 92.00
249 52 100 74
1165 44 53 222 190.46
283 1088 301 279
1166 100 3 263 73.86
208 34 39 52
1167 12 0 230 34.79
97 15 25 28
1168 11 68 135 317.44
446 1042 1606 930
1169 8 2 194 92.05
147 364 303 162
1170 158 32 267 10.92
15 27 29 116
1171 61 3 93 175.85
237 393 826 1336
1172 59 177 277 124.37
175 250 747 600
1173 5 42 280 4.79
7 27 8 9
1174 44 73 253 249.71
502 904 312 265
1175 10 215 274 234.44
349 561 1267 876
1176 19 0 73 27.72
76 16 21 26
1177 7 97 222 14.45
41 8 5 7
1178 22 4 269 21.19
39 38 26 190
1179 37 152 287 13.70
21 24 95 27
1180 93 3 154 70.13
81 510 121 79
1181 125 9 288 91.67
231 138 84 86
1182 63 132 271 64.21
183 22 34 37
1183 10 0 122 441.23
956 1194 677 461
1184 132 56 196 143.54
404 70 64 116
1185 3 24 90 63.50
103 103 256 440
1186 66 14 218 294.32
478 1421 604 365
1187 65 11 287 402.04
882 983 669 478
1188 54 2 270 106.00
205 116 179 936
1189 21 258 287 202.49
582 99 57 60
1190 30 17 284 50.56
86 51 195 405
1191 187 14 288 465.71
1300 383 159 156
1192 24 103 134 56.74
89 59 470 52
1193 3 16 103 18.09
52 6 9 6
1194 10 11 281 549.29
1329 1316 272 283
1195 34 129 253 86.67
150 346 209 133
1196 169 44 238 82.44
105 157 193 1182
1197 17 19 249 134.08
179 533 700 202
1198 28 127 188 554.63
1277 992 1116 522
1199 115 72 258 71.98
125 91 405 231
1200 6 9 263 10.62
15 18 18 152
1201 28 193 265 365.46
678 1384 718 476
1202 25 0 285 50.72
60 91 486 74
1203 41 179 275 162.57
270 699 456 131
1204 52 1 145 12.43
24 12 16 125
1205 137 29 278 71.07
119 379 67 88
1206 58 15 233 108.16
172 219 466 607
1207 2 0 146 81.99
118 186 187 906
1208 13 2 153 196.45
568 53 83 85
1209 139 50 253 333.44
370 1804 1315 971
1210 42 53 270 86.31
117 181 222 1049
1211 25 61 136 61.83
112 100 87 590
1212 50 77 287 65.36
71 523 66 87
1213 150 113 280 40.55
75 77 51 343
1214 22 65 275 519.58
1023 1635 1067 755
1215 58 38 253 277.67
800 86 115 131
1216 139 37 232 21.94
27 148 38 36
1217 6 0 20 465.73
930 1352 1111 526
1218 92 42 282 13.27
15 101 15 22
1219 7 1 272 8.95
24 7 8 8
1220 81 119 287 71.11
118 142 184 581
1221 1 101 254 71.23
102 184 87 878
1222 48 122 288 398.87
1039 584 255 170
1223 125 124 288 225.98
652 69 102 80
1224 93 22 250 85.89
129 129 173 1117
1225 1 77 236 544.27
1304 1217 482 296
1226 15 60 282 105.44
144 733 91 91
1227 12 83 288 269.33
307 1210 1148 1240
1228 110 76 260 154.49
270 251 298 1447
1229 83 45 282 385.59
899 977 357 182
1230 5 60 288 33.27
50 47 54 467
1231 77 6 221 51.61
48 458 41 69
1232 57 15 195 35.59
49 221 67 32
1233 10 53 105 26.34
34 54 225 33
1234 19 172 270 7.68
12 40 14 11
1235 11 181 288 16.68
32 26 30 124
1236 10 0 286 463.26
1145 854 452 223
1237 20 35 239 86.15
107 234 658 151
1238 46 7 223 3.85
7 5 22 7
1239 42 15 167 56.92
155 38 47 45
1240 5 115 288 54.03
151 28 28 46
1241 14 117 277 349.27
566 1414 1119 463
1242 128 107 286 71.04
115 124 466 110
1243 11 117 287 77.93
145 94 90 825
1244 10 0 46 100.08
273 77 67 73
1245 53 89 275 170.54
209 1271 136 248
1246 103 151 280 297.33
719 602 246 292
1247 15 142 206 37.21
67 60 39 388
1248 62 3 217 147.21
411 93 61 111
1249 14 46 133 143.61
235 262 858 321
1250 29 4 110 267.26
460 360 1511 834
1251 19 74 245 355.45
827 741 487 355
1252 53 128 286 156.46
427 124 88 134
1253 5 209 267 13.70
24 20 15 157
1254 4 88 244 17.55
26 47 46 150
1255 21 78 120 45.72
76 63 321 51
1256 95 45 262 17.48
19 29 182 27
1257 17 1 262 193.61
299 186 1418 661
1258 84 46 213 156.61
205 210 1174 818
1259 74 7 166 53.07
69 370 62 59
1260 17 7 222 347.91
548 1121 1341 1092
1261 15 50 254 569.59
1335 1466 370 417
1262 66 0 174 105.41
175 149 336 918
1263 23 20 107 155.78
275 183 544 1144
1264 11 55 207 416.82
737 1136 1593 830
1265 25 117 287 2.58
7 2 2 2
1266 37 172 286 36.09
60 63 87 333
1267 9 2 88 363.46
909 700 217 211
1268 7 5 150 19.38
33 29 92 92
1269 97 71 245 4.91
6 7 49 6
1270 46 64 287 5.92
8 38 9 8
1271 123 83 258 47.48
48 99 486 80
1272 68 129 264 2.58
7 2 2 2
1273 5 82 266 212.92
297 554 1209 825
1274 21 76 180 114.65
318 77 57 83
1275 39 66 241 75.67
121 437 73 70
1276 7 260 288 9.80
16 22 18 91
1277 22 56 254 9.28
9 79 10 12
1278 6 30 243 205.10
577 126 72 130
1279 3 27 236 217.45
539 422 159 126
1280 13 2 160 147.35
297 513 186 203
1281 70 26 271 39.56
64 69 87 407
1282 98 42 243 477.22
1007 1390 818 409
1283 14 6 267 104.52
279 105 72 84
1284 30 189 288 215.81
608 123 110 85
1285 28 58 259 167.34
213 484 1159 371
1286 21 116 145 22.55
43 40 23 192
1287 9 220 280 207.59
300 757 841 683
1288 29 210 288 159.40
225 350 804 977
1289 7 275 288 3.29
6 6 7 24
1290 47 37 179 4.63
8 8 8 45
1291 2 63 207 20.37
39 37 38 134
1292 48 85 276 205.33
293 769 1000 331
1293 25 215 287 14.07
24 23 20 154
1294 24 0 169 24.01
34 39 202 25
1295 20 259 288 4.72
8 9 10 42
1296 60 112 288 218.56
443 700 333 335
1297 55 2 284 180.05
494 97 176 105
1298 130 128 278 150.92
229 631 550 225
1299 10 6 127 163.11
218 1108 213 141
1300 109 2 168 14.00
25 20 24 138
1301 28 4 241 136.80
156 998 252 141
1302 75 39 232 200.26
364 892 235 282
1303 52 26 160 13.91
39 8 8 6
1304 37 53 254 177.87
234 1264 134 235
1305 29 114 195 28.85
43 38 160 192
1306 3 0 100 56.83
78 109 177 646
1307 11 7 268 15.69
26 32 27 154
1308 59 26 239 161.70
457 95 69 62
1309 37 12 288 19.80
55 9 14 18
1310 28 2 203 73.89
116 164 186 657
1311 13 4 257 141.97
148 969 409 246
1312 16 15 277 559.21
1426 891 439 288
1313 39 94 287 92.21
146 190 127 1057
1314 36 23 276 82.91
117 129 710 84
1315 37 35 243 320.89
913 143 134 180
1316 31 35 173 32.89
96 9 9 11
1317 10 1 234 21.40
34 41 133 46
1318 104 56 221 166.68
478 64 80 51
1319 16 108 254 4.98
9 9 25 9
1320 15 102 144 207.49
596 92 61 90
1321 7 35 107 163.61
228 317 1179 463
1322 108 27 207 58.03
112 97 77 457
1323 48 3 172 545.04
1412 814 372 246
1324 25 199 287 204.81
352 797 597 205
1325 44 99 288 421.91
959 902 667 493
1326 157 1 203 23.21
42 32 47 210
1327 156 40 263 177.07
229 630 1137 167
1328 31 18 273 238.03
445 321 1110 719
1329 49 26 126 71.25
99 294 293 179
1330 14 27 288 97.52
256 129 51 78
1331 17 52 208 56.03
92 296 76 57
1332 4 1 181 242.92
366 811 1184 415
1333 59 20 108 34.82
62 61 41 349
1334 38 80 288 114.60
174 608 222 174
1335 97 34 251 176.46
259 586 971 185
1336 21 175 266 421.87
1056 813 260 214
1337 26 6 216 30.33
62 51 51 168
1338 78 22 263 47.24
78 244 59 69
1339 136 4 250 81.40
127 148 360 523
1340 10 63 247 236.04
352 698 1252 521
1341 7 108 235 168.75
473 111 60 108
1342 47 14 67 19.12
55 7 8 7
1343 46 6 130 3.90
6 8 10 38
1344 42 28 160 210.50
367 368 1041 636
1345 63 87 242 15.06
19 39 29 200
1346 82 57 288 367.81
864 848 356 304
1347 23 81 213 237.28
666 120 128 160
1348 27 232 287 369.88
614 1528 1074 416
1349 21 263 288 125.78
248 168 167 1044
1350 18 3 189 228.35
342 275 1499 1109
1351 28 71 287 51.24
87 77 315 102
1352 57 130 198 7.78
11 20 20 77
1353 59 0 101 37.42
61 53 71 438
1354 1 4 142 334.31
611 1131 887 509
1355 41 43 280 27.84
78 15 14 20
1356 61 33 269 243.62
420 1270 222 236
1357 24 4 179 36.60
105 13 19 11
1358 14 121 281 212.19
572 246 91 104
1359 114 21 227 217.43
331 478 937 1313
1360 9 181 287 64.23
127 123 63 461
1361 15 18 196 28.54
49 131 48 40
1362 4 3 31 95.83
226 232 75 69
1363 4 0 255 383.55
964 676 318 166
1364 67 4 288 14.45
21 25 29 188
1365 95 20 288 12.36
18 32 23 132
1366 26 46 165 37.10
52 77 272 76
1367 45 4 164 556.62
1344 1101 596 382
1368 31 48 231 60.68
84 393 66 96
1369 28 14 242 185.78
305 386 828 824
1370 15 8 183 352.56
736 774 928 525
1371 39 19 131 54.65
74 59 508 97
1372 9 2 65 72.19
80 292 491 95
1373 35 11 223 103.11
152 232 673 219
1374 37 40 261 60.94
103 79 388 139
1375 20 126 274 61.36
82 150 146 722
1376 84 90 287 54.32
93 122 68 508
1377 7 106 288 441.18
748 1758 1116 801
1378 34 43 215 149.30
183 1078 163 233
1379 2 6 237 24.69
39 141 23 36
1380 6 5 258 135.65
130 988 414 162
1381 2 14 115 57.58
97 298 50 99
1382 1 0 24 39.99
58 86 111 410
1383 60 98 288 420.48
1066 616 375 376
1384 77 28 261 385.52
811 974 825 484
1385 6 0 282 299.09
846 158 150 113
1386 1 75 230 523.45
1403 611 236 334
1387 6 12 223 170.73
469 154 88 63
1388 30 0 237 113.05
153 123 1066 169
1389 58 4 267 2.49
4 6 3 26
1390 145 70 287 110.28
230 403 72 121
1391 3 162 288 230.40
322 881 1169 318
1392 45 191 286 206.79
308 381 1195 957
1393 78 173 272 52.01
79 63 420 79
1394 10 164 285 48.68
62 366 29 48
1395 14 137 204 85.28
170 127 118 633
1396 18 180 260 314.74
681 1024 297 197
1397 36 101 287 155.22
251 247 989 374
1398 41 59 174 127.83
361 68 61 61
1399 41 35 239 91.67
84 784 144 86
1400 5 213 288 386.46
642 1271 1497 655
1401 26 147 247 242.14
345 1261 678 338
1402 43 31 142 83.14
160 91 187 652
1403 45 58 111 165.02
454 89 125 151
1404 11 22 223 358.18
630 867 1519 787
1405 10 20 98 444.09
1131 831 172 232
1406 5 254 288 126.13
178 240 684 789
1407 10 7 224 215.15
425 930 117 184
1408 97 4 279 57.04
67 113 504 143
1409 52 75 286 552.49
991 1739 1788 850
1410 114 8 161 75.65
165 220 93 64
1411 26 42 166 79.38
94 120 720 263
1412 14 13 242 65.71
118 95 114 632
1413 67 202 288 25.30
49 26 35 243
1414 3 120 262 215.10
621 73 77 89
1415 37 3 78 446.02
754 1902 938 847
1416 9 114 228 87.54
135 133 281 875
1417 43 36 254 337.41
947 189 180 177
1418 44 140 288 2.26
6 2 2 2
1419 76 11 252 78.19
152 115 382 91
1420 12 44 278 71.72
203 40 32 27
1421 3 20 252 188.11
263 658 777 797
1422 1 7 220 259.79
442 1410 219 202
1423 86 106 288 67.21
131 116 134 411
1424 11 25 140 220.58
294 458 1249 1401
1425 33 150 287 64.96
94 129 146 770
1426 97 2 222 340.04
801 754 343 312
1427 78 29 287 87.61
183 92 206 479
1428 16 63 172 41.63
52 311 36 39
1429 12 70 163 31.97
89 20 15 25
1430 81 46 221 113.00
306 96 85 68
1431 49 11 196 398.02
873 761 1045 347
1432 11 33 170 32.33
50 76 60 328
1433 3 40 241 54.93
103 57 87 551
1434 38 228 288 82.51
143 100 114 982
1435 10 4 215 341.80
562 936 1194 1485
1436 6 228 287 86.31
246 50 25 30
1437 19 30 186 58.17
64 463 58 75
1438 7 183 281 33.41
57 60 60 324
1439 44 85 285 14.92
42 7 8 10
1440 51 84 262 89.96
149 105 662 104
1441 68 49 243 103.06
172 163 200 1090
1442 73 6 149 109.20
306 73 51 43
1443 87 19 242 103.44
192 189 137 874
1444 16 90 288 225.16
241 789 1412 1019
1445 42 26 153 164.05
249 205 829 1224
1446 78 12 273 47.41
77 73 120 481
1447 75 32 284 383.93
1000 551 178 333
1448 78 4 286 356.67
964 403 155 167
1449 53 52 206 221.71
476 713 205 224
1450 12 10 265 297.14
842 181 109 99
1451 13 30 280 12.78
18 28 25 158
1452 19 2 255 81.57
118 486 117 128
1453 5 7 244 615.22
1273 1365 1593 1084
1454 155 12 288 75.84
206 46 68 70
1455 70 79 257 113.28
198 528 131 204
1456 7 8 32 15.72
25 30 103 23
1457 134 110 287 42.78
70 93 75 412
1458 134 6 235 88.64
130 109 628 370
1459 140 56 214 240.12
688 104 87 103
1460 57 3 121 132.13
373 80 42 78
1461 113 26 257 83.80
166 120 177 529
1462 16 117 287 308.21
883 92 180 121
1463 31 79 202 7.26
11 19 18 62
1464 2 10 19 64.91
182 34 40 33
1465 2 77 170 424.38
674 1617 1462 853
1466 7 77 287 227.44
378 871 682 412
1467 140 5 161 230.30
652 111 116 110
1468 143 19 250 25.23
72 11 11 11
1469 55 9 169 20.65
59 7 11 10
1470 136 13 243 24.69
46 39 37 216
1471 36 4 55 80.96
163 112 122 584
1472 40 217 287 612.21
1475 1528 277 271
1473 54 82 235 74.03
141 101 130 614
1474 14 46 167 29.81
42 65 60 366
1475 17 59 182 64.28
84 453 56 89
1476 5 250 288 712.55
1672 1278 1379 330
1477 8 8 242 245.50
399 1195 502 275
1478 3 40 241 52.98
100 67 110 434
1479 18 154 270 331.35
899 382 118 136
1480 16 28 181 468.01
1293 380 168 343
1481 96 138 277 58.15
68 391 143 64
1482 64 38 283 28.92
25 256 35 43
1483 26 192 287 50.18
145 19 15 19
1484 17 10 187 352.89
493 1657 1042 1064
1485 9 49 288 16.70
27 84 27 27
1486 59 41 288 539.07
1490 474 219 226
1487 12 106 264 67.82
189 47 26 48
1488 161 96 287 456.87
1252 396 261 209
1489 49 221 288 63.55
76 85 578 230
1490 11 223 287 455.04
1234 523 184 156
1491 17 23 281 113.59
153 164 839 523
1492 17 166 259 432.02
930 1333 532 306
1493 110 25 248 69.26
81 131 643 135
1494 64 25 288 4.35
5 32 7 5
1495 51 140 287 142.51
162 956 402 126
1496 14 31 288 388.39
698 1031 1600 467
1497 36 40 204 851.37
1876 1924 1259 1685
1498 9 1 121 377.21
737 967 880 1077
1499 57 154 287 421.16
1055 749 256 398
1500 146 22 271 77.46
140 97 181 684
1501 19 35 287 45.53
70 61 296 183
1502 49 84 259 484.64
1099 1306 463 399
1503 4 19 231 307.97
864 194 126 179
1504 32 119 287 21.92
27 123 74 38
1505 14 16 184 86.45
239 50 68 48
1506 9 267 288 118.48
235 146 171 973
1507 8 3 59 132.53
211 188 875 373
1508 4 276 287 42.71
78 65 71 389
1509 2 250 273 11.42
20 25 20 91
1510 12 32 241 27.72
23 260 24 30
1511 72 150 287 332.78
441 1677 1196 568
1512 60 3 205 400.23
1046 628 169 170
1513 144 0 252 80.68
155 163 100 575
1514 53 5 191 319.84
756 773 252 207
1515 32 153 267 6.25
9 11 15 77
1516 70 3 194 137.22
138 1121 175 196
1517 93 70 278 191.94
564 43 43 59
1518 127 55 288 49.81
89 57 74 555
1519 7 15 253 383.50
806 1118 705 276
1520 6 10 167 69.12
118 95 145 715
1521 214 50 288 48.40
87 63 100 453
1522 50 7 133 195.98
234 391 1480 933
1523 9 19 258 71.47
65 619 89 97
1524 16 142 259 52.91
78 118 73 660
1525 14 23 288 32.56
50 46 177 194
1526 29 106 249 24.50
37 55 165 30
1527 58 123 282 127.38
232 168 693 284
1528 13 146 280 82.04
136 144 393 370
1529 15 36 287 7.56
12 12 15 88
1530 45 91 283 37.14
62 58 65 409
1531 63 24 130 27.02
48 46 30 280
1532 50 50 223 87.28
119 118 711 273
1533 2 2 228 6.98
10 44 8 9
1534 19 37 179 53.73
102 110 101 327
1535 3 9 224 52.93
86 104 112 513
1536 76 44 286 59.53
102 96 81 656
1537 6 92 240 319.67
796 566 236 293
1538 36 84 257 187.59
530 97 72 130
1539 28 110 287 106.82
216 147 215 652
1540 129 155 288 59.58
166 44 26 28
1541 53 3 237 30.26
34 221 55 39
1542 10 10 186 364.17
559 1175 1720 710
1543 27 12 279 75.46
66 659 109 93
1544 59 157 287 53.96
83 130 83 579
1545 101 69 253 7.35
12 18 13 65
1546 38 111 257 492.61
1373 394 192 180
1547 46 187 288 10.55
15 65 17 10
1548 38 8 233 4.18
8 8 6 30
1549 153 75 287 46.54
62 64 437 47
1550 10 46 262 76.89
124 105 176 870
1551 38 66 256 79.15
214 49 73 80
1552 50 212 287 42.45
47 81 402 102
1553 84 2 275 406.17
595 1587 1625 948
1554 15 75 215 458.59
895 1176 1454 554
1555 47 16 157 83.47
142 117 553 108
1556 145 30 261 652.10
1516 1548 661 567
1557 113 7 242 52.91
143 43 32 57
1558 17 253 286 156.02
303 207 489 800
1559 24 110 280 119.02
329 81 61 95
1560 8 0 147 65.45
101 90 496 110
1561 6 1 196 9.94
27 8 7 7
1562 120 69 288 36.58
102 19 26 20
1563 84 36 220 14.64
21 24 24 209
1564 8 16 193 18.61
31 25 34 215
1565 43 53 285 2.42
4 5 5 22
1566 23 83 282 37.71
42 51 405 54
1567 18 84 178 52.37
70 78 471 73
1568 73 160 246 17.20
27 90 28 28
1569 22 140 282 20.09
28 124 34 23
1570 9 97 263 29.55
40 35 276 41
1571 15 99 269 464.93
1219 592 302 344
1572 14 237 288 2.61
4 7 6 22
1573 14 24 261 240.83
668 173 147 86
1574 7 26 73 147.47
300 582 111 109
1575 13 150 192 31.18
53 54 45 333
1576 103 16 230 36.20
39 291 39 44
1577 31 18 265 168.16
311 279 631 705
1578 29 131 260 101.82
176 137 650 159
1579 185 4 288 93.50
262 47 56 59
1580 99 84 287 36.32
100 22 30 20
1581 13 83 263 154.49
269 196 732 758
1582 22 74 204 69.14
109 57 543 160
1583 85 55 190 4.28
7 6 7 52
1584 53 0 280 40.38
70 64 91 365
1585 168 92 287 55.12
82 235 221 51
1586 146 37 251 189.31
290 311 1245 575
1587 58 20 163 13.23
24 22 70 21
1588 43 1 99 131.44
207 208 614 845
1589 8 0 56 321.81
845 402 235 192
1590 88 20 174 57.70
162 35 32 19
1591 55 166 286 188.42
545 55 57 111
1592 64 12 151 142.39
165 614 814 281
1593 17 55 283 76.19
168 241 52 64
1594 33 132 212 64.25
66 146 623 127
1595 42 8 271 91.27
141 423 256 130
1596 17 82 287 496.53
1316 707 199 192
1597 46 5 209 327.54
527 652 1685 1238
1598 3 35 187 82.11
146 89 543 98
1599 17 104 272 127.15
345 89 98 119
1600 16 28 260 110.89
166 580 271 114
1601 106 17 240 194.99
542 115 125 117
1602 96 19 146 12.62
20 35 69 14
1603 71 100 288 72.78
128 126 415 98
1604 45 6 157 43.16
121 25 20 28
1605 6 21 229 103.06
169 211 519 350
1606 139 38 288 4.96
9 10 9 37
1607 47 38 188 43.98
69 126 94 340
1608 17 73 282 70.43
97 135 555 125
1609 78 1 286 385.03
717 1331 895 568
1610 74 61 233 26.48
45 47 53 250
1611 20 63 245 254.78
312 1437 943 280
1612 71 4 116 231.60
364 723 852 889
1613 26 62 170 70.27
90 84 688 103
1614 37 13 139 116.43
212 145 127 1299
1615 26 22 267 56.41
68 404 73 91
1616 76 57 288 32.63
42 66 259 85
1617 22 70 179 150.85
216 746 521 117
1618 56 8 240 106.40
163 175 783 156
1619 15 53 223 80.51
138 158 213 595
1620 28 28 150 649.82
1581 1471 359 395
1621 46 107 196 45.65
78 112 69 377
1622 17 3 67 298.53
670 858 257 239
1623 1 0 77 48.37
61 351 46 60
1624 5 12 279 297.75
738 476 309 296
1625 69 19 286 319.37
902 171 141 171
1626 6 1 199 59.37
106 115 80 538
1627 37 0 44 314.32
424 841 1643 1634
1628 4 154 282 183.51
293 296 758 1305
1629 48 66 288 18.07
17 158 17 23
1630 33 21 216 266.53
431 320 1559 1233
1631 11 115 288 145.02
396 109 75 152
1632 7 65 154 14.05
25 29 28 105
1633 5 25 115 302.76
551 956 848 609
1634 87 31 213 285.09
823 86 108 139
1635 81 39 184 56.48
106 85 135 395
1636 7 12 103 85.33
120 144 579 362
1637 20 62 221 51.12
68 162 338 62
1638 25 11 208 320.68
381 1304 1752 900
1639 35 80 288 450.72
1060 961 520 422
1640 8 58 268 172.86
269 473 869 435
1641 9 89 285 2.37
3 16 4 3
1642 71 1 264 313.89
845 300 201 229
1643 49 42 224 137.32
186 482 826 143
1644 60 83 288 179.42
319 273 533 1286
1645 11 24 165 140.61
277 204 467 561
1646 38 194 269 17.50
37 19 20 130
1647 76 112 265 88.17
150 154 154 883
1648 10 193 276 378.24
967 632 191 284
1649 30 89 285 11.32
20 18 19 110
1650 61 16 287 73.77
138 117 115 627
1651 5 217 287 28.45
42 69 49 318
1652 36 73 213 60.92
88 80 519 83
1653 130 107 274 30.21
48 57 193 57
1654 16 30 106 66.70
185 42 41 41
1655 21 21 96 137.01
186 942 130 142
1656 54 38 286 250.30
634 436 161 148
1657 4 0 218 33.97
62 63 58 273
1658 33 224 288 107.83
135 151 1004 239
1659 66 69 262 14.64
23 80 19 23
1660 25 151 287 106.07
118 652 333 241
1661 5 65 245 263.22
536 1031 189 229
1662 15 92 247 75.93
117 447 73 107
1663 3 85 259 12.08
18 23 20 153
1664 36 1 274 19.45
32 19 151 21
1665 101 7 265 58.33
106 90 77 575
1666 17 70 250 103.11
157 579 152 150
1667 37 74 288 151.30
255 161 1126 135
1668 1 76 104 231.01
338 340 1366 1349
1669 17 47 183 17.38
20 101 60 37
1670 66 29 190 83.12
120 175 168 997
1671 92 106 285 189.05
242 677 1133 362
1672 15 225 273 81.47
102 524 175 118
1673 49 2 226 38.01
66 45 73 413
1674 7 4 235 41.09
63 90 67 463
1675 13 21 271 147.07
394 158 74 122
1676 27 22 283 15.65
31 23 21 121
1677 21 0 51 71.65
203 32 44 24
1678 5 42 281 49.10
67 73 288 357
1679 94 182 285 18.63
30 51 29 162
1680 89 69 245 225.70
374 712 948 339
1681 19 199 246 145.40
184 484 972 217
1682 41 16 178 327.97
642 1336 396 172
1683 82 48 278 26.64
43 145 33 31
1684 12 159 247 427.41
1119 539 310 290
1685 40 16 214 205.40
380 661 585 270
1686 57 52 234 260.02
464 437 1162 937
1687 60 23 256 527.49
1229 1357 376 424
1688 2 1 137 81.90
144 126 157 778
1689 25 112 261 152.49
227 219 1172 312
1690 52 131 265 8.13
9 59 15 13
1691 12 52 144 83.00
125 102 685 107
1692 15 32 148 155.17
268 298 507 945
1693 34 29 174 12.71
24 19 13 122
1694 56 27 163 129.89
129 992 289 169
1695 66 36 288 2.07
3 5 3 25
1696 18 39 286 131.09
187 596 511 152
1697 43 152 240 182.71
490 197 119 88
1698 17 48 288 119.30
273 328 83 106
1699 90 36 287 5.50
9 28 9 6
1700 16 29 287 203.10
367 496 860 299
1701 133 4 160 84.36
232 68 48 43
1702 41 26 144 76.94
214 37 57 54
1703 2 4 255 406.50
546 1799 1592 1078
1704 41 153 259 32.30
88 26 24 17
1705 35 21 224 216.44
312 1161 536 290
1706 69 208 287 27.11
46 52 67 220
1707 16 49 240 234.53
404 1224 207 241
1708 105 6 149 62.47
123 97 120 406
1709 8 3 157 27.77
54 48 52 178
1710 105 141 287 192.36
515 176 170 110
1711 18 32 225 54.48
150 34 41 35
1712 4 53 224 406.90
755 914 1485 1038
1713 48 9 253 145.82
424 45 48 40
1714 19 97 208 29.48
51 50 52 287
1715 68 51 275 269.80
518 1132 325 186
1716 88 109 262 32.19
51 122 123 44
1717 20 2 89 264.23
766 73 99 106
1718 63 60 250 39.30
68 89 57 340
1719 10 173 287 67.94
111 357 80 107
1720 2 263 288 175.28
326 331 551 802
1721 15 0 198 7.87
9 15 76 12
1722 30 80 287 67.78
85 130 578 149
1723 106 53 265 106.99
299 55 69 65
1724 105 158 287 19.22
34 41 91 37
1725 13 1 161 28.92
45 68 37 323
1726 1 13 250 100.39
138 381 520 158
1727 22 20 287 14.92
41 11 9 10
1728 6 0 191 161.63
279 323 542 921
1729 12 8 227 103.63
166 219 662 106
1730 28 102 203 231.95
662 117 79 96
1731 42 6 140 99.33
208 115 252 467
1732 92 98 253 85.56
123 306 453 96
1733 1 0 215 256.01
413 468 1082 1547
1734 71 150 280 120.12
348 39 38 48
1735 19 78 130 130.76
232 289 645 161
1736 68 119 288 155.88
442 82 66 69
1737 3 205 231 136.61
222 215 616 830
1738 55 19 223 130.48
167 860 221 194
1739 62 115 220 333.11
930 213 164 192
1740 41 156 273 34.77
45 64 217 224
1741 17 117 171 69.42
58 603 116 102
1742 30 3 181 39.28
58 105 58 429
1743 3 161 252 37.14
107 13 14 16
1744 147 25 206 54.13
105 82 69 450
1745 39 96 288 208.24
362 577 759 547
1746 7 90 287 138.75
388 62 93 102
1747 7 1 138 402.56
840 884 956 811
1748 24 35 222 145.07
204 193 1006 728
1749 85 10 286 41.35
67 78 74 440
1750 7 173 287 27.06
52 32 33 262
1751 29 93 199 353.88
640 917 1400 552
1752 53 2 62 44.68
67 54 337 128
1753 3 156 176 48.09
93 58 79 413
1754 17 51 150 168.78
310 232 908 332
1755 67 12 250 276.14
634 697 254 279
1756 25 5 123 217.45
604 125 145 135
1757 1 25 230 178.08
283 941 248 299
1758 45 1 270 17.20
49 8 7 8
1759 30 1 177 6.60
9 6 65 7
1760 9 72 156 15.81
22 24 136 21
1761 5 0 79 224.62
649 88 66 79
1762 7 41 215 81.69
122 134 212 943
1763 24 136 287 285.72
668 712 195 284
1764 8 120 247 76.89
214 44 47 51
1765 26 26 108 31.46
39 36 301 83
1766 12 67 183 28.40
38 43 244 60
1767 78 55 282 458.07
1024 1277 444 443
1768 150 104 288 25.51
38 32 52 354
1769 42 65 288 332.29
722 990 365 336
1770 31 57 283 74.05
104 429 139 131
1771 60 120 287 55.73
60 149 486 113
1772 135 3 274 119.53
219 223 187 979
1773 33 17 282 868.38
2036 1584 1437 833
1774 10 60 285 69.33
196 42 22 37
1775 41 1 188 86.57
168 150 118 647
1776 65 115 275 44.05
127 15 15 22
1777 11 9 82 1.74
4 3 3 3
1778 32 4 130 106.59
180 171 679 146
1779 72 155 287 157.87
194 283 784 1587
1780 134 42 216 66.91
126 87 106 611
1781 32 56 288 22.08
39 28 45 220
1782 10 61 176 167.39
223 807 662 258
1783 17 55 242 248.89
680 212 158 122
1784 55 220 288 125.57
213 225 408 872
1785 14 5 35 3.95
11 2 3 2
1786 25 6 210 251.54
238 1092 1591 917
1787 32 0 237 186.84
315 207 896 1130
1788 18 31 269 6.70
12 11 37 10
1789 148 84 280 13.16
25 25 21 93
1790 58 46 238 62.14
69 476 86 79
1791 82 15 240 55.66
108 61 98 478
1792 108 167 288 196.94
546 113 124 152
1793 8 1 207 121.81
343 61 63 74
1794 36 177 288 37.89
33 284 117 65
1795 9 7 191 287.89
829 97 130 97
1796 34 4 172 103.68
153 602 176 113
1797 14 165 229 206.39
285 756 1110 307
1798 35 76 287 162.36
266 417 812 312
1799 64 11 166 48.75
71 300 47 87
1800 9 27 95 255.32
389 784 1281 508
1801 10 7 116 349.41
846 680 361 267
1802 8 29 253 146.06
130 1222 260 211
1803 47 134 249 377.75
642 1339 1276 522
1804 42 71 288 190.69
298 279 1422 264
1805 101 4 265 42.52
113 41 41 23
1806 7 84 218 350.33
832 804 325 202
1807 17 103 287 569.64
1232 945 1527 1110
1808 80 96 287 286.88
537 1288 317 195
1809 44 43 200 265.43
750 145 125 113
1810 52 20 202 446.35
993 1229 510 390
1811 19 233 287 106.64
159 256 427 691
1812 50 113 285 51.38
136 58 43 23
1813 26 6 139 217.17
324 458 1212 910
1814 41 124 254 19.90
33 49 27 184
1815 7 142 285 360.93
909 621 283 208
1816 49 51 186 105.95
158 157 575 677
1817 24 180 283 132.45
232 202 306 1172
1818 34 193 287 202.21
579 80 77 107
1819 9 45 119 37.92
60 30 316 52
1820 74 3 284 417.05
949 1154 363 278
1821 99 57 256 121.91
339 63 97 60
1822 38 72 190 193.16
556 62 89 74
1823 83 69 245 632.44
1465 1120 1192 666
1824 49 39 287 187.38
529 108 74 98
1825 61 75 288 189.73
279 248 1247 932
1826 9 4 288 516.05
1120 1040 1270 626
1827 70 55 194 176.46
443 321 96 154
1828 13 56 257 508.65
1335 717 259 292
1829 26 241 288 3.62
5 25 3 3
1830 80 114 284 20.84
36 33 60 164
1831 16 26 286 19.01
54 8 10 9
1832 31 48 273 345.98
966 204 205 181
1833 61 22 232 163.68
260 486 820 229
1834 22 32 284 4.77
7 9 14 50
1835 14 4 281 112.93
175 233 176 1306
1836 36 80 247 60.07
167 29 43 46
1837 82 1 201 179.49
242 796 738 388
1838 23 252 288 45.37
70 52 376 43
1839 63 36 281 35.99
103 14 13 22
1840 46 8 85 331.37
633 968 1012 315
1841 5 224 271 23.85
35 53 66 234
1842 31 40 275 80.61
130 430 121 79
1843 168 18 240 226.85
283 974 1177 418
1844 39 134 259 264.35
514 898 557 248
1845 29 74 287 93.03
90 647 298 163
1846 21 166 288 422.81
971 1211 209 352
1847 75 88 263 3.99
5 8 6 64
1848 24 1 263 11.49
20 14 28 111
1849 119 12 258 228.38
643 103 139 132
1850 26 243 288 102.08
123 159 886 374
1851 8 15 287 31.41
53 58 56 309
1852 82 51 284 38.86
41 77 397 55
1853 13 244 288 714.90
1573 974 1842 1802
1854 136 14 282 145.21
312 483 133 98
1855 37 10 288 150.94
411 132 75 125
1856 77 5 86 9.84
21 14 14 55
1857 5 260 287 108.26
157 509 386 111
1858 131 0 243 37.21
75 52 47 284
1859 2 55 244 132.78
375 63 76 61
1860 2 0 142 501.44
909 1732 986 1450
1861 76 3 287 22.91
41 45 44 178
1862 37 28 169 11.98
17 21 99 11
1863 54 8 130 104.99
132 198 778 471
1864 43 36 201 7.75
12 8 64 10
1865 22 216 262 211.65
444 732 232 133
1866 22 21 254 375.63
570 1220 1741 867
1867 7 113 287 24.50
36 57 39 290
1868 98 4 254 94.21
115 661 138 141
1869 63 53 284 399.15
623 1671 897 1461
1870 57 9 262 48.02
63 94 130 620
1871 72 23 205 399.38
839 1389 406 275
1872 75 130 287 7.19
11 19 11 73
1873 112 55 275 136.66
385 69 66 88
1874 23 34 257 49.59
67 329 62 62
1875 40 108 288 227.25
341 524 1437 453
1876 8 0 158 642.44
1435 1465 1198 465
1877 158 94 287 27.77
54 60 48 150
1878 110 74 272 37.28
106 21 13 14
1879 41 191 283 89.13
246 58 59 58
1880 95 184 288 25.04
40 41 65 253
1881 32 3 51 163.87
294 392 723 237
1882 13 51 271 118.10
213 213 551 304
1883 7 72 287 53.49
98 77 77 520
1884 49 130 222 49.64
52 403 69 38
1885 27 17 209 146.34
168 812 573 295
1886 98 46 186 354.04
1033 101 83 139
1887 72 33 280 50.18
142 32 17 18
1888 52 211 273 100.48
167 510 145 119
1889 59 14 211 221.28
262 976 1244 335
1890 23 221 260 539.59
1345 1024 399 268
1891 6 2 214 113.97
157 781 102 106
1892 8 76 157 159.64
277 205 609 1084
1893 72 28 288 207.30
381 250 987 766
1894 90 173 287 335.48
785 890 201 218
1895 38 99 288 54.74
57 449 61 63
1896 45 186 276 67.05
110 93 460 115
1897 29 61 287 166.54
319 210 363 1267
1898 5 256 288 242.45
386 434 1334 946
1899 48 20 101 129.24
220 249 511 652
1900 185 46 287 53.28
109 92 81 304
1901 81 25 228 272.94
782 101 104 159
1902 11 68 143 139.53
286 174 303 807
1903 9 4 38 77.97
156 127 123 508
1904 87 2 253 81.80
119 366 317 84
1905 31 117 287 172.11
249 290 944 1082
1906 13 137 282 133.37
361 128 76 87
1907 16 93 248 3.57
5 6 29 6
1908 21 232 287 383.71
1096 167 157 174
1909 51 11 287 34.86
34 276 56 68
1910 64 115 282 58.22
163 36 27 34
1911 14 116 285 18.35
22 137 21 20
1912 32 8 268 454.10
1088 1050 359 229
1913 96 18 232 55.70
65 382 112 91
1914 69 153 288 37.61
63 86 73 315
1915 133 4 256 34.89
69 42 79 235
1916 22 22 177 168.02
228 407 1264 211
1917 113 92 288 2.91
4 8 7 30
1918 8 232 288 129.10
372 34 57 71
1919 168 6 236 7.21
12 14 10 77
1920 32 75 192 1.39
3 2 2 7
1921 31 199 287 98.23
276 62 39 53
1922 2 224 270 44.03
48 359 32 61
1923 22 6 267 93.41
264 43 51 49
1924 27 95 251 22.62
62 17 14 16
1925 35 18 147 158.86
220 1003 279 115
1926 22 0 278 102.20
148 206 200 1260
1927 99 168 288 88.52
168 106 106 886
1928 27 0 182 266.44
679 403 176 274
1929 43 2 231 361.30
806 991 323 476
1930 6 93 179 216.37
468 749 147 117
1931 10 3 90 320.05
858 318 227 203
1932 12 5 197 174.67
495 101 74 54
1933 29 148 288 89.27
154 120 187 910
1934 75 18 277 689.45
1537 1174 1730 847
1935 11 1 82 97.71
134 219 259 1108
1936 53 129 241 290.14
829 85 173 143
1937 51 24 220 55.21
66 68 577 68
1938 21 68 215 150.36
292 233 432 749
1939 40 198 287 388.72
1069 329 200 193
1940 60 11 225 75.77
105 222 152 785
1941 12 47 265 39.89
69 45 275 47
1942 19 3 124 118.24
227 199 211 836
1943 5 232 288 6.58
10 13 13 75
1944 60 81 276 41.23
71 71 66 416
1945 4 2 265 452.67
1275 241 241 213
1946 8 169 271 92.14
159 141 127 1019
1947 8 67 175 91.79
133 560 129 107
1948 21 73 287 203.29
366 467 728 672
1949 94 60 248 5.99
7 46 5 9
1950 81 44 171 60.35
95 69 135 762
1951 27 62 215 93.90
122 647 124 100
1952 89 3 240 18.21
36 18 27 163
1953 119 17 239 149.68
426 63 84 50
1954 46 24 259 187.76
318 299 878 887
1955 7 2 72 323.03
877 263 259 165
1956 66 145 247 79.08
222 50 33 42
1957 24 205 287 274.02
478 443 1152 1339
1958 14 143 180 162.64
262 321 1033 226
1959 8 109 179 493.43
1066 1237 946 476
1960 62 44 151 29.86
60 41 50 208
1961 23 126 277 1.41
3 3 2 5
1962 42 29 198 293.36
489 529 1357 1340
1963 5 14 248 54.03
96 107 72 491
1964 38 19 284 5.47
7 38 6 9
1965 1 0 96 12.78
34 12 11 10
1966 48 37 261 521.53
1370 705 337 230
1967 10 7 111 195.56
312 993 376 225
1968 3 0 44 4.04
7 7 7 39
1969 16 11 270 62.23
82 427 74 72
1970 2 218 270 91.32
202 283 60 90
1971 8 119 285 518.94
950 1625 1621 672
1972 70 172 278 317.32
912 87 173 132
1973 13 18 280 99.35
155 172 394 755
1974 64 14 136 22.18
63 8 13 12
1975 72 9 241 92.96
222 229 56 50
1976 13 21 288 259.79
340 996 1062 1186
1977 23 122 282 15.51
18 119 17 17
1978 11 7 233 631.47
1415 1627 915 358
1979 12 5 172 407.18
851 1013 929 521
1980 100 169 287 12.52
34 12 7 7
1981 50 53 246 56.55
93 97 356 102
1982 3 146 248 128.27
341 147 85 75
1983 14 31 288 37.28
53 52 323 43
1984 40 31 281 5.78
9 11 15 57
1985 26 245 288 73.75
97 143 159 1034
1986 22 20 195 135.72
268 507 143 218
1987 9 175 287 484.17
954 1106 1377 1181
1988 21 28 252 140.02
158 870 471 196
1989 9 168 288 34.39
99 13 15 9
1990 1 0 37 493.24
1339 606 144 143
1991 58 5 233 189.59
529 132 95 78
1992 12 222 274 363.35
1023 175 202 215
1993 40 100 288 405.52
1032 661 320 190
1994 23 80 191 226.22
443 993 134 180
1995 23 6 71 8.62
9 15 91 14
1996 11 68 248 56.52
57 95 626 71
1997 73 5 190 492.25
1224 953 328 302
1998 25 27 202 648.37
1217 1808 2020 1096
1999 63 8 230 51.92
133 78 40 34
